onset	duration	trial_type	sample	stim_file	subject	experiment	session	trial	task	item_name	item_num	recog_resp	recog_conf	resp	answer	test_x	test_y	test_z	color_r	color_g	color_b	case	font
378.102	n/a	SESS_START	189051	n/a	LTP267	ltpFR	7	n/a	n/a	n/a	n/a	1	5	n/a	n/a	0	0	0	n/a	n/a	n/a	n/a	n/a
481.416	n/a	START	240708	n/a	LTP267	ltpFR	7	n/a	n/a	n/a	n/a	n/a	n/a	n/a	n/a	n/a	n/a	n/a	n/a	n/a	n/a	n/a	n/a
481.466	n/a	PROB	240733	n/a	LTP267	ltpFR	7	n/a	n/a	n/a	n/a	n/a	n/a	n/a	16	6	4	6	n/a	n/a	n/a	n/a	n/a
486.072	n/a	PROB	243036	n/a	LTP267	ltpFR	7	n/a	n/a	n/a	n/a	n/a	n/a	n/a	10	5	2	3	n/a	n/a	n/a	n/a	n/a
488.884	n/a	PROB	244442	n/a	LTP267	ltpFR	7	n/a	n/a	n/a	n/a	n/a	n/a	n/a	25	7	9	9	n/a	n/a	n/a	n/a	n/a
492.258	n/a	PROB	246129	n/a	LTP267	ltpFR	7	n/a	n/a	n/a	n/a	n/a	n/a	n/a	18	6	4	8	n/a	n/a	n/a	n/a	n/a
494.466	n/a	PROB	247233	n/a	LTP267	ltpFR	7	n/a	n/a	n/a	n/a	n/a	n/a	n/a	8	1	4	3	n/a	n/a	n/a	n/a	n/a
501.416	n/a	STOP	250708	n/a	LTP267	ltpFR	7	n/a	n/a	n/a	n/a	n/a	n/a	n/a	n/a	n/a	n/a	n/a	n/a	n/a	n/a	n/a	n/a
567.3	n/a	START	283650	n/a	LTP267	ltpFR	7	n/a	n/a	n/a	n/a	n/a	n/a	n/a	n/a	n/a	n/a	n/a	n/a	n/a	n/a	n/a	n/a
568.818	n/a	PROB	284409	n/a	LTP267	ltpFR	7	n/a	n/a	n/a	n/a	n/a	n/a	n/a	6	1	4	1	n/a	n/a	n/a	n/a	n/a
570.758	n/a	PROB	285379	n/a	LTP267	ltpFR	7	n/a	n/a	n/a	n/a	n/a	n/a	n/a	11	2	4	5	n/a	n/a	n/a	n/a	n/a
575.3	n/a	STOP	287650	n/a	LTP267	ltpFR	7	n/a	n/a	n/a	n/a	n/a	n/a	n/a	n/a	n/a	n/a	n/a	n/a	n/a	n/a	n/a	n/a
576.184	n/a	WORD	288092	wordpools/wasnorm_wordpool_less_exclusions.txt	LTP267	ltpFR	7	1	0	LOUNGE	845	1	n/a	1	n/a	0	0	0	0.57763671875	0.412841796875	1	lower	zerothre.ttf
579.196	n/a	START	289598	n/a	LTP267	ltpFR	7	n/a	n/a	n/a	n/a	n/a	n/a	n/a	n/a	n/a	n/a	n/a	n/a	n/a	n/a	n/a	n/a
580.382	n/a	PROB	290191	n/a	LTP267	ltpFR	7	n/a	n/a	n/a	n/a	n/a	n/a	n/a	15	4	3	8	n/a	n/a	n/a	n/a	n/a
582.284	n/a	PROB	291142	n/a	LTP267	ltpFR	7	n/a	n/a	n/a	n/a	n/a	n/a	n/a	17	3	8	6	n/a	n/a	n/a	n/a	n/a
587.196	n/a	STOP	293598	n/a	LTP267	ltpFR	7	n/a	n/a	n/a	n/a	n/a	n/a	n/a	n/a	n/a	n/a	n/a	n/a	n/a	n/a	n/a	n/a
588.124	n/a	WORD	294062	wordpools/wasnorm_wordpool_less_exclusions.txt	LTP267	ltpFR	7	1	0	UNDERWEAR	1537	n/a	n/a	0	n/a	0	0	0	0.57763671875	0.412841796875	1	lower	zerothre.ttf
591.142	n/a	START	295571	n/a	LTP267	ltpFR	7	n/a	n/a	n/a	n/a	n/a	n/a	n/a	n/a	n/a	n/a	n/a	n/a	n/a	n/a	n/a	n/a
592.278	n/a	PROB	296139	n/a	LTP267	ltpFR	7	n/a	n/a	n/a	n/a	n/a	n/a	n/a	19	9	1	9	n/a	n/a	n/a	n/a	n/a
593.968	n/a	PROB	296984	n/a	LTP267	ltpFR	7	n/a	n/a	n/a	n/a	n/a	n/a	n/a	13	8	4	1	n/a	n/a	n/a	n/a	n/a
595.886	n/a	PROB	297943	n/a	LTP267	ltpFR	7	n/a	n/a	n/a	n/a	n/a	n/a	n/a	16	1	6	9	n/a	n/a	n/a	n/a	n/a
599.142	n/a	STOP	299571	n/a	LTP267	ltpFR	7	n/a	n/a	n/a	n/a	n/a	n/a	n/a	n/a	n/a	n/a	n/a	n/a	n/a	n/a	n/a	n/a
600.052	n/a	WORD	300026	wordpools/wasnorm_wordpool_less_exclusions.txt	LTP267	ltpFR	7	1	0	DRYER	503	n/a	n/a	1	n/a	0	0	0	0.57763671875	0.412841796875	1	lower	zerothre.ttf
603.07	n/a	START	301535	n/a	LTP267	ltpFR	7	n/a	n/a	n/a	n/a	n/a	n/a	n/a	n/a	n/a	n/a	n/a	n/a	n/a	n/a	n/a	n/a
604.108	n/a	PROB	302054	n/a	LTP267	ltpFR	7	n/a	n/a	n/a	n/a	n/a	n/a	n/a	16	5	2	9	n/a	n/a	n/a	n/a	n/a
606.064	n/a	PROB	303032	n/a	LTP267	ltpFR	7	n/a	n/a	n/a	n/a	n/a	n/a	n/a	12	6	2	4	n/a	n/a	n/a	n/a	n/a
607.704	n/a	PROB	303852	n/a	LTP267	ltpFR	7	n/a	n/a	n/a	n/a	n/a	n/a	n/a	14	8	5	1	n/a	n/a	n/a	n/a	n/a
609.876	n/a	STOP	304938	n/a	LTP267	ltpFR	7	n/a	n/a	n/a	n/a	n/a	n/a	n/a	n/a	n/a	n/a	n/a	n/a	n/a	n/a	n/a	n/a
612.038	n/a	WORD	306019	wordpools/wasnorm_wordpool_less_exclusions.txt	LTP267	ltpFR	7	1	0	PASTRY	1022	n/a	n/a	0	n/a	0	0	0	0.57763671875	0.412841796875	1	lower	zerothre.ttf
615.05	n/a	START	307525	n/a	LTP267	ltpFR	7	n/a	n/a	n/a	n/a	n/a	n/a	n/a	n/a	n/a	n/a	n/a	n/a	n/a	n/a	n/a	n/a
616.254	n/a	PROB	308127	n/a	LTP267	ltpFR	7	n/a	n/a	n/a	n/a	n/a	n/a	n/a	12	1	5	6	n/a	n/a	n/a	n/a	n/a
618.406	n/a	PROB	309203	n/a	LTP267	ltpFR	7	n/a	n/a	n/a	n/a	n/a	n/a	n/a	12	8	1	3	n/a	n/a	n/a	n/a	n/a
620.502	n/a	PROB	310251	n/a	LTP267	ltpFR	7	n/a	n/a	n/a	n/a	n/a	n/a	n/a	9	5	3	1	n/a	n/a	n/a	n/a	n/a
622.028	n/a	STOP	311014	n/a	LTP267	ltpFR	7	n/a	n/a	n/a	n/a	n/a	n/a	n/a	n/a	n/a	n/a	n/a	n/a	n/a	n/a	n/a	n/a
623.978	n/a	WORD	311989	wordpools/wasnorm_wordpool_less_exclusions.txt	LTP267	ltpFR	7	1	0	CHEMICAL	291	n/a	n/a	0	n/a	0	0	0	0.57763671875	0.412841796875	1	lower	zerothre.ttf
626.996	n/a	START	313498	n/a	LTP267	ltpFR	7	n/a	n/a	n/a	n/a	n/a	n/a	n/a	n/a	n/a	n/a	n/a	n/a	n/a	n/a	n/a	n/a
628.166	n/a	PROB	314083	n/a	LTP267	ltpFR	7	n/a	n/a	n/a	n/a	n/a	n/a	n/a	16	5	7	4	n/a	n/a	n/a	n/a	n/a
630.436	n/a	PROB	315218	n/a	LTP267	ltpFR	7	n/a	n/a	n/a	n/a	n/a	n/a	n/a	14	1	6	5	n/a	n/a	n/a	n/a	n/a
632.494	n/a	PROB	316247	n/a	LTP267	ltpFR	7	n/a	n/a	n/a	n/a	n/a	n/a	n/a	14	1	9	4	n/a	n/a	n/a	n/a	n/a
634.356	n/a	STOP	317178	n/a	LTP267	ltpFR	7	n/a	n/a	n/a	n/a	n/a	n/a	n/a	n/a	n/a	n/a	n/a	n/a	n/a	n/a	n/a	n/a
635.928	n/a	WORD	317964	wordpools/wasnorm_wordpool_less_exclusions.txt	LTP267	ltpFR	7	1	0	REFRIGERATOR	1179	n/a	n/a	1	n/a	0	0	0	0.57763671875	0.412841796875	1	lower	zerothre.ttf
638.94	n/a	START	319470	n/a	LTP267	ltpFR	7	n/a	n/a	n/a	n/a	n/a	n/a	n/a	n/a	n/a	n/a	n/a	n/a	n/a	n/a	n/a	n/a
639.828	n/a	PROB	319914	n/a	LTP267	ltpFR	7	n/a	n/a	n/a	n/a	n/a	n/a	n/a	11	2	1	8	n/a	n/a	n/a	n/a	n/a
641.434	n/a	PROB	320717	n/a	LTP267	ltpFR	7	n/a	n/a	n/a	n/a	n/a	n/a	n/a	14	7	2	5	n/a	n/a	n/a	n/a	n/a
644.422	n/a	PROB	322211	n/a	LTP267	ltpFR	7	n/a	n/a	n/a	n/a	n/a	n/a	n/a	19	4	7	8	n/a	n/a	n/a	n/a	n/a
646.67	n/a	STOP	323335	n/a	LTP267	ltpFR	7	n/a	n/a	n/a	n/a	n/a	n/a	n/a	n/a	n/a	n/a	n/a	n/a	n/a	n/a	n/a	n/a
647.774	n/a	WORD	323887	wordpools/wasnorm_wordpool_less_exclusions.txt	LTP267	ltpFR	7	1	0	BISCUIT	130	n/a	n/a	0	n/a	0	0	0	0.57763671875	0.412841796875	1	lower	zerothre.ttf
650.786	n/a	START	325393	n/a	LTP267	ltpFR	7	n/a	n/a	n/a	n/a	n/a	n/a	n/a	n/a	n/a	n/a	n/a	n/a	n/a	n/a	n/a	n/a
651.784	n/a	PROB	325892	n/a	LTP267	ltpFR	7	n/a	n/a	n/a	n/a	n/a	n/a	n/a	24	9	7	8	n/a	n/a	n/a	n/a	n/a
656.518	n/a	PROB	328259	n/a	LTP267	ltpFR	7	n/a	n/a	n/a	n/a	n/a	n/a	n/a	11	2	2	7	n/a	n/a	n/a	n/a	n/a
658.55	n/a	STOP	329275	n/a	LTP267	ltpFR	7	n/a	n/a	n/a	n/a	n/a	n/a	n/a	n/a	n/a	n/a	n/a	n/a	n/a	n/a	n/a	n/a
660.004	n/a	WORD	330002	wordpools/wasnorm_wordpool_less_exclusions.txt	LTP267	ltpFR	7	1	0	COLONEL	348	n/a	n/a	1	n/a	0	0	0	0.57763671875	0.412841796875	1	lower	zerothre.ttf
663.016	n/a	START	331508	n/a	LTP267	ltpFR	7	n/a	n/a	n/a	n/a	n/a	n/a	n/a	n/a	n/a	n/a	n/a	n/a	n/a	n/a	n/a	n/a
664.204	n/a	PROB	332102	n/a	LTP267	ltpFR	7	n/a	n/a	n/a	n/a	n/a	n/a	n/a	18	8	6	5	n/a	n/a	n/a	n/a	n/a
667.544	n/a	PROB	333772	n/a	LTP267	ltpFR	7	n/a	n/a	n/a	n/a	n/a	n/a	n/a	13	8	2	3	n/a	n/a	n/a	n/a	n/a
669.106	n/a	PROB	334553	n/a	LTP267	ltpFR	7	n/a	n/a	n/a	n/a	n/a	n/a	n/a	14	5	2	7	n/a	n/a	n/a	n/a	n/a
670.91	n/a	STOP	335455	n/a	LTP267	ltpFR	7	n/a	n/a	n/a	n/a	n/a	n/a	n/a	n/a	n/a	n/a	n/a	n/a	n/a	n/a	n/a	n/a
671.882	n/a	WORD	335941	wordpools/wasnorm_wordpool_less_exclusions.txt	LTP267	ltpFR	7	1	0	MONGOOSE	909	n/a	n/a	0	n/a	0	0	0	0.57763671875	0.412841796875	1	lower	zerothre.ttf
674.894	n/a	START	337447	n/a	LTP267	ltpFR	7	n/a	n/a	n/a	n/a	n/a	n/a	n/a	n/a	n/a	n/a	n/a	n/a	n/a	n/a	n/a	n/a
676.014	n/a	PROB	338007	n/a	LTP267	ltpFR	7	n/a	n/a	n/a	n/a	n/a	n/a	n/a	23	8	8	7	n/a	n/a	n/a	n/a	n/a
679.038	n/a	PROB	339519	n/a	LTP267	ltpFR	7	n/a	n/a	n/a	n/a	n/a	n/a	n/a	12	3	5	4	n/a	n/a	n/a	n/a	n/a
681.202	n/a	PROB	340601	n/a	LTP267	ltpFR	7	n/a	n/a	n/a	n/a	n/a	n/a	n/a	14	4	9	1	n/a	n/a	n/a	n/a	n/a
682.36	n/a	STOP	341180	n/a	LTP267	ltpFR	7	n/a	n/a	n/a	n/a	n/a	n/a	n/a	n/a	n/a	n/a	n/a	n/a	n/a	n/a	n/a	n/a
683.862	n/a	WORD	341931	wordpools/wasnorm_wordpool_less_exclusions.txt	LTP267	ltpFR	7	1	0	RATTLE	1170	n/a	n/a	1	n/a	0	0	0	0.57763671875	0.412841796875	1	lower	zerothre.ttf
686.874	n/a	START	343437	n/a	LTP267	ltpFR	7	n/a	n/a	n/a	n/a	n/a	n/a	n/a	n/a	n/a	n/a	n/a	n/a	n/a	n/a	n/a	n/a
687.944	n/a	PROB	343972	n/a	LTP267	ltpFR	7	n/a	n/a	n/a	n/a	n/a	n/a	n/a	21	9	3	9	n/a	n/a	n/a	n/a	n/a
689.846	n/a	PROB	344923	n/a	LTP267	ltpFR	7	n/a	n/a	n/a	n/a	n/a	n/a	n/a	17	1	7	9	n/a	n/a	n/a	n/a	n/a
694.874	n/a	STOP	347437	n/a	LTP267	ltpFR	7	n/a	n/a	n/a	n/a	n/a	n/a	n/a	n/a	n/a	n/a	n/a	n/a	n/a	n/a	n/a	n/a
696.092	n/a	WORD	348046	wordpools/wasnorm_wordpool_less_exclusions.txt	LTP267	ltpFR	7	1	0	MEADOW	881	n/a	n/a	1	n/a	0	0	0	0.57763671875	0.412841796875	1	lower	zerothre.ttf
699.104	n/a	START	349552	n/a	LTP267	ltpFR	7	n/a	n/a	n/a	n/a	n/a	n/a	n/a	n/a	n/a	n/a	n/a	n/a	n/a	n/a	n/a	n/a
700.04	n/a	PROB	350020	n/a	LTP267	ltpFR	7	n/a	n/a	n/a	n/a	n/a	n/a	n/a	17	8	7	2	n/a	n/a	n/a	n/a	n/a
707.104	n/a	STOP	353552	n/a	LTP267	ltpFR	7	n/a	n/a	n/a	n/a	n/a	n/a	n/a	n/a	n/a	n/a	n/a	n/a	n/a	n/a	n/a	n/a
708.216	n/a	WORD	354108	wordpools/wasnorm_wordpool_less_exclusions.txt	LTP267	ltpFR	7	1	0	SNAKE	1333	n/a	n/a	1	n/a	0	0	0	0.57763671875	0.412841796875	1	lower	zerothre.ttf
711.234	n/a	START	355617	n/a	LTP267	ltpFR	7	n/a	n/a	n/a	n/a	n/a	n/a	n/a	n/a	n/a	n/a	n/a	n/a	n/a	n/a	n/a	n/a
712.348	n/a	PROB	356174	n/a	LTP267	ltpFR	7	n/a	n/a	n/a	n/a	n/a	n/a	n/a	15	6	6	3	n/a	n/a	n/a	n/a	n/a
714.824	n/a	PROB	357412	n/a	LTP267	ltpFR	7	n/a	n/a	n/a	n/a	n/a	n/a	n/a	16	8	5	3	n/a	n/a	n/a	n/a	n/a
718.85	n/a	STOP	359425	n/a	LTP267	ltpFR	7	n/a	n/a	n/a	n/a	n/a	n/a	n/a	n/a	n/a	n/a	n/a	n/a	n/a	n/a	n/a	n/a
720.284	n/a	WORD	360142	wordpools/wasnorm_wordpool_less_exclusions.txt	LTP267	ltpFR	7	1	0	NUT	965	n/a	n/a	0	n/a	0	0	0	0.57763671875	0.412841796875	1	lower	zerothre.ttf
723.296	n/a	START	361648	n/a	LTP267	ltpFR	7	n/a	n/a	n/a	n/a	n/a	n/a	n/a	n/a	n/a	n/a	n/a	n/a	n/a	n/a	n/a	n/a
724.266	n/a	PROB	362133	n/a	LTP267	ltpFR	7	n/a	n/a	n/a	n/a	n/a	n/a	n/a	17	7	8	2	n/a	n/a	n/a	n/a	n/a
725.666	n/a	PROB	362833	n/a	LTP267	ltpFR	7	n/a	n/a	n/a	n/a	n/a	n/a	n/a	8	2	3	3	n/a	n/a	n/a	n/a	n/a
727.474	n/a	PROB	363737	n/a	LTP267	ltpFR	7	n/a	n/a	n/a	n/a	n/a	n/a	n/a	13	8	3	2	n/a	n/a	n/a	n/a	n/a
731.296	n/a	STOP	365648	n/a	LTP267	ltpFR	7	n/a	n/a	n/a	n/a	n/a	n/a	n/a	n/a	n/a	n/a	n/a	n/a	n/a	n/a	n/a	n/a
732.308	n/a	WORD	366154	wordpools/wasnorm_wordpool_less_exclusions.txt	LTP267	ltpFR	7	1	0	WHEAT	1602	n/a	n/a	0	n/a	0	0	0	0.57763671875	0.412841796875	1	lower	zerothre.ttf
735.326	n/a	START	367663	n/a	LTP267	ltpFR	7	n/a	n/a	n/a	n/a	n/a	n/a	n/a	n/a	n/a	n/a	n/a	n/a	n/a	n/a	n/a	n/a
736.258	n/a	PROB	368129	n/a	LTP267	ltpFR	7	n/a	n/a	n/a	n/a	n/a	n/a	n/a	14	6	2	6	n/a	n/a	n/a	n/a	n/a
737.762	n/a	PROB	368881	n/a	LTP267	ltpFR	7	n/a	n/a	n/a	n/a	n/a	n/a	n/a	18	7	8	1	n/a	n/a	n/a	n/a	n/a
743.326	n/a	STOP	371663	n/a	LTP267	ltpFR	7	n/a	n/a	n/a	n/a	n/a	n/a	n/a	n/a	n/a	n/a	n/a	n/a	n/a	n/a	n/a	n/a
744.158	n/a	WORD	372079	wordpools/wasnorm_wordpool_less_exclusions.txt	LTP267	ltpFR	7	1	0	SERPENT	1270	n/a	n/a	0	n/a	0	0	0	0.57763671875	0.412841796875	1	lower	zerothre.ttf
747.17	n/a	START	373585	n/a	LTP267	ltpFR	7	n/a	n/a	n/a	n/a	n/a	n/a	n/a	n/a	n/a	n/a	n/a	n/a	n/a	n/a	n/a	n/a
748.308	n/a	PROB	374154	n/a	LTP267	ltpFR	7	n/a	n/a	n/a	n/a	n/a	n/a	n/a	7	4	1	2	n/a	n/a	n/a	n/a	n/a
751.114	n/a	PROB	375557	n/a	LTP267	ltpFR	7	n/a	n/a	n/a	n/a	n/a	n/a	n/a	14	3	4	7	n/a	n/a	n/a	n/a	n/a
755.172	n/a	STOP	377586	n/a	LTP267	ltpFR	7	n/a	n/a	n/a	n/a	n/a	n/a	n/a	n/a	n/a	n/a	n/a	n/a	n/a	n/a	n/a	n/a
756.122	n/a	WORD	378061	wordpools/wasnorm_wordpool_less_exclusions.txt	LTP267	ltpFR	7	1	0	CUSHION	428	n/a	n/a	1	n/a	0	0	0	0.57763671875	0.412841796875	1	lower	zerothre.ttf
759.134	n/a	START	379567	n/a	LTP267	ltpFR	7	n/a	n/a	n/a	n/a	n/a	n/a	n/a	n/a	n/a	n/a	n/a	n/a	n/a	n/a	n/a	n/a
760.12	n/a	PROB	380060	n/a	LTP267	ltpFR	7	n/a	n/a	n/a	n/a	n/a	n/a	n/a	18	6	8	4	n/a	n/a	n/a	n/a	n/a
762.674	n/a	PROB	381337	n/a	LTP267	ltpFR	7	n/a	n/a	n/a	n/a	n/a	n/a	n/a	14	8	5	1	n/a	n/a	n/a	n/a	n/a
767.132	n/a	STOP	383566	n/a	LTP267	ltpFR	7	n/a	n/a	n/a	n/a	n/a	n/a	n/a	n/a	n/a	n/a	n/a	n/a	n/a	n/a	n/a	n/a
769.05	n/a	REC_START	384525	n/a	LTP267	ltpFR	7	1	n/a	n/a	n/a	n/a	n/a	n/a	n/a	0	0	0	n/a	n/a	n/a	n/a	n/a
770.3	n/a	REC_WORD	385150	wordpools/wasnorm_wordpool_less_exclusions.txt	LTP267	ltpFR	7	1	0	MONGOOSE	909	n/a	n/a	0	n/a	0	0	0	n/a	n/a	n/a	n/a	n/a
771.304	n/a	REC_WORD	385652	wordpools/wasnorm_wordpool_less_exclusions.txt	LTP267	ltpFR	7	1	0	SNAKE	1333	n/a	n/a	1	n/a	0	0	0	n/a	n/a	n/a	n/a	n/a
772.322	n/a	REC_WORD	386161	wordpools/wasnorm_wordpool_less_exclusions.txt	LTP267	ltpFR	7	1	0	SERPENT	1270	n/a	n/a	0	n/a	0	0	0	n/a	n/a	n/a	n/a	n/a
773.564	n/a	REC_WORD	386782	wordpools/wasnorm_wordpool_less_exclusions.txt	LTP267	ltpFR	7	1	0	REFRIGERATOR	1179	n/a	n/a	1	n/a	0	0	0	n/a	n/a	n/a	n/a	n/a
774.804	n/a	REC_WORD	387402	wordpools/wasnorm_wordpool_less_exclusions.txt	LTP267	ltpFR	7	1	0	PASTRY	1022	n/a	n/a	0	n/a	0	0	0	n/a	n/a	n/a	n/a	n/a
777.406	n/a	REC_WORD	388703	wordpools/wasnorm_wordpool_less_exclusions.txt	LTP267	ltpFR	7	1	0	NUT	965	n/a	n/a	0	n/a	0	0	0	n/a	n/a	n/a	n/a	n/a
781.046	n/a	REC_WORD	390523	wordpools/wasnorm_wordpool_less_exclusions.txt	LTP267	ltpFR	7	1	0	LOUNGE	845	n/a	n/a	1	n/a	0	0	0	n/a	n/a	n/a	n/a	n/a
859.796	n/a	WORD	429898	wordpools/wasnorm_wordpool_less_exclusions.txt	LTP267	ltpFR	7	2	1	GLACIER	638	n/a	n/a	1	n/a	0	0	0	0.422607421875	0.5869140625	0	upper	amplitud.ttf
863.9	n/a	WORD	431950	wordpools/wasnorm_wordpool_less_exclusions.txt	LTP267	ltpFR	7	2	1	MILK	895	n/a	n/a	0	n/a	0	0	0	0.422607421875	0.5869140625	0	upper	amplitud.ttf
868.066	n/a	WORD	434033	wordpools/wasnorm_wordpool_less_exclusions.txt	LTP267	ltpFR	7	2	1	BATH	98	n/a	n/a	0	n/a	0	0	0	0.422607421875	0.5869140625	0	upper	amplitud.ttf
871.998	n/a	WORD	435999	wordpools/wasnorm_wordpool_less_exclusions.txt	LTP267	ltpFR	7	2	1	SUGAR	1401	n/a	n/a	0	n/a	0	0	0	0.422607421875	0.5869140625	0	upper	amplitud.ttf
876.214	n/a	WORD	438107	wordpools/wasnorm_wordpool_less_exclusions.txt	LTP267	ltpFR	7	2	1	HERD	705	n/a	n/a	0	n/a	0	0	0	0.422607421875	0.5869140625	0	upper	amplitud.ttf
880.346	n/a	WORD	440173	wordpools/wasnorm_wordpool_less_exclusions.txt	LTP267	ltpFR	7	2	1	WELL	1600	n/a	n/a	0	n/a	0	0	0	0.422607421875	0.5869140625	0	upper	amplitud.ttf
884.194	n/a	WORD	442097	wordpools/wasnorm_wordpool_less_exclusions.txt	LTP267	ltpFR	7	2	1	FREEZER	604	n/a	n/a	0	n/a	0	0	0	0.422607421875	0.5869140625	0	upper	amplitud.ttf
888.322	n/a	WORD	444161	wordpools/wasnorm_wordpool_less_exclusions.txt	LTP267	ltpFR	7	2	1	CHECK	284	n/a	n/a	0	n/a	0	0	0	0.422607421875	0.5869140625	0	upper	amplitud.ttf
892.276	n/a	WORD	446138	wordpools/wasnorm_wordpool_less_exclusions.txt	LTP267	ltpFR	7	2	1	BANKER	84	n/a	n/a	1	n/a	0	0	0	0.422607421875	0.5869140625	0	upper	amplitud.ttf
896.44	n/a	WORD	448220	wordpools/wasnorm_wordpool_less_exclusions.txt	LTP267	ltpFR	7	2	1	OWL	992	n/a	n/a	1	n/a	0	0	0	0.422607421875	0.5869140625	0	upper	amplitud.ttf
900.656	n/a	WORD	450328	wordpools/wasnorm_wordpool_less_exclusions.txt	LTP267	ltpFR	7	2	1	ATTORNEY	58	n/a	n/a	1	n/a	0	0	0	0.422607421875	0.5869140625	0	upper	amplitud.ttf
904.872	n/a	WORD	452436	wordpools/wasnorm_wordpool_less_exclusions.txt	LTP267	ltpFR	7	2	1	ALBUM	14	n/a	n/a	0	n/a	0	0	0	0.422607421875	0.5869140625	0	upper	amplitud.ttf
909.05	n/a	WORD	454525	wordpools/wasnorm_wordpool_less_exclusions.txt	LTP267	ltpFR	7	2	1	CONDUCTOR	362	n/a	n/a	1	n/a	0	0	0	0.422607421875	0.5869140625	0	upper	amplitud.ttf
913.138	n/a	WORD	456569	wordpools/wasnorm_wordpool_less_exclusions.txt	LTP267	ltpFR	7	2	1	BATHTUB	100	n/a	n/a	0	n/a	0	0	0	0.422607421875	0.5869140625	0	upper	amplitud.ttf
917.12	n/a	WORD	458560	wordpools/wasnorm_wordpool_less_exclusions.txt	LTP267	ltpFR	7	2	1	SNORKEL	1336	n/a	n/a	0	n/a	0	0	0	0.422607421875	0.5869140625	0	upper	amplitud.ttf
921.236	n/a	WORD	460618	wordpools/wasnorm_wordpool_less_exclusions.txt	LTP267	ltpFR	7	2	1	WHISTLE	1606	n/a	n/a	0	n/a	0	0	0	0.422607421875	0.5869140625	0	upper	amplitud.ttf
924.248	n/a	START	462124	n/a	LTP267	ltpFR	7	n/a	n/a	n/a	n/a	n/a	n/a	n/a	n/a	n/a	n/a	n/a	n/a	n/a	n/a	n/a	n/a
925.212	n/a	PROB	462606	n/a	LTP267	ltpFR	7	n/a	n/a	n/a	n/a	n/a	n/a	n/a	20	8	6	8	n/a	n/a	n/a	n/a	n/a
928.944	n/a	PROB	464472	n/a	LTP267	ltpFR	7	n/a	n/a	n/a	n/a	n/a	n/a	n/a	15	9	5	1	n/a	n/a	n/a	n/a	n/a
932.246	n/a	STOP	466123	n/a	LTP267	ltpFR	7	n/a	n/a	n/a	n/a	n/a	n/a	n/a	n/a	n/a	n/a	n/a	n/a	n/a	n/a	n/a	n/a
934.214	n/a	REC_START	467107	n/a	LTP267	ltpFR	7	2	n/a	n/a	n/a	n/a	n/a	n/a	n/a	0	0	0	n/a	n/a	n/a	n/a	n/a
935.394	n/a	REC_WORD	467697	wordpools/wasnorm_wordpool_less_exclusions.txt	LTP267	ltpFR	7	2	1	GLACIER	638	n/a	n/a	1	n/a	0	0	0	n/a	n/a	n/a	n/a	n/a
936.326	n/a	REC_WORD	468163	wordpools/wasnorm_wordpool_less_exclusions.txt	LTP267	ltpFR	7	2	1	MILK	895	n/a	n/a	0	n/a	0	0	0	n/a	n/a	n/a	n/a	n/a
937.35	n/a	REC_WORD	468675	wordpools/wasnorm_wordpool_less_exclusions.txt	LTP267	ltpFR	7	2	1	BATH	98	n/a	n/a	0	n/a	0	0	0	n/a	n/a	n/a	n/a	n/a
938.45	n/a	REC_WORD	469225	wordpools/wasnorm_wordpool_less_exclusions.txt	LTP267	ltpFR	7	2	1	BATHTUB	100	n/a	n/a	0	n/a	0	0	0	n/a	n/a	n/a	n/a	n/a
939.426	n/a	REC_WORD	469713	wordpools/wasnorm_wordpool_less_exclusions.txt	LTP267	ltpFR	7	2	1	SUGAR	1401	n/a	n/a	0	n/a	0	0	0	n/a	n/a	n/a	n/a	n/a
940.532	n/a	REC_WORD	470266	wordpools/wasnorm_wordpool_less_exclusions.txt	LTP267	ltpFR	7	2	1	ATTORNEY	58	n/a	n/a	1	n/a	0	0	0	n/a	n/a	n/a	n/a	n/a
948.92	n/a	REC_WORD	474460	wordpools/wasnorm_wordpool_less_exclusions.txt	LTP267	ltpFR	7	2	n/a	LAWYER	806	n/a	n/a	n/a	n/a	0	0	0	n/a	n/a	n/a	n/a	n/a
957.076	n/a	REC_WORD	478538	wordpools/wasnorm_wordpool_less_exclusions.txt	LTP267	ltpFR	7	2	1	HERD	705	n/a	n/a	0	n/a	0	0	0	n/a	n/a	n/a	n/a	n/a
1001.022	n/a	REC_WORD	500511	wordpools/wasnorm_wordpool_less_exclusions.txt	LTP267	ltpFR	7	2	1	SNORKEL	1336	n/a	n/a	0	n/a	0	0	0	n/a	n/a	n/a	n/a	n/a
1037.826	n/a	WORD	518913	wordpools/wasnorm_wordpool_less_exclusions.txt	LTP267	ltpFR	7	3	1	GENTLEMAN	631	n/a	n/a	3	n/a	0	0	0	0.422607421875	0.5869140625	0	upper	amplitud.ttf
1038.852	n/a	KEY_MSG	519426	n/a	LTP267	ltpFR	7	3	n/a	n/a	n/a	n/a	n/a	n/a	n/a	0	0	0	n/a	n/a	n/a	n/a	n/a
1041.678	n/a	WORD	520839	wordpools/wasnorm_wordpool_less_exclusions.txt	LTP267	ltpFR	7	3	1	WOMAN	1620	n/a	n/a	1	n/a	0	0	0	0.422607421875	0.5869140625	0	upper	amplitud.ttf
1045.744	n/a	WORD	522872	wordpools/wasnorm_wordpool_less_exclusions.txt	LTP267	ltpFR	7	3	1	POLE	1097	n/a	n/a	0	n/a	0	0	0	0.422607421875	0.5869140625	0	upper	amplitud.ttf
1049.626	n/a	WORD	524813	wordpools/wasnorm_wordpool_less_exclusions.txt	LTP267	ltpFR	7	3	1	SCULPTURE	1258	n/a	n/a	0	n/a	0	0	0	0.422607421875	0.5869140625	0	upper	amplitud.ttf
1053.808	n/a	WORD	526904	wordpools/wasnorm_wordpool_less_exclusions.txt	LTP267	ltpFR	7	3	1	INVENTOR	743	n/a	n/a	1	n/a	0	0	0	0.422607421875	0.5869140625	0	upper	amplitud.ttf
1057.942	n/a	WORD	528971	wordpools/wasnorm_wordpool_less_exclusions.txt	LTP267	ltpFR	7	3	1	KITE	779	n/a	n/a	0	n/a	0	0	0	0.422607421875	0.5869140625	0	upper	amplitud.ttf
1061.968	n/a	WORD	530984	wordpools/wasnorm_wordpool_less_exclusions.txt	LTP267	ltpFR	7	3	1	TAG	1429	n/a	n/a	0	n/a	0	0	0	0.422607421875	0.5869140625	0	upper	amplitud.ttf
1066.19	n/a	WORD	533095	wordpools/wasnorm_wordpool_less_exclusions.txt	LTP267	ltpFR	7	3	1	CAPTAIN	239	n/a	n/a	1	n/a	0	0	0	0.422607421875	0.5869140625	0	upper	amplitud.ttf
1070.088	n/a	WORD	535044	wordpools/wasnorm_wordpool_less_exclusions.txt	LTP267	ltpFR	7	3	1	CORPORATION	382	n/a	n/a	1	n/a	0	0	0	0.422607421875	0.5869140625	0	upper	amplitud.ttf
1074.264	n/a	WORD	537132	wordpools/wasnorm_wordpool_less_exclusions.txt	LTP267	ltpFR	7	3	1	CENT	270	n/a	n/a	0	n/a	0	0	0	0.422607421875	0.5869140625	0	upper	amplitud.ttf
1078.302	n/a	WORD	539151	wordpools/wasnorm_wordpool_less_exclusions.txt	LTP267	ltpFR	7	3	1	GARAGE	621	n/a	n/a	1	n/a	0	0	0	0.422607421875	0.5869140625	0	upper	amplitud.ttf
1082.33	n/a	WORD	541165	wordpools/wasnorm_wordpool_less_exclusions.txt	LTP267	ltpFR	7	3	1	BRACELET	163	n/a	n/a	1	n/a	0	0	0	0.422607421875	0.5869140625	0	upper	amplitud.ttf
1086.468	n/a	WORD	543234	wordpools/wasnorm_wordpool_less_exclusions.txt	LTP267	ltpFR	7	3	1	SILK	1307	n/a	n/a	0	n/a	0	0	0	0.422607421875	0.5869140625	0	upper	amplitud.ttf
1090.382	n/a	WORD	545191	wordpools/wasnorm_wordpool_less_exclusions.txt	LTP267	ltpFR	7	3	1	BUG	187	n/a	n/a	1	n/a	0	0	0	0.422607421875	0.5869140625	0	upper	amplitud.ttf
1094.548	n/a	WORD	547274	wordpools/wasnorm_wordpool_less_exclusions.txt	LTP267	ltpFR	7	3	1	JEEP	753	n/a	n/a	1	n/a	0	0	0	0.422607421875	0.5869140625	0	upper	amplitud.ttf
1098.53	n/a	WORD	549265	wordpools/wasnorm_wordpool_less_exclusions.txt	LTP267	ltpFR	7	3	1	RUST	1219	n/a	n/a	0	n/a	0	0	0	0.422607421875	0.5869140625	0	upper	amplitud.ttf
1101.542	n/a	START	550771	n/a	LTP267	ltpFR	7	n/a	n/a	n/a	n/a	n/a	n/a	n/a	n/a	n/a	n/a	n/a	n/a	n/a	n/a	n/a	n/a
1102.696	n/a	PROB	551348	n/a	LTP267	ltpFR	7	n/a	n/a	n/a	n/a	n/a	n/a	n/a	25	9	8	9	n/a	n/a	n/a	n/a	n/a
1106.588	n/a	PROB	553294	n/a	LTP267	ltpFR	7	n/a	n/a	n/a	n/a	n/a	n/a	n/a	27	9	9	9	n/a	n/a	n/a	n/a	n/a
1108.822	n/a	STOP	554411	n/a	LTP267	ltpFR	7	n/a	n/a	n/a	n/a	n/a	n/a	n/a	n/a	n/a	n/a	n/a	n/a	n/a	n/a	n/a	n/a
1111.364	n/a	REC_START	555682	n/a	LTP267	ltpFR	7	3	n/a	n/a	n/a	n/a	n/a	n/a	n/a	0	0	0	n/a	n/a	n/a	n/a	n/a
1112.32	n/a	REC_WORD	556160	wordpools/wasnorm_wordpool_less_exclusions.txt	LTP267	ltpFR	7	3	1	GENTLEMAN	631	n/a	n/a	3	n/a	0	0	0	n/a	n/a	n/a	n/a	n/a
1113.678	n/a	REC_WORD	556839	wordpools/wasnorm_wordpool_less_exclusions.txt	LTP267	ltpFR	7	3	1	WOMAN	1620	n/a	n/a	1	n/a	0	0	0	n/a	n/a	n/a	n/a	n/a
1114.57	n/a	REC_WORD	557285	wordpools/wasnorm_wordpool_less_exclusions.txt	LTP267	ltpFR	7	3	1	KITE	779	n/a	n/a	0	n/a	0	0	0	n/a	n/a	n/a	n/a	n/a
1115.738	n/a	REC_WORD	557869	wordpools/wasnorm_wordpool_less_exclusions.txt	LTP267	ltpFR	7	3	1	TAG	1429	n/a	n/a	0	n/a	0	0	0	n/a	n/a	n/a	n/a	n/a
1116.922	n/a	REC_WORD	558461	wordpools/wasnorm_wordpool_less_exclusions.txt	LTP267	ltpFR	7	3	1	JEEP	753	n/a	n/a	1	n/a	0	0	0	n/a	n/a	n/a	n/a	n/a
1117.924	n/a	REC_WORD	558962	wordpools/wasnorm_wordpool_less_exclusions.txt	LTP267	ltpFR	7	3	1	RUST	1219	n/a	n/a	0	n/a	0	0	0	n/a	n/a	n/a	n/a	n/a
1119.044	n/a	REC_WORD	559522	wordpools/wasnorm_wordpool_less_exclusions.txt	LTP267	ltpFR	7	3	1	GARAGE	621	n/a	n/a	1	n/a	0	0	0	n/a	n/a	n/a	n/a	n/a
1124.274	n/a	REC_WORD	562137	wordpools/wasnorm_wordpool_less_exclusions.txt	LTP267	ltpFR	7	3	1	CAPTAIN	239	n/a	n/a	1	n/a	0	0	0	n/a	n/a	n/a	n/a	n/a
1191.938	n/a	START	595969	n/a	LTP267	ltpFR	7	n/a	n/a	n/a	n/a	n/a	n/a	n/a	n/a	n/a	n/a	n/a	n/a	n/a	n/a	n/a	n/a
1193.454	n/a	PROB	596727	n/a	LTP267	ltpFR	7	n/a	n/a	n/a	n/a	n/a	n/a	n/a	10	2	4	4	n/a	n/a	n/a	n/a	n/a
1195.902	n/a	PROB	597951	n/a	LTP267	ltpFR	7	n/a	n/a	n/a	n/a	n/a	n/a	n/a	11	1	2	8	n/a	n/a	n/a	n/a	n/a
1197.502	n/a	PROB	598751	n/a	LTP267	ltpFR	7	n/a	n/a	n/a	n/a	n/a	n/a	n/a	15	5	8	2	n/a	n/a	n/a	n/a	n/a
1198.914	n/a	STOP	599457	n/a	LTP267	ltpFR	7	n/a	n/a	n/a	n/a	n/a	n/a	n/a	n/a	n/a	n/a	n/a	n/a	n/a	n/a	n/a	n/a
1200.922	n/a	WORD	600461	wordpools/wasnorm_wordpool_less_exclusions.txt	LTP267	ltpFR	7	4	0	PANTS	1010	n/a	n/a	0	n/a	0	0	0	0.57763671875	0.412841796875	1	lower	zerothre.ttf
1203.934	n/a	START	601967	n/a	LTP267	ltpFR	7	n/a	n/a	n/a	n/a	n/a	n/a	n/a	n/a	n/a	n/a	n/a	n/a	n/a	n/a	n/a	n/a
1205.148	n/a	PROB	602574	n/a	LTP267	ltpFR	7	n/a	n/a	n/a	n/a	n/a	n/a	n/a	21	7	6	8	n/a	n/a	n/a	n/a	n/a
1208.518	n/a	PROB	604259	n/a	LTP267	ltpFR	7	n/a	n/a	n/a	n/a	n/a	n/a	n/a	7	2	2	3	n/a	n/a	n/a	n/a	n/a
1210.364	n/a	STOP	605182	n/a	LTP267	ltpFR	7	n/a	n/a	n/a	n/a	n/a	n/a	n/a	n/a	n/a	n/a	n/a	n/a	n/a	n/a	n/a	n/a
1212.984	n/a	WORD	606492	wordpools/wasnorm_wordpool_less_exclusions.txt	LTP267	ltpFR	7	4	0	CAKE	219	n/a	n/a	1	n/a	0	0	0	0.57763671875	0.412841796875	1	lower	zerothre.ttf
1215.996	n/a	START	607998	n/a	LTP267	ltpFR	7	n/a	n/a	n/a	n/a	n/a	n/a	n/a	n/a	n/a	n/a	n/a	n/a	n/a	n/a	n/a	n/a
1216.966	n/a	PROB	608483	n/a	LTP267	ltpFR	7	n/a	n/a	n/a	n/a	n/a	n/a	n/a	20	2	9	9	n/a	n/a	n/a	n/a	n/a
1218.506	n/a	PROB	609253	n/a	LTP267	ltpFR	7	n/a	n/a	n/a	n/a	n/a	n/a	n/a	14	3	4	5	n/a	n/a	n/a	n/a	n/a
1220.356	n/a	PROB	610178	n/a	LTP267	ltpFR	7	n/a	n/a	n/a	n/a	n/a	n/a	n/a	12	6	4	2	n/a	n/a	n/a	n/a	n/a
1223.996	n/a	STOP	611998	n/a	LTP267	ltpFR	7	n/a	n/a	n/a	n/a	n/a	n/a	n/a	n/a	n/a	n/a	n/a	n/a	n/a	n/a	n/a	n/a
1225.062	n/a	WORD	612531	wordpools/wasnorm_wordpool_less_exclusions.txt	LTP267	ltpFR	7	4	0	VOLLEYBALL	1576	n/a	n/a	1	n/a	0	0	0	0.57763671875	0.412841796875	1	lower	zerothre.ttf
1228.076	n/a	START	614038	n/a	LTP267	ltpFR	7	n/a	n/a	n/a	n/a	n/a	n/a	n/a	n/a	n/a	n/a	n/a	n/a	n/a	n/a	n/a	n/a
1229.196	n/a	PROB	614598	n/a	LTP267	ltpFR	7	n/a	n/a	n/a	n/a	n/a	n/a	n/a	15	7	5	3	n/a	n/a	n/a	n/a	n/a
1230.98	n/a	PROB	615490	n/a	LTP267	ltpFR	7	n/a	n/a	n/a	n/a	n/a	n/a	n/a	15	5	4	6	n/a	n/a	n/a	n/a	n/a
1232.652	n/a	PROB	616326	n/a	LTP267	ltpFR	7	n/a	n/a	n/a	n/a	n/a	n/a	n/a	15	2	7	6	n/a	n/a	n/a	n/a	n/a
1236.076	n/a	STOP	618038	n/a	LTP267	ltpFR	7	n/a	n/a	n/a	n/a	n/a	n/a	n/a	n/a	n/a	n/a	n/a	n/a	n/a	n/a	n/a	n/a
1237.16	n/a	WORD	618580	wordpools/wasnorm_wordpool_less_exclusions.txt	LTP267	ltpFR	7	4	0	JEANS	752	n/a	n/a	1	n/a	0	0	0	0.57763671875	0.412841796875	1	lower	zerothre.ttf
1240.172	n/a	START	620086	n/a	LTP267	ltpFR	7	n/a	n/a	n/a	n/a	n/a	n/a	n/a	n/a	n/a	n/a	n/a	n/a	n/a	n/a	n/a	n/a
1241.354	n/a	PROB	620677	n/a	LTP267	ltpFR	7	n/a	n/a	n/a	n/a	n/a	n/a	n/a	4	1	1	2	n/a	n/a	n/a	n/a	n/a
1243.06	n/a	PROB	621530	n/a	LTP267	ltpFR	7	n/a	n/a	n/a	n/a	n/a	n/a	n/a	5	1	2	2	n/a	n/a	n/a	n/a	n/a
1244.664	n/a	PROB	622332	n/a	LTP267	ltpFR	7	n/a	n/a	n/a	n/a	n/a	n/a	n/a	8	1	1	6	n/a	n/a	n/a	n/a	n/a
1246.078	n/a	PROB	623039	n/a	LTP267	ltpFR	7	n/a	n/a	n/a	n/a	n/a	n/a	n/a	16	5	5	6	n/a	n/a	n/a	n/a	n/a
1247.35	n/a	STOP	623675	n/a	LTP267	ltpFR	7	n/a	n/a	n/a	n/a	n/a	n/a	n/a	n/a	n/a	n/a	n/a	n/a	n/a	n/a	n/a	n/a
1249.15	n/a	WORD	624575	wordpools/wasnorm_wordpool_less_exclusions.txt	LTP267	ltpFR	7	4	0	RICE	1190	n/a	n/a	0	n/a	0	0	0	0.57763671875	0.412841796875	1	lower	zerothre.ttf
1252.168	n/a	START	626084	n/a	LTP267	ltpFR	7	n/a	n/a	n/a	n/a	n/a	n/a	n/a	n/a	n/a	n/a	n/a	n/a	n/a	n/a	n/a	n/a
1253.288	n/a	PROB	626644	n/a	LTP267	ltpFR	7	n/a	n/a	n/a	n/a	n/a	n/a	n/a	10	2	3	5	n/a	n/a	n/a	n/a	n/a
1255.574	n/a	PROB	627787	n/a	LTP267	ltpFR	7	n/a	n/a	n/a	n/a	n/a	n/a	n/a	21	7	9	3	n/a	n/a	n/a	n/a	n/a
1258.958	n/a	STOP	629479	n/a	LTP267	ltpFR	7	n/a	n/a	n/a	n/a	n/a	n/a	n/a	n/a	n/a	n/a	n/a	n/a	n/a	n/a	n/a	n/a
1261.386	n/a	WORD	630693	wordpools/wasnorm_wordpool_less_exclusions.txt	LTP267	ltpFR	7	4	0	FLANNEL	574	n/a	n/a	0	n/a	0	0	0	0.57763671875	0.412841796875	1	lower	zerothre.ttf
1264.398	n/a	START	632199	n/a	LTP267	ltpFR	7	n/a	n/a	n/a	n/a	n/a	n/a	n/a	n/a	n/a	n/a	n/a	n/a	n/a	n/a	n/a	n/a
1265.334	n/a	PROB	632667	n/a	LTP267	ltpFR	7	n/a	n/a	n/a	n/a	n/a	n/a	n/a	16	6	2	8	n/a	n/a	n/a	n/a	n/a
1266.522	n/a	PROB	633261	n/a	LTP267	ltpFR	7	n/a	n/a	n/a	n/a	n/a	n/a	n/a	16	6	1	9	n/a	n/a	n/a	n/a	n/a
1267.726	n/a	PROB	633863	n/a	LTP267	ltpFR	7	n/a	n/a	n/a	n/a	n/a	n/a	n/a	9	4	1	4	n/a	n/a	n/a	n/a	n/a
1269.634	n/a	PROB	634817	n/a	LTP267	ltpFR	7	n/a	n/a	n/a	n/a	n/a	n/a	n/a	16	1	9	6	n/a	n/a	n/a	n/a	n/a
1272.39	n/a	STOP	636195	n/a	LTP267	ltpFR	7	n/a	n/a	n/a	n/a	n/a	n/a	n/a	n/a	n/a	n/a	n/a	n/a	n/a	n/a	n/a	n/a
1273.448	n/a	WORD	636724	wordpools/wasnorm_wordpool_less_exclusions.txt	LTP267	ltpFR	7	4	0	MINK	897	n/a	n/a	0	n/a	0	0	0	0.57763671875	0.412841796875	1	lower	zerothre.ttf
1276.46	n/a	START	638230	n/a	LTP267	ltpFR	7	n/a	n/a	n/a	n/a	n/a	n/a	n/a	n/a	n/a	n/a	n/a	n/a	n/a	n/a	n/a	n/a
1277.324	n/a	PROB	638662	n/a	LTP267	ltpFR	7	n/a	n/a	n/a	n/a	n/a	n/a	n/a	13	2	3	8	n/a	n/a	n/a	n/a	n/a
1278.752	n/a	PROB	639376	n/a	LTP267	ltpFR	7	n/a	n/a	n/a	n/a	n/a	n/a	n/a	13	7	1	5	n/a	n/a	n/a	n/a	n/a
1280.452	n/a	PROB	640226	n/a	LTP267	ltpFR	7	n/a	n/a	n/a	n/a	n/a	n/a	n/a	18	3	7	8	n/a	n/a	n/a	n/a	n/a
1283.694	n/a	STOP	641847	n/a	LTP267	ltpFR	7	n/a	n/a	n/a	n/a	n/a	n/a	n/a	n/a	n/a	n/a	n/a	n/a	n/a	n/a	n/a	n/a
1285.628	n/a	WORD	642814	wordpools/wasnorm_wordpool_less_exclusions.txt	LTP267	ltpFR	7	4	0	PROFESSIONAL	1130	n/a	n/a	1	n/a	0	0	0	0.57763671875	0.412841796875	1	lower	zerothre.ttf
1288.64	n/a	START	644320	n/a	LTP267	ltpFR	7	n/a	n/a	n/a	n/a	n/a	n/a	n/a	n/a	n/a	n/a	n/a	n/a	n/a	n/a	n/a	n/a
1289.756	n/a	PROB	644878	n/a	LTP267	ltpFR	7	n/a	n/a	n/a	n/a	n/a	n/a	n/a	9	5	1	3	n/a	n/a	n/a	n/a	n/a
1292.648	n/a	PROB	646324	n/a	LTP267	ltpFR	7	n/a	n/a	n/a	n/a	n/a	n/a	n/a	16	2	7	7	n/a	n/a	n/a	n/a	n/a
1295.112	n/a	STOP	647556	n/a	LTP267	ltpFR	7	n/a	n/a	n/a	n/a	n/a	n/a	n/a	n/a	n/a	n/a	n/a	n/a	n/a	n/a	n/a	n/a
1297.54	n/a	WORD	648770	wordpools/wasnorm_wordpool_less_exclusions.txt	LTP267	ltpFR	7	4	0	ATOM	55	n/a	n/a	0	n/a	0	0	0	0.57763671875	0.412841796875	1	lower	zerothre.ttf
1300.552	n/a	START	650276	n/a	LTP267	ltpFR	7	n/a	n/a	n/a	n/a	n/a	n/a	n/a	n/a	n/a	n/a	n/a	n/a	n/a	n/a	n/a	n/a
1301.516	n/a	PROB	650758	n/a	LTP267	ltpFR	7	n/a	n/a	n/a	n/a	n/a	n/a	n/a	6	4	1	1	n/a	n/a	n/a	n/a	n/a
1303.38	n/a	PROB	651690	n/a	LTP267	ltpFR	7	n/a	n/a	n/a	n/a	n/a	n/a	n/a	20	7	6	7	n/a	n/a	n/a	n/a	n/a
1305.95	n/a	PROB	652975	n/a	LTP267	ltpFR	7	n/a	n/a	n/a	n/a	n/a	n/a	n/a	11	9	1	1	n/a	n/a	n/a	n/a	n/a
1307.04	n/a	STOP	653520	n/a	LTP267	ltpFR	7	n/a	n/a	n/a	n/a	n/a	n/a	n/a	n/a	n/a	n/a	n/a	n/a	n/a	n/a	n/a	n/a
1309.754	n/a	WORD	654877	wordpools/wasnorm_wordpool_less_exclusions.txt	LTP267	ltpFR	7	4	0	CAB	209	n/a	n/a	0	n/a	0	0	0	0.57763671875	0.412841796875	1	lower	zerothre.ttf
1312.766	n/a	START	656383	n/a	LTP267	ltpFR	7	n/a	n/a	n/a	n/a	n/a	n/a	n/a	n/a	n/a	n/a	n/a	n/a	n/a	n/a	n/a	n/a
1313.714	n/a	PROB	656857	n/a	LTP267	ltpFR	7	n/a	n/a	n/a	n/a	n/a	n/a	n/a	10	3	1	6	n/a	n/a	n/a	n/a	n/a
1315.538	n/a	PROB	657769	n/a	LTP267	ltpFR	7	n/a	n/a	n/a	n/a	n/a	n/a	n/a	17	1	9	7	n/a	n/a	n/a	n/a	n/a
1317.01	n/a	PROB	658505	n/a	LTP267	ltpFR	7	n/a	n/a	n/a	n/a	n/a	n/a	n/a	12	6	3	3	n/a	n/a	n/a	n/a	n/a
1318.788	n/a	PROB	659394	n/a	LTP267	ltpFR	7	n/a	n/a	n/a	n/a	n/a	n/a	n/a	13	2	9	2	n/a	n/a	n/a	n/a	n/a
1320.472	n/a	STOP	660236	n/a	LTP267	ltpFR	7	n/a	n/a	n/a	n/a	n/a	n/a	n/a	n/a	n/a	n/a	n/a	n/a	n/a	n/a	n/a	n/a
1321.734	n/a	WORD	660867	wordpools/wasnorm_wordpool_less_exclusions.txt	LTP267	ltpFR	7	4	0	VEHICLE	1553	n/a	n/a	1	n/a	0	0	0	0.57763671875	0.412841796875	1	lower	zerothre.ttf
1324.746	n/a	START	662373	n/a	LTP267	ltpFR	7	n/a	n/a	n/a	n/a	n/a	n/a	n/a	n/a	n/a	n/a	n/a	n/a	n/a	n/a	n/a	n/a
1325.608	n/a	PROB	662804	n/a	LTP267	ltpFR	7	n/a	n/a	n/a	n/a	n/a	n/a	n/a	18	6	5	7	n/a	n/a	n/a	n/a	n/a
1329.274	n/a	PROB	664637	n/a	LTP267	ltpFR	7	n/a	n/a	n/a	n/a	n/a	n/a	n/a	18	8	2	8	n/a	n/a	n/a	n/a	n/a
1332.746	n/a	STOP	666373	n/a	LTP267	ltpFR	7	n/a	n/a	n/a	n/a	n/a	n/a	n/a	n/a	n/a	n/a	n/a	n/a	n/a	n/a	n/a	n/a
1333.93	n/a	WORD	666965	wordpools/wasnorm_wordpool_less_exclusions.txt	LTP267	ltpFR	7	4	0	BADGE	68	n/a	n/a	0	n/a	0	0	0	0.57763671875	0.412841796875	1	lower	zerothre.ttf
1336.942	n/a	START	668471	n/a	LTP267	ltpFR	7	n/a	n/a	n/a	n/a	n/a	n/a	n/a	n/a	n/a	n/a	n/a	n/a	n/a	n/a	n/a	n/a
1337.944	n/a	PROB	668972	n/a	LTP267	ltpFR	7	n/a	n/a	n/a	n/a	n/a	n/a	n/a	11	1	7	3	n/a	n/a	n/a	n/a	n/a
1339.5	n/a	PROB	669750	n/a	LTP267	ltpFR	7	n/a	n/a	n/a	n/a	n/a	n/a	n/a	12	1	8	3	n/a	n/a	n/a	n/a	n/a
1341.342	n/a	PROB	670671	n/a	LTP267	ltpFR	7	n/a	n/a	n/a	n/a	n/a	n/a	n/a	17	7	5	5	n/a	n/a	n/a	n/a	n/a
1344.942	n/a	STOP	672471	n/a	LTP267	ltpFR	7	n/a	n/a	n/a	n/a	n/a	n/a	n/a	n/a	n/a	n/a	n/a	n/a	n/a	n/a	n/a	n/a
1346.054	n/a	WORD	673027	wordpools/wasnorm_wordpool_less_exclusions.txt	LTP267	ltpFR	7	4	0	ROOSTER	1209	n/a	n/a	1	n/a	0	0	0	0.57763671875	0.412841796875	1	lower	zerothre.ttf
1349.072	n/a	START	674536	n/a	LTP267	ltpFR	7	n/a	n/a	n/a	n/a	n/a	n/a	n/a	n/a	n/a	n/a	n/a	n/a	n/a	n/a	n/a	n/a
1350.102	n/a	PROB	675051	n/a	LTP267	ltpFR	7	n/a	n/a	n/a	n/a	n/a	n/a	n/a	14	4	4	6	n/a	n/a	n/a	n/a	n/a
1351.492	n/a	PROB	675746	n/a	LTP267	ltpFR	7	n/a	n/a	n/a	n/a	n/a	n/a	n/a	10	5	4	1	n/a	n/a	n/a	n/a	n/a
1353.264	n/a	PROB	676632	n/a	LTP267	ltpFR	7	n/a	n/a	n/a	n/a	n/a	n/a	n/a	20	7	9	6	n/a	n/a	n/a	n/a	n/a
1356.274	n/a	STOP	678137	n/a	LTP267	ltpFR	7	n/a	n/a	n/a	n/a	n/a	n/a	n/a	n/a	n/a	n/a	n/a	n/a	n/a	n/a	n/a	n/a
1358.004	n/a	WORD	679002	wordpools/wasnorm_wordpool_less_exclusions.txt	LTP267	ltpFR	7	4	0	EGG	518	n/a	n/a	0	n/a	0	0	0	0.57763671875	0.412841796875	1	lower	zerothre.ttf
1361.018	n/a	START	680509	n/a	LTP267	ltpFR	7	n/a	n/a	n/a	n/a	n/a	n/a	n/a	n/a	n/a	n/a	n/a	n/a	n/a	n/a	n/a	n/a
1362.188	n/a	PROB	681094	n/a	LTP267	ltpFR	7	n/a	n/a	n/a	n/a	n/a	n/a	n/a	11	2	5	4	n/a	n/a	n/a	n/a	n/a
1364.374	n/a	PROB	682187	n/a	LTP267	ltpFR	7	n/a	n/a	n/a	n/a	n/a	n/a	n/a	16	2	9	5	n/a	n/a	n/a	n/a	n/a
1366.364	n/a	PROB	683182	n/a	LTP267	ltpFR	7	n/a	n/a	n/a	n/a	n/a	n/a	n/a	11	1	5	5	n/a	n/a	n/a	n/a	n/a
1367.716	n/a	STOP	683858	n/a	LTP267	ltpFR	7	n/a	n/a	n/a	n/a	n/a	n/a	n/a	n/a	n/a	n/a	n/a	n/a	n/a	n/a	n/a	n/a
1370.18	n/a	WORD	685090	wordpools/wasnorm_wordpool_less_exclusions.txt	LTP267	ltpFR	7	4	0	FARMER	553	n/a	n/a	1	n/a	0	0	0	0.57763671875	0.412841796875	1	lower	zerothre.ttf
1373.196	n/a	START	686598	n/a	LTP267	ltpFR	7	n/a	n/a	n/a	n/a	n/a	n/a	n/a	n/a	n/a	n/a	n/a	n/a	n/a	n/a	n/a	n/a
1374.128	n/a	PROB	687064	n/a	LTP267	ltpFR	7	n/a	n/a	n/a	n/a	n/a	n/a	n/a	8	1	6	1	n/a	n/a	n/a	n/a	n/a
1375.734	n/a	PROB	687867	n/a	LTP267	ltpFR	7	n/a	n/a	n/a	n/a	n/a	n/a	n/a	11	4	3	4	n/a	n/a	n/a	n/a	n/a
1377.524	n/a	PROB	688762	n/a	LTP267	ltpFR	7	n/a	n/a	n/a	n/a	n/a	n/a	n/a	8	2	3	3	n/a	n/a	n/a	n/a	n/a
1379.07	n/a	PROB	689535	n/a	LTP267	ltpFR	7	n/a	n/a	n/a	n/a	n/a	n/a	n/a	15	9	4	2	n/a	n/a	n/a	n/a	n/a
1381.1	n/a	STOP	690550	n/a	LTP267	ltpFR	7	n/a	n/a	n/a	n/a	n/a	n/a	n/a	n/a	n/a	n/a	n/a	n/a	n/a	n/a	n/a	n/a
1382.076	n/a	WORD	691038	wordpools/wasnorm_wordpool_less_exclusions.txt	LTP267	ltpFR	7	4	0	BIOLOGIST	128	n/a	n/a	1	n/a	0	0	0	0.57763671875	0.412841796875	1	lower	zerothre.ttf
1385.092	n/a	START	692546	n/a	LTP267	ltpFR	7	n/a	n/a	n/a	n/a	n/a	n/a	n/a	n/a	n/a	n/a	n/a	n/a	n/a	n/a	n/a	n/a
1386.19	n/a	PROB	693095	n/a	LTP267	ltpFR	7	n/a	n/a	n/a	n/a	n/a	n/a	n/a	12	2	7	3	n/a	n/a	n/a	n/a	n/a
1387.396	n/a	PROB	693698	n/a	LTP267	ltpFR	7	n/a	n/a	n/a	n/a	n/a	n/a	n/a	20	9	5	6	n/a	n/a	n/a	n/a	n/a
1389.602	n/a	PROB	694801	n/a	LTP267	ltpFR	7	n/a	n/a	n/a	n/a	n/a	n/a	n/a	14	9	4	1	n/a	n/a	n/a	n/a	n/a
1393.092	n/a	STOP	696546	n/a	LTP267	ltpFR	7	n/a	n/a	n/a	n/a	n/a	n/a	n/a	n/a	n/a	n/a	n/a	n/a	n/a	n/a	n/a	n/a
1395.024	n/a	REC_START	697512	n/a	LTP267	ltpFR	7	4	n/a	n/a	n/a	n/a	n/a	n/a	n/a	0	0	0	n/a	n/a	n/a	n/a	n/a
1397.27	n/a	REC_WORD	698635	wordpools/wasnorm_wordpool_less_exclusions.txt	LTP267	ltpFR	7	4	0	FARMER	553	n/a	n/a	1	n/a	0	0	0	n/a	n/a	n/a	n/a	n/a
1398.288	n/a	REC_WORD	699144	wordpools/wasnorm_wordpool_less_exclusions.txt	LTP267	ltpFR	7	4	n/a	PLAID	1080	n/a	n/a	n/a	n/a	0	0	0	n/a	n/a	n/a	n/a	n/a
1399.24	n/a	REC_WORD	699620	wordpools/wasnorm_wordpool_less_exclusions.txt	LTP267	ltpFR	7	4	0	BIOLOGIST	128	n/a	n/a	1	n/a	0	0	0	n/a	n/a	n/a	n/a	n/a
1400.476	n/a	REC_WORD	700238	wordpools/wasnorm_wordpool_less_exclusions.txt	LTP267	ltpFR	7	4	0	PANTS	1010	n/a	n/a	0	n/a	0	0	0	n/a	n/a	n/a	n/a	n/a
1402.02	n/a	REC_WORD	701010	wordpools/wasnorm_wordpool_less_exclusions.txt	LTP267	ltpFR	7	4	0	JEANS	752	n/a	n/a	1	n/a	0	0	0	n/a	n/a	n/a	n/a	n/a
1405.9	n/a	REC_WORD	702950	wordpools/wasnorm_wordpool_less_exclusions.txt	LTP267	ltpFR	7	4	0	EGG	518	n/a	n/a	0	n/a	0	0	0	n/a	n/a	n/a	n/a	n/a
1432.31	n/a	REC_WORD	716155	wordpools/wasnorm_wordpool_less_exclusions.txt	LTP267	ltpFR	7	4	0	PANTS	1010	n/a	n/a	0	n/a	0	0	0	n/a	n/a	n/a	n/a	n/a
1479.954	n/a	START	739977	n/a	LTP267	ltpFR	7	n/a	n/a	n/a	n/a	n/a	n/a	n/a	n/a	n/a	n/a	n/a	n/a	n/a	n/a	n/a	n/a
1481.472	n/a	PROB	740736	n/a	LTP267	ltpFR	7	n/a	n/a	n/a	n/a	n/a	n/a	n/a	20	8	3	9	n/a	n/a	n/a	n/a	n/a
1484.186	n/a	PROB	742093	n/a	LTP267	ltpFR	7	n/a	n/a	n/a	n/a	n/a	n/a	n/a	13	4	4	5	n/a	n/a	n/a	n/a	n/a
1485.742	n/a	PROB	742871	n/a	LTP267	ltpFR	7	n/a	n/a	n/a	n/a	n/a	n/a	n/a	14	3	9	2	n/a	n/a	n/a	n/a	n/a
1487.346	n/a	STOP	743673	n/a	LTP267	ltpFR	7	n/a	n/a	n/a	n/a	n/a	n/a	n/a	n/a	n/a	n/a	n/a	n/a	n/a	n/a	n/a	n/a
1488.922	n/a	WORD	744461	wordpools/wasnorm_wordpool_less_exclusions.txt	LTP267	ltpFR	7	5	1	GLASSES	640	n/a	n/a	0	n/a	0	0	0	0.422607421875	0.5869140625	0	upper	amplitud.ttf
1491.934	n/a	START	745967	n/a	LTP267	ltpFR	7	n/a	n/a	n/a	n/a	n/a	n/a	n/a	n/a	n/a	n/a	n/a	n/a	n/a	n/a	n/a	n/a
1492.816	n/a	PROB	746408	n/a	LTP267	ltpFR	7	n/a	n/a	n/a	n/a	n/a	n/a	n/a	18	3	9	6	n/a	n/a	n/a	n/a	n/a
1495.448	n/a	PROB	747724	n/a	LTP267	ltpFR	7	n/a	n/a	n/a	n/a	n/a	n/a	n/a	14	7	5	2	n/a	n/a	n/a	n/a	n/a
1496.998	n/a	PROB	748499	n/a	LTP267	ltpFR	7	n/a	n/a	n/a	n/a	n/a	n/a	n/a	17	5	6	6	n/a	n/a	n/a	n/a	n/a
1499.482	n/a	STOP	749741	n/a	LTP267	ltpFR	7	n/a	n/a	n/a	n/a	n/a	n/a	n/a	n/a	n/a	n/a	n/a	n/a	n/a	n/a	n/a	n/a
1500.968	n/a	WORD	750484	wordpools/wasnorm_wordpool_less_exclusions.txt	LTP267	ltpFR	7	5	1	GUEST	669	n/a	n/a	1	n/a	0	0	0	0.422607421875	0.5869140625	0	upper	amplitud.ttf
1503.98	n/a	START	751990	n/a	LTP267	ltpFR	7	n/a	n/a	n/a	n/a	n/a	n/a	n/a	n/a	n/a	n/a	n/a	n/a	n/a	n/a	n/a	n/a
1504.894	n/a	PROB	752447	n/a	LTP267	ltpFR	7	n/a	n/a	n/a	n/a	n/a	n/a	n/a	13	3	6	4	n/a	n/a	n/a	n/a	n/a
1506.688	n/a	PROB	753344	n/a	LTP267	ltpFR	7	n/a	n/a	n/a	n/a	n/a	n/a	n/a	19	6	8	5	n/a	n/a	n/a	n/a	n/a
1508.596	n/a	PROB	754298	n/a	LTP267	ltpFR	7	n/a	n/a	n/a	n/a	n/a	n/a	n/a	16	6	8	2	n/a	n/a	n/a	n/a	n/a
1509.778	n/a	PROB	754889	n/a	LTP267	ltpFR	7	n/a	n/a	n/a	n/a	n/a	n/a	n/a	19	6	8	5	n/a	n/a	n/a	n/a	n/a
1511.588	n/a	STOP	755794	n/a	LTP267	ltpFR	7	n/a	n/a	n/a	n/a	n/a	n/a	n/a	n/a	n/a	n/a	n/a	n/a	n/a	n/a	n/a	n/a
1513.148	n/a	WORD	756574	wordpools/wasnorm_wordpool_less_exclusions.txt	LTP267	ltpFR	7	5	1	FOLLOWER	589	n/a	n/a	1	n/a	0	0	0	0.422607421875	0.5869140625	0	upper	amplitud.ttf
1516.16	n/a	START	758080	n/a	LTP267	ltpFR	7	n/a	n/a	n/a	n/a	n/a	n/a	n/a	n/a	n/a	n/a	n/a	n/a	n/a	n/a	n/a	n/a
1517.18	n/a	PROB	758590	n/a	LTP267	ltpFR	7	n/a	n/a	n/a	n/a	n/a	n/a	n/a	17	7	2	8	n/a	n/a	n/a	n/a	n/a
1518.848	n/a	PROB	759424	n/a	LTP267	ltpFR	7	n/a	n/a	n/a	n/a	n/a	n/a	n/a	10	1	2	7	n/a	n/a	n/a	n/a	n/a
1520.42	n/a	PROB	760210	n/a	LTP267	ltpFR	7	n/a	n/a	n/a	n/a	n/a	n/a	n/a	22	8	6	6	n/a	n/a	n/a	n/a	n/a
1523.404	n/a	STOP	761702	n/a	LTP267	ltpFR	7	n/a	n/a	n/a	n/a	n/a	n/a	n/a	n/a	n/a	n/a	n/a	n/a	n/a	n/a	n/a	n/a
1525.026	n/a	WORD	762513	wordpools/wasnorm_wordpool_less_exclusions.txt	LTP267	ltpFR	7	5	1	EYE	545	n/a	n/a	0	n/a	0	0	0	0.422607421875	0.5869140625	0	upper	amplitud.ttf
1528.038	n/a	START	764019	n/a	LTP267	ltpFR	7	n/a	n/a	n/a	n/a	n/a	n/a	n/a	n/a	n/a	n/a	n/a	n/a	n/a	n/a	n/a	n/a
1528.992	n/a	PROB	764496	n/a	LTP267	ltpFR	7	n/a	n/a	n/a	n/a	n/a	n/a	n/a	16	6	1	9	n/a	n/a	n/a	n/a	n/a
1530.376	n/a	PROB	765188	n/a	LTP267	ltpFR	7	n/a	n/a	n/a	n/a	n/a	n/a	n/a	11	5	5	1	n/a	n/a	n/a	n/a	n/a
1531.82	n/a	PROB	765910	n/a	LTP267	ltpFR	7	n/a	n/a	n/a	n/a	n/a	n/a	n/a	14	6	4	4	n/a	n/a	n/a	n/a	n/a
1536.04	n/a	STOP	768020	n/a	LTP267	ltpFR	7	n/a	n/a	n/a	n/a	n/a	n/a	n/a	n/a	n/a	n/a	n/a	n/a	n/a	n/a	n/a	n/a
1537.24	n/a	WORD	768620	wordpools/wasnorm_wordpool_less_exclusions.txt	LTP267	ltpFR	7	5	1	SPRINKLE	1359	n/a	n/a	0	n/a	0	0	0	0.422607421875	0.5869140625	0	upper	amplitud.ttf
1540.252	n/a	START	770126	n/a	LTP267	ltpFR	7	n/a	n/a	n/a	n/a	n/a	n/a	n/a	n/a	n/a	n/a	n/a	n/a	n/a	n/a	n/a	n/a
1541.172	n/a	PROB	770586	n/a	LTP267	ltpFR	7	n/a	n/a	n/a	n/a	n/a	n/a	n/a	15	2	5	8	n/a	n/a	n/a	n/a	n/a
1542.676	n/a	PROB	771338	n/a	LTP267	ltpFR	7	n/a	n/a	n/a	n/a	n/a	n/a	n/a	12	1	8	3	n/a	n/a	n/a	n/a	n/a
1544.496	n/a	PROB	772248	n/a	LTP267	ltpFR	7	n/a	n/a	n/a	n/a	n/a	n/a	n/a	15	7	6	2	n/a	n/a	n/a	n/a	n/a
1546.668	n/a	STOP	773334	n/a	LTP267	ltpFR	7	n/a	n/a	n/a	n/a	n/a	n/a	n/a	n/a	n/a	n/a	n/a	n/a	n/a	n/a	n/a	n/a
1549.152	n/a	WORD	774576	wordpools/wasnorm_wordpool_less_exclusions.txt	LTP267	ltpFR	7	5	1	SUBMARINE	1398	n/a	n/a	1	n/a	0	0	0	0.422607421875	0.5869140625	0	upper	amplitud.ttf
1552.164	n/a	START	776082	n/a	LTP267	ltpFR	7	n/a	n/a	n/a	n/a	n/a	n/a	n/a	n/a	n/a	n/a	n/a	n/a	n/a	n/a	n/a	n/a
1552.984	n/a	PROB	776492	n/a	LTP267	ltpFR	7	n/a	n/a	n/a	n/a	n/a	n/a	n/a	19	5	7	7	n/a	n/a	n/a	n/a	n/a
1555.454	n/a	PROB	777727	n/a	LTP267	ltpFR	7	n/a	n/a	n/a	n/a	n/a	n/a	n/a	16	8	4	8	n/a	n/a	n/a	n/a	n/a
1560.164	n/a	STOP	780082	n/a	LTP267	ltpFR	7	n/a	n/a	n/a	n/a	n/a	n/a	n/a	n/a	n/a	n/a	n/a	n/a	n/a	n/a	n/a	n/a
1560.998	n/a	WORD	780499	wordpools/wasnorm_wordpool_less_exclusions.txt	LTP267	ltpFR	7	5	1	COUGAR	387	n/a	n/a	1	n/a	0	0	0	0.422607421875	0.5869140625	0	upper	amplitud.ttf
1564.01	n/a	START	782005	n/a	LTP267	ltpFR	7	n/a	n/a	n/a	n/a	n/a	n/a	n/a	n/a	n/a	n/a	n/a	n/a	n/a	n/a	n/a	n/a
1564.862	n/a	PROB	782431	n/a	LTP267	ltpFR	7	n/a	n/a	n/a	n/a	n/a	n/a	n/a	14	2	7	5	n/a	n/a	n/a	n/a	n/a
1567.048	n/a	PROB	783524	n/a	LTP267	ltpFR	7	n/a	n/a	n/a	n/a	n/a	n/a	n/a	16	1	9	6	n/a	n/a	n/a	n/a	n/a
1568.37	n/a	PROB	784185	n/a	LTP267	ltpFR	7	n/a	n/a	n/a	n/a	n/a	n/a	n/a	13	2	2	9	n/a	n/a	n/a	n/a	n/a
1572.01	n/a	STOP	786005	n/a	LTP267	ltpFR	7	n/a	n/a	n/a	n/a	n/a	n/a	n/a	n/a	n/a	n/a	n/a	n/a	n/a	n/a	n/a	n/a
1573.21	n/a	WORD	786605	wordpools/wasnorm_wordpool_less_exclusions.txt	LTP267	ltpFR	7	5	1	DRIVER	499	n/a	n/a	1	n/a	0	0	0	0.422607421875	0.5869140625	0	upper	amplitud.ttf
1576.222	n/a	START	788111	n/a	LTP267	ltpFR	7	n/a	n/a	n/a	n/a	n/a	n/a	n/a	n/a	n/a	n/a	n/a	n/a	n/a	n/a	n/a	n/a
1577.304	n/a	PROB	788652	n/a	LTP267	ltpFR	7	n/a	n/a	n/a	n/a	n/a	n/a	n/a	16	1	9	6	n/a	n/a	n/a	n/a	n/a
1578.492	n/a	PROB	789246	n/a	LTP267	ltpFR	7	n/a	n/a	n/a	n/a	n/a	n/a	n/a	19	3	8	8	n/a	n/a	n/a	n/a	n/a
1580.6	n/a	PROB	790300	n/a	LTP267	ltpFR	7	n/a	n/a	n/a	n/a	n/a	n/a	n/a	13	6	5	2	n/a	n/a	n/a	n/a	n/a
1582.39	n/a	PROB	791195	n/a	LTP267	ltpFR	7	n/a	n/a	n/a	n/a	n/a	n/a	n/a	12	5	6	1	n/a	n/a	n/a	n/a	n/a
1584.094	n/a	STOP	792047	n/a	LTP267	ltpFR	7	n/a	n/a	n/a	n/a	n/a	n/a	n/a	n/a	n/a	n/a	n/a	n/a	n/a	n/a	n/a	n/a
1585.334	n/a	WORD	792667	wordpools/wasnorm_wordpool_less_exclusions.txt	LTP267	ltpFR	7	5	1	VIOLIN	1571	n/a	n/a	0	n/a	0	0	0	0.422607421875	0.5869140625	0	upper	amplitud.ttf
1588.352	n/a	START	794176	n/a	LTP267	ltpFR	7	n/a	n/a	n/a	n/a	n/a	n/a	n/a	n/a	n/a	n/a	n/a	n/a	n/a	n/a	n/a	n/a
1596.352	n/a	STOP	798176	n/a	LTP267	ltpFR	7	n/a	n/a	n/a	n/a	n/a	n/a	n/a	n/a	n/a	n/a	n/a	n/a	n/a	n/a	n/a	n/a
1597.386	n/a	WORD	798693	wordpools/wasnorm_wordpool_less_exclusions.txt	LTP267	ltpFR	7	5	1	SEAT	1264	n/a	n/a	0	n/a	0	0	0	0.422607421875	0.5869140625	0	upper	amplitud.ttf
1600.398	n/a	START	800199	n/a	LTP267	ltpFR	7	n/a	n/a	n/a	n/a	n/a	n/a	n/a	n/a	n/a	n/a	n/a	n/a	n/a	n/a	n/a	n/a
1601.296	n/a	PROB	800648	n/a	LTP267	ltpFR	7	n/a	n/a	n/a	n/a	n/a	n/a	n/a	10	5	3	2	n/a	n/a	n/a	n/a	n/a
1603.772	n/a	PROB	801886	n/a	LTP267	ltpFR	7	n/a	n/a	n/a	n/a	n/a	n/a	n/a	13	2	7	4	n/a	n/a	n/a	n/a	n/a
1605.562	n/a	PROB	802781	n/a	LTP267	ltpFR	7	n/a	n/a	n/a	n/a	n/a	n/a	n/a	12	8	3	1	n/a	n/a	n/a	n/a	n/a
1607.568	n/a	STOP	803784	n/a	LTP267	ltpFR	7	n/a	n/a	n/a	n/a	n/a	n/a	n/a	n/a	n/a	n/a	n/a	n/a	n/a	n/a	n/a	n/a
1609.31	n/a	WORD	804655	wordpools/wasnorm_wordpool_less_exclusions.txt	LTP267	ltpFR	7	5	1	TOOTHPASTE	1483	n/a	n/a	1	n/a	0	0	0	0.422607421875	0.5869140625	0	upper	amplitud.ttf
1612.328	n/a	START	806164	n/a	LTP267	ltpFR	7	n/a	n/a	n/a	n/a	n/a	n/a	n/a	n/a	n/a	n/a	n/a	n/a	n/a	n/a	n/a	n/a
1613.308	n/a	PROB	806654	n/a	LTP267	ltpFR	7	n/a	n/a	n/a	n/a	n/a	n/a	n/a	16	3	5	8	n/a	n/a	n/a	n/a	n/a
1615.534	n/a	PROB	807767	n/a	LTP267	ltpFR	7	n/a	n/a	n/a	n/a	n/a	n/a	n/a	16	6	5	5	n/a	n/a	n/a	n/a	n/a
1617.044	n/a	PROB	808522	n/a	LTP267	ltpFR	7	n/a	n/a	n/a	n/a	n/a	n/a	n/a	21	5	9	7	n/a	n/a	n/a	n/a	n/a
1619.872	n/a	STOP	809936	n/a	LTP267	ltpFR	7	n/a	n/a	n/a	n/a	n/a	n/a	n/a	n/a	n/a	n/a	n/a	n/a	n/a	n/a	n/a	n/a
1621.494	n/a	WORD	810747	wordpools/wasnorm_wordpool_less_exclusions.txt	LTP267	ltpFR	7	5	1	SHERIFF	1284	n/a	n/a	0	n/a	0	0	0	0.422607421875	0.5869140625	0	upper	amplitud.ttf
1624.506	n/a	START	812253	n/a	LTP267	ltpFR	7	n/a	n/a	n/a	n/a	n/a	n/a	n/a	n/a	n/a	n/a	n/a	n/a	n/a	n/a	n/a	n/a
1625.678	n/a	PROB	812839	n/a	LTP267	ltpFR	7	n/a	n/a	n/a	n/a	n/a	n/a	n/a	12	2	6	4	n/a	n/a	n/a	n/a	n/a
1627.798	n/a	PROB	813899	n/a	LTP267	ltpFR	7	n/a	n/a	n/a	n/a	n/a	n/a	n/a	18	5	4	9	n/a	n/a	n/a	n/a	n/a
1632.506	n/a	STOP	816253	n/a	LTP267	ltpFR	7	n/a	n/a	n/a	n/a	n/a	n/a	n/a	n/a	n/a	n/a	n/a	n/a	n/a	n/a	n/a	n/a
1633.452	n/a	WORD	816726	wordpools/wasnorm_wordpool_less_exclusions.txt	LTP267	ltpFR	7	5	1	DETECTIVE	454	n/a	n/a	1	n/a	0	0	0	0.422607421875	0.5869140625	0	upper	amplitud.ttf
1636.47	n/a	START	818235	n/a	LTP267	ltpFR	7	n/a	n/a	n/a	n/a	n/a	n/a	n/a	n/a	n/a	n/a	n/a	n/a	n/a	n/a	n/a	n/a
1637.556	n/a	PROB	818778	n/a	LTP267	ltpFR	7	n/a	n/a	n/a	n/a	n/a	n/a	n/a	11	5	5	1	n/a	n/a	n/a	n/a	n/a
1638.692	n/a	PROB	819346	n/a	LTP267	ltpFR	7	n/a	n/a	n/a	n/a	n/a	n/a	n/a	14	7	6	1	n/a	n/a	n/a	n/a	n/a
1640.73	n/a	PROB	820365	n/a	LTP267	ltpFR	7	n/a	n/a	n/a	n/a	n/a	n/a	n/a	18	9	8	1	n/a	n/a	n/a	n/a	n/a
1642.914	n/a	STOP	821457	n/a	LTP267	ltpFR	7	n/a	n/a	n/a	n/a	n/a	n/a	n/a	n/a	n/a	n/a	n/a	n/a	n/a	n/a	n/a	n/a
1645.498	n/a	WORD	822749	wordpools/wasnorm_wordpool_less_exclusions.txt	LTP267	ltpFR	7	5	1	BALLERINA	74	n/a	n/a	1	n/a	0	0	0	0.422607421875	0.5869140625	0	upper	amplitud.ttf
1648.516	n/a	START	824258	n/a	LTP267	ltpFR	7	n/a	n/a	n/a	n/a	n/a	n/a	n/a	n/a	n/a	n/a	n/a	n/a	n/a	n/a	n/a	n/a
1649.63	n/a	PROB	824815	n/a	LTP267	ltpFR	7	n/a	n/a	n/a	n/a	n/a	n/a	n/a	10	4	5	1	n/a	n/a	n/a	n/a	n/a
1651.192	n/a	PROB	825596	n/a	LTP267	ltpFR	7	n/a	n/a	n/a	n/a	n/a	n/a	n/a	16	2	5	9	n/a	n/a	n/a	n/a	n/a
1653.752	n/a	PROB	826876	n/a	LTP267	ltpFR	7	n/a	n/a	n/a	n/a	n/a	n/a	n/a	19	8	2	9	n/a	n/a	n/a	n/a	n/a
1656.516	n/a	STOP	828258	n/a	LTP267	ltpFR	7	n/a	n/a	n/a	n/a	n/a	n/a	n/a	n/a	n/a	n/a	n/a	n/a	n/a	n/a	n/a	n/a
1657.694	n/a	WORD	828847	wordpools/wasnorm_wordpool_less_exclusions.txt	LTP267	ltpFR	7	5	1	CHIEF	298	n/a	n/a	1	n/a	0	0	0	0.422607421875	0.5869140625	0	upper	amplitud.ttf
1660.71	n/a	START	830355	n/a	LTP267	ltpFR	7	n/a	n/a	n/a	n/a	n/a	n/a	n/a	n/a	n/a	n/a	n/a	n/a	n/a	n/a	n/a	n/a
1661.766	n/a	PROB	830883	n/a	LTP267	ltpFR	7	n/a	n/a	n/a	n/a	n/a	n/a	n/a	8	2	5	1	n/a	n/a	n/a	n/a	n/a
1663.316	n/a	PROB	831658	n/a	LTP267	ltpFR	7	n/a	n/a	n/a	n/a	n/a	n/a	n/a	19	9	7	5	n/a	n/a	n/a	n/a	n/a
1667.124	n/a	STOP	833562	n/a	LTP267	ltpFR	7	n/a	n/a	n/a	n/a	n/a	n/a	n/a	n/a	n/a	n/a	n/a	n/a	n/a	n/a	n/a	n/a
1669.762	n/a	WORD	834881	wordpools/wasnorm_wordpool_less_exclusions.txt	LTP267	ltpFR	7	5	1	SPIT	1354	n/a	n/a	1	n/a	0	0	0	0.422607421875	0.5869140625	0	upper	amplitud.ttf
1672.774	n/a	START	836387	n/a	LTP267	ltpFR	7	n/a	n/a	n/a	n/a	n/a	n/a	n/a	n/a	n/a	n/a	n/a	n/a	n/a	n/a	n/a	n/a
1673.84	n/a	PROB	836920	n/a	LTP267	ltpFR	7	n/a	n/a	n/a	n/a	n/a	n/a	n/a	23	8	7	7	n/a	n/a	n/a	n/a	n/a
1676.956	n/a	PROB	838478	n/a	LTP267	ltpFR	7	n/a	n/a	n/a	n/a	n/a	n/a	n/a	18	9	3	6	n/a	n/a	n/a	n/a	n/a
1679.508	n/a	STOP	839754	n/a	LTP267	ltpFR	7	n/a	n/a	n/a	n/a	n/a	n/a	n/a	n/a	n/a	n/a	n/a	n/a	n/a	n/a	n/a	n/a
1682.724	n/a	REC_START	841362	n/a	LTP267	ltpFR	7	5	n/a	n/a	n/a	n/a	n/a	n/a	n/a	0	0	0	n/a	n/a	n/a	n/a	n/a
1683.826	n/a	REC_WORD	841913	wordpools/wasnorm_wordpool_less_exclusions.txt	LTP267	ltpFR	7	5	1	SPIT	1354	n/a	n/a	1	n/a	0	0	0	n/a	n/a	n/a	n/a	n/a
1684.838	n/a	REC_WORD	842419	wordpools/wasnorm_wordpool_less_exclusions.txt	LTP267	ltpFR	7	5	1	BALLERINA	74	n/a	n/a	1	n/a	0	0	0	n/a	n/a	n/a	n/a	n/a
1685.872	n/a	REC_WORD	842936	wordpools/wasnorm_wordpool_less_exclusions.txt	LTP267	ltpFR	7	5	1	CONDUCTOR	362	n/a	n/a	1	n/a	0	0	0	n/a	n/a	n/a	n/a	n/a
1689.18	n/a	REC_WORD	844590	wordpools/wasnorm_wordpool_less_exclusions.txt	LTP267	ltpFR	7	5	1	SUBMARINE	1398	n/a	n/a	1	n/a	0	0	0	n/a	n/a	n/a	n/a	n/a
1782.856	n/a	WORD	891428	wordpools/wasnorm_wordpool_less_exclusions.txt	LTP267	ltpFR	7	6	0	PATRIOT	1026	n/a	n/a	1	n/a	0	0	0	0.57763671875	0.412841796875	1	lower	zerothre.ttf
1786.704	n/a	WORD	893352	wordpools/wasnorm_wordpool_less_exclusions.txt	LTP267	ltpFR	7	6	0	GALAXY	617	n/a	n/a	1	n/a	0	0	0	0.57763671875	0.412841796875	1	lower	zerothre.ttf
1790.702	n/a	WORD	895351	wordpools/wasnorm_wordpool_less_exclusions.txt	LTP267	ltpFR	7	6	0	TROUT	1511	n/a	n/a	0	n/a	0	0	0	0.57763671875	0.412841796875	1	lower	zerothre.ttf
1794.672	n/a	WORD	897336	wordpools/wasnorm_wordpool_less_exclusions.txt	LTP267	ltpFR	7	6	0	FISH	571	n/a	n/a	0	n/a	0	0	0	0.57763671875	0.412841796875	1	lower	zerothre.ttf
1798.756	n/a	WORD	899378	wordpools/wasnorm_wordpool_less_exclusions.txt	LTP267	ltpFR	7	6	0	BARK	87	n/a	n/a	0	n/a	0	0	0	0.57763671875	0.412841796875	1	lower	zerothre.ttf
1802.938	n/a	WORD	901469	wordpools/wasnorm_wordpool_less_exclusions.txt	LTP267	ltpFR	7	6	0	THUMB	1462	n/a	n/a	0	n/a	0	0	0	0.57763671875	0.412841796875	1	lower	zerothre.ttf
1806.966	n/a	WORD	903483	wordpools/wasnorm_wordpool_less_exclusions.txt	LTP267	ltpFR	7	6	0	PALACE	1006	n/a	n/a	1	n/a	0	0	0	0.57763671875	0.412841796875	1	lower	zerothre.ttf
1811.12	n/a	WORD	905560	wordpools/wasnorm_wordpool_less_exclusions.txt	LTP267	ltpFR	7	6	0	TYPEWRITER	1531	n/a	n/a	1	n/a	0	0	0	0.57763671875	0.412841796875	1	lower	zerothre.ttf
1815.168	n/a	WORD	907584	wordpools/wasnorm_wordpool_less_exclusions.txt	LTP267	ltpFR	7	6	0	SHELTER	1282	n/a	n/a	1	n/a	0	0	0	0.57763671875	0.412841796875	1	lower	zerothre.ttf
1819.112	n/a	WORD	909556	wordpools/wasnorm_wordpool_less_exclusions.txt	LTP267	ltpFR	7	6	0	KING	777	n/a	n/a	1	n/a	0	0	0	0.57763671875	0.412841796875	1	lower	zerothre.ttf
1823.066	n/a	WORD	911533	wordpools/wasnorm_wordpool_less_exclusions.txt	LTP267	ltpFR	7	6	0	JUG	762	n/a	n/a	0	n/a	0	0	0	0.57763671875	0.412841796875	1	lower	zerothre.ttf
1827.048	n/a	WORD	913524	wordpools/wasnorm_wordpool_less_exclusions.txt	LTP267	ltpFR	7	6	0	PARCEL	1012	n/a	n/a	0	n/a	0	0	0	0.57763671875	0.412841796875	1	lower	zerothre.ttf
1831.196	n/a	WORD	915598	wordpools/wasnorm_wordpool_less_exclusions.txt	LTP267	ltpFR	7	6	0	DOLL	481	n/a	n/a	0	n/a	0	0	0	0.57763671875	0.412841796875	1	lower	zerothre.ttf
1835.324	n/a	WORD	917662	wordpools/wasnorm_wordpool_less_exclusions.txt	LTP267	ltpFR	7	6	0	SHELL	1281	n/a	n/a	0	n/a	0	0	0	0.57763671875	0.412841796875	1	lower	zerothre.ttf
1839.39	n/a	WORD	919695	wordpools/wasnorm_wordpool_less_exclusions.txt	LTP267	ltpFR	7	6	0	REEF	1177	n/a	n/a	0	n/a	0	0	0	0.57763671875	0.412841796875	1	lower	zerothre.ttf
1843.238	n/a	WORD	921619	wordpools/wasnorm_wordpool_less_exclusions.txt	LTP267	ltpFR	7	6	0	MINER	896	n/a	n/a	1	n/a	0	0	0	0.57763671875	0.412841796875	1	lower	zerothre.ttf
1846.254	n/a	START	923127	n/a	LTP267	ltpFR	7	n/a	n/a	n/a	n/a	n/a	n/a	n/a	n/a	n/a	n/a	n/a	n/a	n/a	n/a	n/a	n/a
1847.352	n/a	PROB	923676	n/a	LTP267	ltpFR	7	n/a	n/a	n/a	n/a	n/a	n/a	n/a	12	1	5	6	n/a	n/a	n/a	n/a	n/a
1849.226	n/a	PROB	924613	n/a	LTP267	ltpFR	7	n/a	n/a	n/a	n/a	n/a	n/a	n/a	17	8	1	8	n/a	n/a	n/a	n/a	n/a
1850.798	n/a	PROB	925399	n/a	LTP267	ltpFR	7	n/a	n/a	n/a	n/a	n/a	n/a	n/a	16	7	2	7	n/a	n/a	n/a	n/a	n/a
1852.356	n/a	PROB	926178	n/a	LTP267	ltpFR	7	n/a	n/a	n/a	n/a	n/a	n/a	n/a	17	8	6	3	n/a	n/a	n/a	n/a	n/a
1854.126	n/a	STOP	927063	n/a	LTP267	ltpFR	7	n/a	n/a	n/a	n/a	n/a	n/a	n/a	n/a	n/a	n/a	n/a	n/a	n/a	n/a	n/a	n/a
1856.138	n/a	REC_START	928069	n/a	LTP267	ltpFR	7	6	n/a	n/a	n/a	n/a	n/a	n/a	n/a	0	0	0	n/a	n/a	n/a	n/a	n/a
1857.44	n/a	REC_WORD	928720	wordpools/wasnorm_wordpool_less_exclusions.txt	LTP267	ltpFR	7	6	0	GALAXY	617	n/a	n/a	1	n/a	0	0	0	n/a	n/a	n/a	n/a	n/a
1858.372	n/a	REC_WORD	929186	wordpools/wasnorm_wordpool_less_exclusions.txt	LTP267	ltpFR	7	6	0	TROUT	1511	n/a	n/a	0	n/a	0	0	0	n/a	n/a	n/a	n/a	n/a
1859.344	n/a	REC_WORD	929672	wordpools/wasnorm_wordpool_less_exclusions.txt	LTP267	ltpFR	7	6	0	FISH	571	n/a	n/a	0	n/a	0	0	0	n/a	n/a	n/a	n/a	n/a
1860.594	n/a	REC_WORD	930297	wordpools/wasnorm_wordpool_less_exclusions.txt	LTP267	ltpFR	7	6	0	MINER	896	n/a	n/a	1	n/a	0	0	0	n/a	n/a	n/a	n/a	n/a
1863.338	n/a	REC_WORD	931669	wordpools/wasnorm_wordpool_less_exclusions.txt	LTP267	ltpFR	7	6	0	TYPEWRITER	1531	n/a	n/a	1	n/a	0	0	0	n/a	n/a	n/a	n/a	n/a
1934.106	n/a	START	967053	n/a	LTP267	ltpFR	7	n/a	n/a	n/a	n/a	n/a	n/a	n/a	n/a	n/a	n/a	n/a	n/a	n/a	n/a	n/a	n/a
1935.622	n/a	PROB	967811	n/a	LTP267	ltpFR	7	n/a	n/a	n/a	n/a	n/a	n/a	n/a	18	6	9	3	n/a	n/a	n/a	n/a	n/a
1938.1	n/a	PROB	969050	n/a	LTP267	ltpFR	7	n/a	n/a	n/a	n/a	n/a	n/a	n/a	18	9	6	3	n/a	n/a	n/a	n/a	n/a
1940.324	n/a	PROB	970162	n/a	LTP267	ltpFR	7	n/a	n/a	n/a	n/a	n/a	n/a	n/a	17	7	8	2	n/a	n/a	n/a	n/a	n/a
1941.628	n/a	PROB	970814	n/a	LTP267	ltpFR	7	n/a	n/a	n/a	n/a	n/a	n/a	n/a	19	3	8	8	n/a	n/a	n/a	n/a	n/a
1943.186	n/a	PROB	971593	n/a	LTP267	ltpFR	7	n/a	n/a	n/a	n/a	n/a	n/a	n/a	18	1	7	8	n/a	n/a	n/a	n/a	n/a
1945.394	n/a	PROB	972697	n/a	LTP267	ltpFR	7	n/a	n/a	n/a	n/a	n/a	n/a	n/a	14	4	8	2	n/a	n/a	n/a	n/a	n/a
1946.738	n/a	PROB	973369	n/a	LTP267	ltpFR	7	n/a	n/a	n/a	n/a	n/a	n/a	n/a	26	7	7	8	n/a	n/a	n/a	n/a	n/a
1950.074	n/a	STOP	975037	n/a	LTP267	ltpFR	7	n/a	n/a	n/a	n/a	n/a	n/a	n/a	n/a	n/a	n/a	n/a	n/a	n/a	n/a	n/a	n/a
1951.172	n/a	WORD	975586	wordpools/wasnorm_wordpool_less_exclusions.txt	LTP267	ltpFR	7	7	1	PUPPY	1144	n/a	n/a	1	n/a	0	0	0	0.422607421875	0.5869140625	0	upper	amplitud.ttf
1954.184	n/a	START	977092	n/a	LTP267	ltpFR	7	n/a	n/a	n/a	n/a	n/a	n/a	n/a	n/a	n/a	n/a	n/a	n/a	n/a	n/a	n/a	n/a
1955.114	n/a	PROB	977557	n/a	LTP267	ltpFR	7	n/a	n/a	n/a	n/a	n/a	n/a	n/a	16	5	6	5	n/a	n/a	n/a	n/a	n/a
1956.62	n/a	PROB	978310	n/a	LTP267	ltpFR	7	n/a	n/a	n/a	n/a	n/a	n/a	n/a	16	3	6	7	n/a	n/a	n/a	n/a	n/a
1958.612	n/a	PROB	979306	n/a	LTP267	ltpFR	7	n/a	n/a	n/a	n/a	n/a	n/a	n/a	13	3	9	9	n/a	n/a	n/a	n/a	n/a
1959.972	n/a	PROB	979986	n/a	LTP267	ltpFR	7	n/a	n/a	n/a	n/a	n/a	n/a	n/a	14	4	8	2	n/a	n/a	n/a	n/a	n/a
1962.744	n/a	PROB	981372	n/a	LTP267	ltpFR	7	n/a	n/a	n/a	n/a	n/a	n/a	n/a	8	4	2	2	n/a	n/a	n/a	n/a	n/a
1964.622	n/a	PROB	982311	n/a	LTP267	ltpFR	7	n/a	n/a	n/a	n/a	n/a	n/a	n/a	19	8	2	9	n/a	n/a	n/a	n/a	n/a
1966.61	n/a	PROB	983305	n/a	LTP267	ltpFR	7	n/a	n/a	n/a	n/a	n/a	n/a	n/a	10	3	2	5	n/a	n/a	n/a	n/a	n/a
1969.004	n/a	STOP	984502	n/a	LTP267	ltpFR	7	n/a	n/a	n/a	n/a	n/a	n/a	n/a	n/a	n/a	n/a	n/a	n/a	n/a	n/a	n/a	n/a
1971.248	n/a	WORD	985624	wordpools/wasnorm_wordpool_less_exclusions.txt	LTP267	ltpFR	7	7	1	COOLER	375	n/a	n/a	0	n/a	0	0	0	0.422607421875	0.5869140625	0	upper	amplitud.ttf
1974.26	n/a	START	987130	n/a	LTP267	ltpFR	7	n/a	n/a	n/a	n/a	n/a	n/a	n/a	n/a	n/a	n/a	n/a	n/a	n/a	n/a	n/a	n/a
1975.364	n/a	PROB	987682	n/a	LTP267	ltpFR	7	n/a	n/a	n/a	n/a	n/a	n/a	n/a	15	4	5	6	n/a	n/a	n/a	n/a	n/a
1977.116	n/a	PROB	988558	n/a	LTP267	ltpFR	7	n/a	n/a	n/a	n/a	n/a	n/a	n/a	26	9	6	9	n/a	n/a	n/a	n/a	n/a
1979.776	n/a	PROB	989888	n/a	LTP267	ltpFR	7	n/a	n/a	n/a	n/a	n/a	n/a	n/a	16	2	6	8	n/a	n/a	n/a	n/a	n/a
1982.15	n/a	PROB	991075	n/a	LTP267	ltpFR	7	n/a	n/a	n/a	n/a	n/a	n/a	n/a	22	9	4	9	n/a	n/a	n/a	n/a	n/a
1985.084	n/a	PROB	992542	n/a	LTP267	ltpFR	7	n/a	n/a	n/a	n/a	n/a	n/a	n/a	14	1	8	5	n/a	n/a	n/a	n/a	n/a
1987.17	n/a	PROB	993585	n/a	LTP267	ltpFR	7	n/a	n/a	n/a	n/a	n/a	n/a	n/a	13	8	1	4	n/a	n/a	n/a	n/a	n/a
1989.148	n/a	STOP	994574	n/a	LTP267	ltpFR	7	n/a	n/a	n/a	n/a	n/a	n/a	n/a	n/a	n/a	n/a	n/a	n/a	n/a	n/a	n/a	n/a
1991.392	n/a	WORD	995696	wordpools/wasnorm_wordpool_less_exclusions.txt	LTP267	ltpFR	7	7	1	HERB	704	n/a	n/a	0	n/a	0	0	0	0.422607421875	0.5869140625	0	upper	amplitud.ttf
1994.404	n/a	START	997202	n/a	LTP267	ltpFR	7	n/a	n/a	n/a	n/a	n/a	n/a	n/a	n/a	n/a	n/a	n/a	n/a	n/a	n/a	n/a	n/a
1995.386	n/a	PROB	997693	n/a	LTP267	ltpFR	7	n/a	n/a	n/a	n/a	n/a	n/a	n/a	21	9	4	8	n/a	n/a	n/a	n/a	n/a
1998.63	n/a	PROB	999315	n/a	LTP267	ltpFR	7	n/a	n/a	n/a	n/a	n/a	n/a	n/a	26	8	9	5	n/a	n/a	n/a	n/a	n/a
2001.68	n/a	PROB	1000840	n/a	LTP267	ltpFR	7	n/a	n/a	n/a	n/a	n/a	n/a	n/a	13	3	8	2	n/a	n/a	n/a	n/a	n/a
2003.164	n/a	PROB	1001582	n/a	LTP267	ltpFR	7	n/a	n/a	n/a	n/a	n/a	n/a	n/a	19	6	6	1	n/a	n/a	n/a	n/a	n/a
2005.898	n/a	PROB	1002949	n/a	LTP267	ltpFR	7	n/a	n/a	n/a	n/a	n/a	n/a	n/a	17	8	6	5	n/a	n/a	n/a	n/a	n/a
2008.218	n/a	PROB	1004109	n/a	LTP267	ltpFR	7	n/a	n/a	n/a	n/a	n/a	n/a	n/a	15	5	3	7	n/a	n/a	n/a	n/a	n/a
2009.494	n/a	STOP	1004747	n/a	LTP267	ltpFR	7	n/a	n/a	n/a	n/a	n/a	n/a	n/a	n/a	n/a	n/a	n/a	n/a	n/a	n/a	n/a	n/a
2011.414	n/a	WORD	1005707	wordpools/wasnorm_wordpool_less_exclusions.txt	LTP267	ltpFR	7	7	1	MUSHROOM	934	n/a	n/a	0	n/a	0	0	0	0.422607421875	0.5869140625	0	upper	amplitud.ttf
2014.43	n/a	START	1007215	n/a	LTP267	ltpFR	7	n/a	n/a	n/a	n/a	n/a	n/a	n/a	n/a	n/a	n/a	n/a	n/a	n/a	n/a	n/a	n/a
2015.312	n/a	PROB	1007656	n/a	LTP267	ltpFR	7	n/a	n/a	n/a	n/a	n/a	n/a	n/a	22	8	8	6	n/a	n/a	n/a	n/a	n/a
2021.3	n/a	PROB	1010650	n/a	LTP267	ltpFR	7	n/a	n/a	n/a	n/a	n/a	n/a	n/a	14	5	8	1	n/a	n/a	n/a	n/a	n/a
2024.15	n/a	PROB	1012075	n/a	LTP267	ltpFR	7	n/a	n/a	n/a	n/a	n/a	n/a	n/a	9	6	2	1	n/a	n/a	n/a	n/a	n/a
2026.642	n/a	PROB	1013321	n/a	LTP267	ltpFR	7	n/a	n/a	n/a	n/a	n/a	n/a	n/a	15	3	8	3	n/a	n/a	n/a	n/a	n/a
2029.246	n/a	STOP	1014623	n/a	LTP267	ltpFR	7	n/a	n/a	n/a	n/a	n/a	n/a	n/a	n/a	n/a	n/a	n/a	n/a	n/a	n/a	n/a	n/a
2031.44	n/a	WORD	1015720	wordpools/wasnorm_wordpool_less_exclusions.txt	LTP267	ltpFR	7	7	1	RIVER	1194	n/a	n/a	0	n/a	0	0	0	0.422607421875	0.5869140625	0	upper	amplitud.ttf
2034.458	n/a	START	1017229	n/a	LTP267	ltpFR	7	n/a	n/a	n/a	n/a	n/a	n/a	n/a	n/a	n/a	n/a	n/a	n/a	n/a	n/a	n/a	n/a
2035.304	n/a	PROB	1017652	n/a	LTP267	ltpFR	7	n/a	n/a	n/a	n/a	n/a	n/a	n/a	10	1	3	6	n/a	n/a	n/a	n/a	n/a
2037.234	n/a	PROB	1018617	n/a	LTP267	ltpFR	7	n/a	n/a	n/a	n/a	n/a	n/a	n/a	20	8	6	8	n/a	n/a	n/a	n/a	n/a
2040.826	n/a	PROB	1020413	n/a	LTP267	ltpFR	7	n/a	n/a	n/a	n/a	n/a	n/a	n/a	14	1	4	9	n/a	n/a	n/a	n/a	n/a
2042.666	n/a	PROB	1021333	n/a	LTP267	ltpFR	7	n/a	n/a	n/a	n/a	n/a	n/a	n/a	7	5	1	1	n/a	n/a	n/a	n/a	n/a
2044.106	n/a	PROB	1022053	n/a	LTP267	ltpFR	7	n/a	n/a	n/a	n/a	n/a	n/a	n/a	14	3	6	5	n/a	n/a	n/a	n/a	n/a
2046.33	n/a	PROB	1023165	n/a	LTP267	ltpFR	7	n/a	n/a	n/a	n/a	n/a	n/a	n/a	19	4	7	8	n/a	n/a	n/a	n/a	n/a
2049.216	n/a	STOP	1024608	n/a	LTP267	ltpFR	7	n/a	n/a	n/a	n/a	n/a	n/a	n/a	n/a	n/a	n/a	n/a	n/a	n/a	n/a	n/a	n/a
2051.504	n/a	WORD	1025752	wordpools/wasnorm_wordpool_less_exclusions.txt	LTP267	ltpFR	7	7	1	PUMP	1141	n/a	n/a	0	n/a	0	0	0	0.422607421875	0.5869140625	0	upper	amplitud.ttf
2054.534	n/a	START	1027267	n/a	LTP267	ltpFR	7	n/a	n/a	n/a	n/a	n/a	n/a	n/a	n/a	n/a	n/a	n/a	n/a	n/a	n/a	n/a	n/a
2055.454	n/a	PROB	1027727	n/a	LTP267	ltpFR	7	n/a	n/a	n/a	n/a	n/a	n/a	n/a	17	7	6	4	n/a	n/a	n/a	n/a	n/a
2057.288	n/a	PROB	1028644	n/a	LTP267	ltpFR	7	n/a	n/a	n/a	n/a	n/a	n/a	n/a	16	3	4	9	n/a	n/a	n/a	n/a	n/a
2059.652	n/a	PROB	1029826	n/a	LTP267	ltpFR	7	n/a	n/a	n/a	n/a	n/a	n/a	n/a	11	3	4	4	n/a	n/a	n/a	n/a	n/a
2061.61	n/a	PROB	1030805	n/a	LTP267	ltpFR	7	n/a	n/a	n/a	n/a	n/a	n/a	n/a	10	4	4	2	n/a	n/a	n/a	n/a	n/a
2063.796	n/a	PROB	1031898	n/a	LTP267	ltpFR	7	n/a	n/a	n/a	n/a	n/a	n/a	n/a	8	2	2	4	n/a	n/a	n/a	n/a	n/a
2066.826	n/a	PROB	1033413	n/a	LTP267	ltpFR	7	n/a	n/a	n/a	n/a	n/a	n/a	n/a	13	8	4	1	n/a	n/a	n/a	n/a	n/a
2070.534	n/a	STOP	1035267	n/a	LTP267	ltpFR	7	n/a	n/a	n/a	n/a	n/a	n/a	n/a	n/a	n/a	n/a	n/a	n/a	n/a	n/a	n/a	n/a
2071.398	n/a	WORD	1035699	wordpools/wasnorm_wordpool_less_exclusions.txt	LTP267	ltpFR	7	7	1	CAP	236	n/a	n/a	0	n/a	0	0	0	0.422607421875	0.5869140625	0	upper	amplitud.ttf
2074.41	n/a	START	1037205	n/a	LTP267	ltpFR	7	n/a	n/a	n/a	n/a	n/a	n/a	n/a	n/a	n/a	n/a	n/a	n/a	n/a	n/a	n/a	n/a
2075.256	n/a	PROB	1037628	n/a	LTP267	ltpFR	7	n/a	n/a	n/a	n/a	n/a	n/a	n/a	14	8	2	4	n/a	n/a	n/a	n/a	n/a
2078.876	n/a	PROB	1039438	n/a	LTP267	ltpFR	7	n/a	n/a	n/a	n/a	n/a	n/a	n/a	13	4	7	2	n/a	n/a	n/a	n/a	n/a
2081.052	n/a	PROB	1040526	n/a	LTP267	ltpFR	7	n/a	n/a	n/a	n/a	n/a	n/a	n/a	13	8	9	8	n/a	n/a	n/a	n/a	n/a
2083.99	n/a	PROB	1041995	n/a	LTP267	ltpFR	7	n/a	n/a	n/a	n/a	n/a	n/a	n/a	9	1	6	2	n/a	n/a	n/a	n/a	n/a
2087.286	n/a	PROB	1043643	n/a	LTP267	ltpFR	7	n/a	n/a	n/a	n/a	n/a	n/a	n/a	13	9	3	1	n/a	n/a	n/a	n/a	n/a
2089.506	n/a	STOP	1044753	n/a	LTP267	ltpFR	7	n/a	n/a	n/a	n/a	n/a	n/a	n/a	n/a	n/a	n/a	n/a	n/a	n/a	n/a	n/a	n/a
2091.29	n/a	WORD	1045645	wordpools/wasnorm_wordpool_less_exclusions.txt	LTP267	ltpFR	7	7	1	TILE	1468	n/a	n/a	0	n/a	0	0	0	0.422607421875	0.5869140625	0	upper	amplitud.ttf
2094.302	n/a	START	1047151	n/a	LTP267	ltpFR	7	n/a	n/a	n/a	n/a	n/a	n/a	n/a	n/a	n/a	n/a	n/a	n/a	n/a	n/a	n/a	n/a
2095.256	n/a	PROB	1047628	n/a	LTP267	ltpFR	7	n/a	n/a	n/a	n/a	n/a	n/a	n/a	7	2	4	1	n/a	n/a	n/a	n/a	n/a
2096.79	n/a	PROB	1048395	n/a	LTP267	ltpFR	7	n/a	n/a	n/a	n/a	n/a	n/a	n/a	12	7	1	4	n/a	n/a	n/a	n/a	n/a
2098.798	n/a	PROB	1049399	n/a	LTP267	ltpFR	7	n/a	n/a	n/a	n/a	n/a	n/a	n/a	19	3	8	8	n/a	n/a	n/a	n/a	n/a
2101.14	n/a	PROB	1050570	n/a	LTP267	ltpFR	7	n/a	n/a	n/a	n/a	n/a	n/a	n/a	20	3	9	8	n/a	n/a	n/a	n/a	n/a
2102.93	n/a	PROB	1051465	n/a	LTP267	ltpFR	7	n/a	n/a	n/a	n/a	n/a	n/a	n/a	15	7	1	7	n/a	n/a	n/a	n/a	n/a
2110.304	n/a	STOP	1055152	n/a	LTP267	ltpFR	7	n/a	n/a	n/a	n/a	n/a	n/a	n/a	n/a	n/a	n/a	n/a	n/a	n/a	n/a	n/a	n/a
2111.378	n/a	WORD	1055689	wordpools/wasnorm_wordpool_less_exclusions.txt	LTP267	ltpFR	7	7	1	INCENSE	735	n/a	n/a	0	n/a	0	0	0	0.422607421875	0.5869140625	0	upper	amplitud.ttf
2114.396	n/a	START	1057198	n/a	LTP267	ltpFR	7	n/a	n/a	n/a	n/a	n/a	n/a	n/a	n/a	n/a	n/a	n/a	n/a	n/a	n/a	n/a	n/a
2115.416	n/a	PROB	1057708	n/a	LTP267	ltpFR	7	n/a	n/a	n/a	n/a	n/a	n/a	n/a	21	6	7	8	n/a	n/a	n/a	n/a	n/a
2119.398	n/a	PROB	1059699	n/a	LTP267	ltpFR	7	n/a	n/a	n/a	n/a	n/a	n/a	n/a	22	4	9	9	n/a	n/a	n/a	n/a	n/a
2121.74	n/a	PROB	1060870	n/a	LTP267	ltpFR	7	n/a	n/a	n/a	n/a	n/a	n/a	n/a	4	1	2	1	n/a	n/a	n/a	n/a	n/a
2122.726	n/a	PROB	1061363	n/a	LTP267	ltpFR	7	n/a	n/a	n/a	n/a	n/a	n/a	n/a	19	4	8	7	n/a	n/a	n/a	n/a	n/a
2124.412	n/a	PROB	1062206	n/a	LTP267	ltpFR	7	n/a	n/a	n/a	n/a	n/a	n/a	n/a	17	7	9	1	n/a	n/a	n/a	n/a	n/a
2125.856	n/a	PROB	1062928	n/a	LTP267	ltpFR	7	n/a	n/a	n/a	n/a	n/a	n/a	n/a	8	5	1	2	n/a	n/a	n/a	n/a	n/a
2127.824	n/a	PROB	1063912	n/a	LTP267	ltpFR	7	n/a	n/a	n/a	n/a	n/a	n/a	n/a	20	4	9	7	n/a	n/a	n/a	n/a	n/a
2130.1	n/a	STOP	1065050	n/a	LTP267	ltpFR	7	n/a	n/a	n/a	n/a	n/a	n/a	n/a	n/a	n/a	n/a	n/a	n/a	n/a	n/a	n/a	n/a
2131.588	n/a	WORD	1065794	wordpools/wasnorm_wordpool_less_exclusions.txt	LTP267	ltpFR	7	7	1	HARE	688	n/a	n/a	0	n/a	0	0	0	0.422607421875	0.5869140625	0	upper	amplitud.ttf
2134.606	n/a	START	1067303	n/a	LTP267	ltpFR	7	n/a	n/a	n/a	n/a	n/a	n/a	n/a	n/a	n/a	n/a	n/a	n/a	n/a	n/a	n/a	n/a
2135.776	n/a	PROB	1067888	n/a	LTP267	ltpFR	7	n/a	n/a	n/a	n/a	n/a	n/a	n/a	20	2	9	9	n/a	n/a	n/a	n/a	n/a
2137.11	n/a	PROB	1068555	n/a	LTP267	ltpFR	7	n/a	n/a	n/a	n/a	n/a	n/a	n/a	14	5	5	4	n/a	n/a	n/a	n/a	n/a
2138.918	n/a	PROB	1069459	n/a	LTP267	ltpFR	7	n/a	n/a	n/a	n/a	n/a	n/a	n/a	18	5	9	4	n/a	n/a	n/a	n/a	n/a
2141.376	n/a	PROB	1070688	n/a	LTP267	ltpFR	7	n/a	n/a	n/a	n/a	n/a	n/a	n/a	16	5	8	3	n/a	n/a	n/a	n/a	n/a
2144.422	n/a	PROB	1072211	n/a	LTP267	ltpFR	7	n/a	n/a	n/a	n/a	n/a	n/a	n/a	9	1	3	5	n/a	n/a	n/a	n/a	n/a
2146.194	n/a	PROB	1073097	n/a	LTP267	ltpFR	7	n/a	n/a	n/a	n/a	n/a	n/a	n/a	19	6	5	7	n/a	n/a	n/a	n/a	n/a
2149.236	n/a	STOP	1074618	n/a	LTP267	ltpFR	7	n/a	n/a	n/a	n/a	n/a	n/a	n/a	n/a	n/a	n/a	n/a	n/a	n/a	n/a	n/a	n/a
2151.704	n/a	WORD	1075852	wordpools/wasnorm_wordpool_less_exclusions.txt	LTP267	ltpFR	7	7	1	WALL	1582	n/a	n/a	1	n/a	0	0	0	0.422607421875	0.5869140625	0	upper	amplitud.ttf
2154.716	n/a	START	1077358	n/a	LTP267	ltpFR	7	n/a	n/a	n/a	n/a	n/a	n/a	n/a	n/a	n/a	n/a	n/a	n/a	n/a	n/a	n/a	n/a
2155.702	n/a	PROB	1077851	n/a	LTP267	ltpFR	7	n/a	n/a	n/a	n/a	n/a	n/a	n/a	25	9	9	7	n/a	n/a	n/a	n/a	n/a
2159.15	n/a	PROB	1079575	n/a	LTP267	ltpFR	7	n/a	n/a	n/a	n/a	n/a	n/a	n/a	17	9	2	6	n/a	n/a	n/a	n/a	n/a
2161.186	n/a	PROB	1080593	n/a	LTP267	ltpFR	7	n/a	n/a	n/a	n/a	n/a	n/a	n/a	10	6	1	2	n/a	n/a	n/a	n/a	n/a
2163.194	n/a	PROB	1081597	n/a	LTP267	ltpFR	7	n/a	n/a	n/a	n/a	n/a	n/a	n/a	13	6	4	3	n/a	n/a	n/a	n/a	n/a
2167.124	n/a	PROB	1083562	n/a	LTP267	ltpFR	7	n/a	n/a	n/a	n/a	n/a	n/a	n/a	15	1	6	8	n/a	n/a	n/a	n/a	n/a
2169.774	n/a	STOP	1084887	n/a	LTP267	ltpFR	7	n/a	n/a	n/a	n/a	n/a	n/a	n/a	n/a	n/a	n/a	n/a	n/a	n/a	n/a	n/a	n/a
2171.546	n/a	WORD	1085773	wordpools/wasnorm_wordpool_less_exclusions.txt	LTP267	ltpFR	7	7	1	BUILDER	190	n/a	n/a	1	n/a	0	0	0	0.422607421875	0.5869140625	0	upper	amplitud.ttf
2174.56	n/a	START	1087280	n/a	LTP267	ltpFR	7	n/a	n/a	n/a	n/a	n/a	n/a	n/a	n/a	n/a	n/a	n/a	n/a	n/a	n/a	n/a	n/a
2175.612	n/a	PROB	1087806	n/a	LTP267	ltpFR	7	n/a	n/a	n/a	n/a	n/a	n/a	n/a	17	8	4	5	n/a	n/a	n/a	n/a	n/a
2179.304	n/a	PROB	1089652	n/a	LTP267	ltpFR	7	n/a	n/a	n/a	n/a	n/a	n/a	n/a	10	5	2	3	n/a	n/a	n/a	n/a	n/a
2182.016	n/a	PROB	1091008	n/a	LTP267	ltpFR	7	n/a	n/a	n/a	n/a	n/a	n/a	n/a	17	5	2	9	n/a	n/a	n/a	n/a	n/a
2184.81	n/a	PROB	1092405	n/a	LTP267	ltpFR	7	n/a	n/a	n/a	n/a	n/a	n/a	n/a	18	9	1	8	n/a	n/a	n/a	n/a	n/a
2187.0	n/a	PROB	1093500	n/a	LTP267	ltpFR	7	n/a	n/a	n/a	n/a	n/a	n/a	n/a	20	6	7	6	n/a	n/a	n/a	n/a	n/a
2190.558	n/a	STOP	1095279	n/a	LTP267	ltpFR	7	n/a	n/a	n/a	n/a	n/a	n/a	n/a	n/a	n/a	n/a	n/a	n/a	n/a	n/a	n/a	n/a
2191.758	n/a	WORD	1095879	wordpools/wasnorm_wordpool_less_exclusions.txt	LTP267	ltpFR	7	7	1	WHISKERS	1605	n/a	n/a	0	n/a	0	0	0	0.422607421875	0.5869140625	0	upper	amplitud.ttf
2194.782	n/a	START	1097391	n/a	LTP267	ltpFR	7	n/a	n/a	n/a	n/a	n/a	n/a	n/a	n/a	n/a	n/a	n/a	n/a	n/a	n/a	n/a	n/a
2195.622	n/a	PROB	1097811	n/a	LTP267	ltpFR	7	n/a	n/a	n/a	n/a	n/a	n/a	n/a	20	8	6	6	n/a	n/a	n/a	n/a	n/a
2198.266	n/a	PROB	1099133	n/a	LTP267	ltpFR	7	n/a	n/a	n/a	n/a	n/a	n/a	n/a	6	1	4	1	n/a	n/a	n/a	n/a	n/a
2199.466	n/a	PROB	1099733	n/a	LTP267	ltpFR	7	n/a	n/a	n/a	n/a	n/a	n/a	n/a	16	8	2	6	n/a	n/a	n/a	n/a	n/a
2201.74	n/a	PROB	1100870	n/a	LTP267	ltpFR	7	n/a	n/a	n/a	n/a	n/a	n/a	n/a	15	3	8	5	n/a	n/a	n/a	n/a	n/a
2204.518	n/a	PROB	1102259	n/a	LTP267	ltpFR	7	n/a	n/a	n/a	n/a	n/a	n/a	n/a	13	2	7	4	n/a	n/a	n/a	n/a	n/a
2206.564	n/a	PROB	1103282	n/a	LTP267	ltpFR	7	n/a	n/a	n/a	n/a	n/a	n/a	n/a	10	2	3	5	n/a	n/a	n/a	n/a	n/a
2210.782	n/a	STOP	1105391	n/a	LTP267	ltpFR	7	n/a	n/a	n/a	n/a	n/a	n/a	n/a	n/a	n/a	n/a	n/a	n/a	n/a	n/a	n/a	n/a
2211.8	n/a	WORD	1105900	wordpools/wasnorm_wordpool_less_exclusions.txt	LTP267	ltpFR	7	7	1	TORTOISE	1486	n/a	n/a	1	n/a	0	0	0	0.422607421875	0.5869140625	0	upper	amplitud.ttf
2214.814	n/a	START	1107407	n/a	LTP267	ltpFR	7	n/a	n/a	n/a	n/a	n/a	n/a	n/a	n/a	n/a	n/a	n/a	n/a	n/a	n/a	n/a	n/a
2216.018	n/a	PROB	1108009	n/a	LTP267	ltpFR	7	n/a	n/a	n/a	n/a	n/a	n/a	n/a	21	7	6	8	n/a	n/a	n/a	n/a	n/a
2220.312	n/a	PROB	1110156	n/a	LTP267	ltpFR	7	n/a	n/a	n/a	n/a	n/a	n/a	n/a	13	4	8	1	n/a	n/a	n/a	n/a	n/a
2222.158	n/a	PROB	1111079	n/a	LTP267	ltpFR	7	n/a	n/a	n/a	n/a	n/a	n/a	n/a	9	2	4	3	n/a	n/a	n/a	n/a	n/a
2224.014	n/a	PROB	1112007	n/a	LTP267	ltpFR	7	n/a	n/a	n/a	n/a	n/a	n/a	n/a	16	9	4	4	n/a	n/a	n/a	n/a	n/a
2226.456	n/a	PROB	1113228	n/a	LTP267	ltpFR	7	n/a	n/a	n/a	n/a	n/a	n/a	n/a	15	7	2	6	n/a	n/a	n/a	n/a	n/a
2230.088	n/a	STOP	1115044	n/a	LTP267	ltpFR	7	n/a	n/a	n/a	n/a	n/a	n/a	n/a	n/a	n/a	n/a	n/a	n/a	n/a	n/a	n/a	n/a
2231.812	n/a	WORD	1115906	wordpools/wasnorm_wordpool_less_exclusions.txt	LTP267	ltpFR	7	7	1	FRIEND	606	n/a	n/a	1	n/a	0	0	0	0.422607421875	0.5869140625	0	upper	amplitud.ttf
2234.824	n/a	START	1117412	n/a	LTP267	ltpFR	7	n/a	n/a	n/a	n/a	n/a	n/a	n/a	n/a	n/a	n/a	n/a	n/a	n/a	n/a	n/a	n/a
2235.938	n/a	PROB	1117969	n/a	LTP267	ltpFR	7	n/a	n/a	n/a	n/a	n/a	n/a	n/a	9	1	2	6	n/a	n/a	n/a	n/a	n/a
2237.666	n/a	PROB	1118833	n/a	LTP267	ltpFR	7	n/a	n/a	n/a	n/a	n/a	n/a	n/a	13	1	7	5	n/a	n/a	n/a	n/a	n/a
2239.586	n/a	PROB	1119793	n/a	LTP267	ltpFR	7	n/a	n/a	n/a	n/a	n/a	n/a	n/a	12	1	8	3	n/a	n/a	n/a	n/a	n/a
2241.408	n/a	PROB	1120704	n/a	LTP267	ltpFR	7	n/a	n/a	n/a	n/a	n/a	n/a	n/a	13	4	1	8	n/a	n/a	n/a	n/a	n/a
2243.166	n/a	PROB	1121583	n/a	LTP267	ltpFR	7	n/a	n/a	n/a	n/a	n/a	n/a	n/a	8	1	1	6	n/a	n/a	n/a	n/a	n/a
2244.286	n/a	PROB	1122143	n/a	LTP267	ltpFR	7	n/a	n/a	n/a	n/a	n/a	n/a	n/a	17	2	8	7	n/a	n/a	n/a	n/a	n/a
2245.998	n/a	PROB	1122999	n/a	LTP267	ltpFR	7	n/a	n/a	n/a	n/a	n/a	n/a	n/a	14	1	4	9	n/a	n/a	n/a	n/a	n/a
2248.568	n/a	PROB	1124284	n/a	LTP267	ltpFR	7	n/a	n/a	n/a	n/a	n/a	n/a	n/a	13	4	1	8	n/a	n/a	n/a	n/a	n/a
2249.978	n/a	STOP	1124989	n/a	LTP267	ltpFR	7	n/a	n/a	n/a	n/a	n/a	n/a	n/a	n/a	n/a	n/a	n/a	n/a	n/a	n/a	n/a	n/a
2252.034	n/a	WORD	1126017	wordpools/wasnorm_wordpool_less_exclusions.txt	LTP267	ltpFR	7	7	1	STRANGER	1389	n/a	n/a	1	n/a	0	0	0	0.422607421875	0.5869140625	0	upper	amplitud.ttf
2255.05	n/a	START	1127525	n/a	LTP267	ltpFR	7	n/a	n/a	n/a	n/a	n/a	n/a	n/a	n/a	n/a	n/a	n/a	n/a	n/a	n/a	n/a	n/a
2255.986	n/a	PROB	1127993	n/a	LTP267	ltpFR	7	n/a	n/a	n/a	n/a	n/a	n/a	n/a	14	4	9	1	n/a	n/a	n/a	n/a	n/a
2257.454	n/a	PROB	1128727	n/a	LTP267	ltpFR	7	n/a	n/a	n/a	n/a	n/a	n/a	n/a	8	3	4	2	n/a	n/a	n/a	n/a	n/a
2260.336	n/a	PROB	1130168	n/a	LTP267	ltpFR	7	n/a	n/a	n/a	n/a	n/a	n/a	n/a	12	5	5	2	n/a	n/a	n/a	n/a	n/a
2261.552	n/a	PROB	1130776	n/a	LTP267	ltpFR	7	n/a	n/a	n/a	n/a	n/a	n/a	n/a	10	1	4	5	n/a	n/a	n/a	n/a	n/a
2262.912	n/a	PROB	1131456	n/a	LTP267	ltpFR	7	n/a	n/a	n/a	n/a	n/a	n/a	n/a	15	2	4	9	n/a	n/a	n/a	n/a	n/a
2265.388	n/a	PROB	1132694	n/a	LTP267	ltpFR	7	n/a	n/a	n/a	n/a	n/a	n/a	n/a	12	5	5	2	n/a	n/a	n/a	n/a	n/a
2266.71	n/a	PROB	1133355	n/a	LTP267	ltpFR	7	n/a	n/a	n/a	n/a	n/a	n/a	n/a	19	1	9	9	n/a	n/a	n/a	n/a	n/a
2271.05	n/a	STOP	1135525	n/a	LTP267	ltpFR	7	n/a	n/a	n/a	n/a	n/a	n/a	n/a	n/a	n/a	n/a	n/a	n/a	n/a	n/a	n/a	n/a
2272.986	n/a	REC_START	1136493	n/a	LTP267	ltpFR	7	7	n/a	n/a	n/a	n/a	n/a	n/a	n/a	0	0	0	n/a	n/a	n/a	n/a	n/a
2274.846	n/a	REC_WORD	1137423	wordpools/wasnorm_wordpool_less_exclusions.txt	LTP267	ltpFR	7	7	1	STRANGER	1389	n/a	n/a	1	n/a	0	0	0	n/a	n/a	n/a	n/a	n/a
2275.79	n/a	REC_WORD	1137895	wordpools/wasnorm_wordpool_less_exclusions.txt	LTP267	ltpFR	7	7	1	FRIEND	606	n/a	n/a	1	n/a	0	0	0	n/a	n/a	n/a	n/a	n/a
2277.048	n/a	REC_WORD	1138524	wordpools/wasnorm_wordpool_less_exclusions.txt	LTP267	ltpFR	7	7	n/a	DOG	480	n/a	n/a	n/a	n/a	0	0	0	n/a	n/a	n/a	n/a	n/a
2277.882	n/a	REC_WORD	1138941	wordpools/wasnorm_wordpool_less_exclusions.txt	LTP267	ltpFR	7	7	1	WHISKERS	1605	n/a	n/a	0	n/a	0	0	0	n/a	n/a	n/a	n/a	n/a
2278.984	n/a	REC_WORD	1139492	wordpools/wasnorm_wordpool_less_exclusions.txt	LTP267	ltpFR	7	7	n/a	PICNIC	1060	n/a	n/a	n/a	n/a	0	0	0	n/a	n/a	n/a	n/a	n/a
2285.198	n/a	REC_WORD	1142599	wordpools/wasnorm_wordpool_less_exclusions.txt	LTP267	ltpFR	7	7	1	BUILDER	190	n/a	n/a	1	n/a	0	0	0	n/a	n/a	n/a	n/a	n/a
2287.428	n/a	REC_WORD	1143714	wordpools/wasnorm_wordpool_less_exclusions.txt	LTP267	ltpFR	7	7	1	COOLER	375	n/a	n/a	0	n/a	0	0	0	n/a	n/a	n/a	n/a	n/a
2351.68	n/a	WORD	1175840	wordpools/wasnorm_wordpool_less_exclusions.txt	LTP267	ltpFR	7	8	0	STUDENT	1395	n/a	n/a	1	n/a	0	0	0	0.57763671875	0.412841796875	1	lower	zerothre.ttf
2355.846	n/a	WORD	1177923	wordpools/wasnorm_wordpool_less_exclusions.txt	LTP267	ltpFR	7	8	0	FIREMAN	569	n/a	n/a	1	n/a	0	0	0	0.57763671875	0.412841796875	1	lower	zerothre.ttf
2359.782	n/a	WORD	1179891	wordpools/wasnorm_wordpool_less_exclusions.txt	LTP267	ltpFR	7	8	0	WRIST	1626	n/a	n/a	0	n/a	0	0	0	0.57763671875	0.412841796875	1	lower	zerothre.ttf
2363.944	n/a	WORD	1181972	wordpools/wasnorm_wordpool_less_exclusions.txt	LTP267	ltpFR	7	8	0	SUPPER	1411	n/a	n/a	1	n/a	0	0	0	0.57763671875	0.412841796875	1	lower	zerothre.ttf
2368.01	n/a	WORD	1184005	wordpools/wasnorm_wordpool_less_exclusions.txt	LTP267	ltpFR	7	8	0	WAITRESS	1581	n/a	n/a	1	n/a	0	0	0	0.57763671875	0.412841796875	1	lower	zerothre.ttf
2371.996	n/a	WORD	1185998	wordpools/wasnorm_wordpool_less_exclusions.txt	LTP267	ltpFR	7	8	0	GLUE	643	n/a	n/a	0	n/a	0	0	0	0.57763671875	0.412841796875	1	lower	zerothre.ttf
2376.212	n/a	WORD	1188106	wordpools/wasnorm_wordpool_less_exclusions.txt	LTP267	ltpFR	7	8	0	CATHEDRAL	260	n/a	n/a	1	n/a	0	0	0	0.57763671875	0.412841796875	1	lower	zerothre.ttf
2380.428	n/a	WORD	1190214	wordpools/wasnorm_wordpool_less_exclusions.txt	LTP267	ltpFR	7	8	0	PUPIL	1143	n/a	n/a	1	n/a	0	0	0	0.57763671875	0.412841796875	1	lower	zerothre.ttf
2384.444	n/a	WORD	1192222	wordpools/wasnorm_wordpool_less_exclusions.txt	LTP267	ltpFR	7	8	0	MISSILE	900	n/a	n/a	1	n/a	0	0	0	0.57763671875	0.412841796875	1	lower	zerothre.ttf
2388.376	n/a	WORD	1194188	wordpools/wasnorm_wordpool_less_exclusions.txt	LTP267	ltpFR	7	8	0	COD	340	n/a	n/a	1	n/a	0	0	0	0.57763671875	0.412841796875	1	lower	zerothre.ttf
2392.536	n/a	WORD	1196268	wordpools/wasnorm_wordpool_less_exclusions.txt	LTP267	ltpFR	7	8	0	CREEK	404	n/a	n/a	1	n/a	0	0	0	0.57763671875	0.412841796875	1	lower	zerothre.ttf
2396.722	n/a	WORD	1198361	wordpools/wasnorm_wordpool_less_exclusions.txt	LTP267	ltpFR	7	8	0	DAM	436	n/a	n/a	1	n/a	0	0	0	0.57763671875	0.412841796875	1	lower	zerothre.ttf
2400.682	n/a	WORD	1200341	wordpools/wasnorm_wordpool_less_exclusions.txt	LTP267	ltpFR	7	8	0	DESK	452	n/a	n/a	1	n/a	0	0	0	0.57763671875	0.412841796875	1	lower	zerothre.ttf
2404.906	n/a	WORD	1202453	wordpools/wasnorm_wordpool_less_exclusions.txt	LTP267	ltpFR	7	8	0	BEAR	106	n/a	n/a	1	n/a	0	0	0	0.57763671875	0.412841796875	1	lower	zerothre.ttf
2409.072	n/a	WORD	1204536	wordpools/wasnorm_wordpool_less_exclusions.txt	LTP267	ltpFR	7	8	0	CUB	419	n/a	n/a	1	n/a	0	0	0	0.57763671875	0.412841796875	1	lower	zerothre.ttf
2413.154	n/a	WORD	1206577	wordpools/wasnorm_wordpool_less_exclusions.txt	LTP267	ltpFR	7	8	0	PALM	1007	n/a	n/a	0	n/a	0	0	0	0.57763671875	0.412841796875	1	lower	zerothre.ttf
2418.942	n/a	REC_START	1209471	n/a	LTP267	ltpFR	7	8	n/a	n/a	n/a	n/a	n/a	n/a	n/a	0	0	0	n/a	n/a	n/a	n/a	n/a
2419.614	n/a	REC_WORD	1209807	wordpools/wasnorm_wordpool_less_exclusions.txt	LTP267	ltpFR	7	8	0	STUDENT	1395	n/a	n/a	1	n/a	0	0	0	n/a	n/a	n/a	n/a	n/a
2420.592	n/a	REC_WORD	1210296	wordpools/wasnorm_wordpool_less_exclusions.txt	LTP267	ltpFR	7	8	0	FIREMAN	569	n/a	n/a	1	n/a	0	0	0	n/a	n/a	n/a	n/a	n/a
2421.864	n/a	REC_WORD	1210932	wordpools/wasnorm_wordpool_less_exclusions.txt	LTP267	ltpFR	7	8	0	WRIST	1626	n/a	n/a	0	n/a	0	0	0	n/a	n/a	n/a	n/a	n/a
2422.748	n/a	REC_WORD	1211374	wordpools/wasnorm_wordpool_less_exclusions.txt	LTP267	ltpFR	7	8	0	SUPPER	1411	n/a	n/a	1	n/a	0	0	0	n/a	n/a	n/a	n/a	n/a
2423.932	n/a	REC_WORD	1211966	wordpools/wasnorm_wordpool_less_exclusions.txt	LTP267	ltpFR	7	8	0	WAITRESS	1581	n/a	n/a	1	n/a	0	0	0	n/a	n/a	n/a	n/a	n/a
2424.964	n/a	REC_WORD	1212482	wordpools/wasnorm_wordpool_less_exclusions.txt	LTP267	ltpFR	7	8	0	GLUE	643	n/a	n/a	0	n/a	0	0	0	n/a	n/a	n/a	n/a	n/a
2426.012	n/a	REC_WORD	1213006	wordpools/wasnorm_wordpool_less_exclusions.txt	LTP267	ltpFR	7	8	0	DAM	436	n/a	n/a	1	n/a	0	0	0	n/a	n/a	n/a	n/a	n/a
2427.032	n/a	REC_WORD	1213516	wordpools/wasnorm_wordpool_less_exclusions.txt	LTP267	ltpFR	7	8	0	CREEK	404	n/a	n/a	1	n/a	0	0	0	n/a	n/a	n/a	n/a	n/a
2428.22	n/a	REC_WORD	1214110	wordpools/wasnorm_wordpool_less_exclusions.txt	LTP267	ltpFR	7	8	0	CUB	419	n/a	n/a	1	n/a	0	0	0	n/a	n/a	n/a	n/a	n/a
2429.432	n/a	REC_WORD	1214716	wordpools/wasnorm_wordpool_less_exclusions.txt	LTP267	ltpFR	7	8	0	BEAR	106	n/a	n/a	1	n/a	0	0	0	n/a	n/a	n/a	n/a	n/a
2431.6	n/a	REC_WORD	1215800	wordpools/wasnorm_wordpool_less_exclusions.txt	LTP267	ltpFR	7	8	0	PUPIL	1143	n/a	n/a	1	n/a	0	0	0	n/a	n/a	n/a	n/a	n/a
2443.912	n/a	REC_WORD	1221956	wordpools/wasnorm_wordpool_less_exclusions.txt	LTP267	ltpFR	7	8	0	CATHEDRAL	260	n/a	n/a	1	n/a	0	0	0	n/a	n/a	n/a	n/a	n/a
2467.758	n/a	REC_WORD	1233879	wordpools/wasnorm_wordpool_less_exclusions.txt	LTP267	ltpFR	7	8	0	COD	340	n/a	n/a	1	n/a	0	0	0	n/a	n/a	n/a	n/a	n/a
2497.822	n/a	WORD	1248911	wordpools/wasnorm_wordpool_less_exclusions.txt	LTP267	ltpFR	7	9	0	TICK	1463	n/a	n/a	0	n/a	0	0	0	0.57763671875	0.412841796875	1	lower	zerothre.ttf
2501.686	n/a	WORD	1250843	wordpools/wasnorm_wordpool_less_exclusions.txt	LTP267	ltpFR	7	9	0	REFEREE	1178	n/a	n/a	1	n/a	0	0	0	0.57763671875	0.412841796875	1	lower	zerothre.ttf
2505.824	n/a	WORD	1252912	wordpools/wasnorm_wordpool_less_exclusions.txt	LTP267	ltpFR	7	9	0	ARENA	37	n/a	n/a	1	n/a	0	0	0	0.57763671875	0.412841796875	1	lower	zerothre.ttf
2509.654	n/a	WORD	1254827	wordpools/wasnorm_wordpool_less_exclusions.txt	LTP267	ltpFR	7	9	0	FRUIT	610	n/a	n/a	1	n/a	0	0	0	0.57763671875	0.412841796875	1	lower	zerothre.ttf
2513.536	n/a	WORD	1256768	wordpools/wasnorm_wordpool_less_exclusions.txt	LTP267	ltpFR	7	9	0	APRON	35	n/a	n/a	0	n/a	0	0	0	0.57763671875	0.412841796875	1	lower	zerothre.ttf
2517.67	n/a	WORD	1258835	wordpools/wasnorm_wordpool_less_exclusions.txt	LTP267	ltpFR	7	9	0	CLOSET	326	n/a	n/a	1	n/a	0	0	0	0.57763671875	0.412841796875	1	lower	zerothre.ttf
2521.7	n/a	WORD	1260850	wordpools/wasnorm_wordpool_less_exclusions.txt	LTP267	ltpFR	7	9	0	SAXOPHONE	1240	n/a	n/a	1	n/a	0	0	0	0.57763671875	0.412841796875	1	lower	zerothre.ttf
2525.532	n/a	WORD	1262766	wordpools/wasnorm_wordpool_less_exclusions.txt	LTP267	ltpFR	7	9	0	CHIP	303	n/a	n/a	0	n/a	0	0	0	0.57763671875	0.412841796875	1	lower	zerothre.ttf
2529.398	n/a	WORD	1264699	wordpools/wasnorm_wordpool_less_exclusions.txt	LTP267	ltpFR	7	9	0	SNACK	1331	n/a	n/a	1	n/a	0	0	0	0.57763671875	0.412841796875	1	lower	zerothre.ttf
2533.446	n/a	WORD	1266723	wordpools/wasnorm_wordpool_less_exclusions.txt	LTP267	ltpFR	7	9	0	FLESH	579	n/a	n/a	1	n/a	0	0	0	0.57763671875	0.412841796875	1	lower	zerothre.ttf
2537.478	n/a	WORD	1268739	wordpools/wasnorm_wordpool_less_exclusions.txt	LTP267	ltpFR	7	9	0	RASH	1167	n/a	n/a	1	n/a	0	0	0	0.57763671875	0.412841796875	1	lower	zerothre.ttf
2541.706	n/a	WORD	1270853	wordpools/wasnorm_wordpool_less_exclusions.txt	LTP267	ltpFR	7	9	0	QUEEN	1149	n/a	n/a	1	n/a	0	0	0	0.57763671875	0.412841796875	1	lower	zerothre.ttf
2545.688	n/a	WORD	1272844	wordpools/wasnorm_wordpool_less_exclusions.txt	LTP267	ltpFR	7	9	0	SAP	1233	n/a	n/a	1	n/a	0	0	0	0.57763671875	0.412841796875	1	lower	zerothre.ttf
2549.752	n/a	WORD	1274876	wordpools/wasnorm_wordpool_less_exclusions.txt	LTP267	ltpFR	7	9	0	QUARTER	1148	n/a	n/a	1	n/a	0	0	0	0.57763671875	0.412841796875	1	lower	zerothre.ttf
2553.808	n/a	WORD	1276904	wordpools/wasnorm_wordpool_less_exclusions.txt	LTP267	ltpFR	7	9	0	DONOR	485	n/a	n/a	0	n/a	0	0	0	0.57763671875	0.412841796875	1	lower	zerothre.ttf
2557.672	n/a	WORD	1278836	wordpools/wasnorm_wordpool_less_exclusions.txt	LTP267	ltpFR	7	9	0	BLACKBERRY	132	n/a	n/a	1	n/a	0	0	0	0.57763671875	0.412841796875	1	lower	zerothre.ttf
2560.684	n/a	START	1280342	n/a	LTP267	ltpFR	7	n/a	n/a	n/a	n/a	n/a	n/a	n/a	n/a	n/a	n/a	n/a	n/a	n/a	n/a	n/a	n/a
2561.866	n/a	PROB	1280933	n/a	LTP267	ltpFR	7	n/a	n/a	n/a	n/a	n/a	n/a	n/a	9	2	5	2	n/a	n/a	n/a	n/a	n/a
2564.676	n/a	PROB	1282338	n/a	LTP267	ltpFR	7	n/a	n/a	n/a	n/a	n/a	n/a	n/a	19	5	7	7	n/a	n/a	n/a	n/a	n/a
2567.676	n/a	PROB	1283838	n/a	LTP267	ltpFR	7	n/a	n/a	n/a	n/a	n/a	n/a	n/a	21	7	9	5	n/a	n/a	n/a	n/a	n/a
2572.094	n/a	PROB	1286047	n/a	LTP267	ltpFR	7	n/a	n/a	n/a	n/a	n/a	n/a	n/a	19	9	7	3	n/a	n/a	n/a	n/a	n/a
2573.366	n/a	PROB	1286683	n/a	LTP267	ltpFR	7	n/a	n/a	n/a	n/a	n/a	n/a	n/a	18	9	3	6	n/a	n/a	n/a	n/a	n/a
2576.684	n/a	STOP	1288342	n/a	LTP267	ltpFR	7	n/a	n/a	n/a	n/a	n/a	n/a	n/a	n/a	n/a	n/a	n/a	n/a	n/a	n/a	n/a	n/a
2578.614	n/a	REC_START	1289307	n/a	LTP267	ltpFR	7	9	n/a	n/a	n/a	n/a	n/a	n/a	n/a	0	0	0	n/a	n/a	n/a	n/a	n/a
2581.69	n/a	REC_WORD	1290845	wordpools/wasnorm_wordpool_less_exclusions.txt	LTP267	ltpFR	7	9	0	REFEREE	1178	n/a	n/a	1	n/a	0	0	0	n/a	n/a	n/a	n/a	n/a
2582.804	n/a	REC_WORD	1291402	wordpools/wasnorm_wordpool_less_exclusions.txt	LTP267	ltpFR	7	9	0	TICK	1463	n/a	n/a	0	n/a	0	0	0	n/a	n/a	n/a	n/a	n/a
2583.57	n/a	REC_WORD	1291785	wordpools/wasnorm_wordpool_less_exclusions.txt	LTP267	ltpFR	7	9	0	ARENA	37	n/a	n/a	1	n/a	0	0	0	n/a	n/a	n/a	n/a	n/a
2584.362	n/a	REC_WORD	1292181	wordpools/wasnorm_wordpool_less_exclusions.txt	LTP267	ltpFR	7	9	0	FRUIT	610	n/a	n/a	1	n/a	0	0	0	n/a	n/a	n/a	n/a	n/a
2585.458	n/a	REC_WORD	1292729	wordpools/wasnorm_wordpool_less_exclusions.txt	LTP267	ltpFR	7	9	0	CHIP	303	n/a	n/a	0	n/a	0	0	0	n/a	n/a	n/a	n/a	n/a
2589.594	n/a	REC_WORD	1294797	wordpools/wasnorm_wordpool_less_exclusions.txt	LTP267	ltpFR	7	9	0	CLOSET	326	n/a	n/a	1	n/a	0	0	0	n/a	n/a	n/a	n/a	n/a
2590.46	n/a	REC_WORD	1295230	wordpools/wasnorm_wordpool_less_exclusions.txt	LTP267	ltpFR	7	9	0	SAXOPHONE	1240	n/a	n/a	1	n/a	0	0	0	n/a	n/a	n/a	n/a	n/a
2592.504	n/a	REC_WORD	1296252	wordpools/wasnorm_wordpool_less_exclusions.txt	LTP267	ltpFR	7	9	0	QUEEN	1149	n/a	n/a	1	n/a	0	0	0	n/a	n/a	n/a	n/a	n/a
2607.074	n/a	REC_WORD	1303537	wordpools/wasnorm_wordpool_less_exclusions.txt	LTP267	ltpFR	7	9	0	SAP	1233	n/a	n/a	1	n/a	0	0	0	n/a	n/a	n/a	n/a	n/a
2609.23	n/a	REC_WORD	1304615	wordpools/wasnorm_wordpool_less_exclusions.txt	LTP267	ltpFR	7	9	0	FLESH	579	n/a	n/a	1	n/a	0	0	0	n/a	n/a	n/a	n/a	n/a
2617.932	n/a	REC_WORD	1308966	wordpools/wasnorm_wordpool_less_exclusions.txt	LTP267	ltpFR	7	9	0	CLOSET	326	n/a	n/a	1	n/a	0	0	0	n/a	n/a	n/a	n/a	n/a
2625.87	n/a	REC_WORD	1312935	wordpools/wasnorm_wordpool_less_exclusions.txt	LTP267	ltpFR	7	9	0	BLACKBERRY	132	n/a	n/a	1	n/a	0	0	0	n/a	n/a	n/a	n/a	n/a
2657.32	n/a	WORD	1328660	wordpools/wasnorm_wordpool_less_exclusions.txt	LTP267	ltpFR	7	10	1	CURB	426	n/a	n/a	0	n/a	0	0	0	0.422607421875	0.5869140625	0	upper	amplitud.ttf
2661.268	n/a	WORD	1330634	wordpools/wasnorm_wordpool_less_exclusions.txt	LTP267	ltpFR	7	10	1	HIKER	708	n/a	n/a	1	n/a	0	0	0	0.422607421875	0.5869140625	0	upper	amplitud.ttf
2665.144	n/a	WORD	1332572	wordpools/wasnorm_wordpool_less_exclusions.txt	LTP267	ltpFR	7	10	1	COP	376	n/a	n/a	1	n/a	0	0	0	0.422607421875	0.5869140625	0	upper	amplitud.ttf
2669.182	n/a	WORD	1334591	wordpools/wasnorm_wordpool_less_exclusions.txt	LTP267	ltpFR	7	10	1	TAR	1435	n/a	n/a	0	n/a	0	0	0	0.422607421875	0.5869140625	0	upper	amplitud.ttf
2673.014	n/a	WORD	1336507	wordpools/wasnorm_wordpool_less_exclusions.txt	LTP267	ltpFR	7	10	1	SOCKET	1340	n/a	n/a	0	n/a	0	0	0	0.422607421875	0.5869140625	0	upper	amplitud.ttf
2676.978	n/a	WORD	1338489	wordpools/wasnorm_wordpool_less_exclusions.txt	LTP267	ltpFR	7	10	1	MONUMENT	913	n/a	n/a	1	n/a	0	0	0	0.422607421875	0.5869140625	0	upper	amplitud.ttf
2680.838	n/a	WORD	1340419	wordpools/wasnorm_wordpool_less_exclusions.txt	LTP267	ltpFR	7	10	1	SIREN	1310	n/a	n/a	1	n/a	0	0	0	0.422607421875	0.5869140625	0	upper	amplitud.ttf
2684.756	n/a	WORD	1342378	wordpools/wasnorm_wordpool_less_exclusions.txt	LTP267	ltpFR	7	10	1	GROUND	666	n/a	n/a	1	n/a	0	0	0	0.422607421875	0.5869140625	0	upper	amplitud.ttf
2688.606	n/a	WORD	1344303	wordpools/wasnorm_wordpool_less_exclusions.txt	LTP267	ltpFR	7	10	1	TOWER	1490	n/a	n/a	1	n/a	0	0	0	0.422607421875	0.5869140625	0	upper	amplitud.ttf
2692.622	n/a	WORD	1346311	wordpools/wasnorm_wordpool_less_exclusions.txt	LTP267	ltpFR	7	10	1	BACK	65	n/a	n/a	0	n/a	0	0	0	0.422607421875	0.5869140625	0	upper	amplitud.ttf
2696.586	n/a	WORD	1348293	wordpools/wasnorm_wordpool_less_exclusions.txt	LTP267	ltpFR	7	10	1	STAR	1373	n/a	n/a	1	n/a	0	0	0	0.422607421875	0.5869140625	0	upper	amplitud.ttf
2700.58	n/a	WORD	1350290	wordpools/wasnorm_wordpool_less_exclusions.txt	LTP267	ltpFR	7	10	1	PERISCOPE	1050	n/a	n/a	0	n/a	0	0	0	0.422607421875	0.5869140625	0	upper	amplitud.ttf
2704.45	n/a	WORD	1352225	wordpools/wasnorm_wordpool_less_exclusions.txt	LTP267	ltpFR	7	10	1	COMPANION	357	n/a	n/a	1	n/a	0	0	0	0.422607421875	0.5869140625	0	upper	amplitud.ttf
2708.382	n/a	WORD	1354191	wordpools/wasnorm_wordpool_less_exclusions.txt	LTP267	ltpFR	7	10	1	CHEMIST	292	n/a	n/a	1	n/a	0	0	0	0.422607421875	0.5869140625	0	upper	amplitud.ttf
2712.514	n/a	WORD	1356257	wordpools/wasnorm_wordpool_less_exclusions.txt	LTP267	ltpFR	7	10	1	PASSENGER	1020	n/a	n/a	1	n/a	0	0	0	0.422607421875	0.5869140625	0	upper	amplitud.ttf
2716.362	n/a	WORD	1358181	wordpools/wasnorm_wordpool_less_exclusions.txt	LTP267	ltpFR	7	10	1	WINDSHIELD	1612	n/a	n/a	1	n/a	0	0	0	0.422607421875	0.5869140625	0	upper	amplitud.ttf
2719.374	n/a	START	1359687	n/a	LTP267	ltpFR	7	n/a	n/a	n/a	n/a	n/a	n/a	n/a	n/a	n/a	n/a	n/a	n/a	n/a	n/a	n/a	n/a
2720.26	n/a	PROB	1360130	n/a	LTP267	ltpFR	7	n/a	n/a	n/a	n/a	n/a	n/a	n/a	18	9	7	2	n/a	n/a	n/a	n/a	n/a
2722.652	n/a	PROB	1361326	n/a	LTP267	ltpFR	7	n/a	n/a	n/a	n/a	n/a	n/a	n/a	10	7	1	2	n/a	n/a	n/a	n/a	n/a
2724.76	n/a	PROB	1362380	n/a	LTP267	ltpFR	7	n/a	n/a	n/a	n/a	n/a	n/a	n/a	12	1	2	9	n/a	n/a	n/a	n/a	n/a
2725.836	n/a	STOP	1362918	n/a	LTP267	ltpFR	7	n/a	n/a	n/a	n/a	n/a	n/a	n/a	n/a	n/a	n/a	n/a	n/a	n/a	n/a	n/a	n/a
2729.14	n/a	REC_START	1364570	n/a	LTP267	ltpFR	7	10	n/a	n/a	n/a	n/a	n/a	n/a	n/a	0	0	0	n/a	n/a	n/a	n/a	n/a
2731.562	n/a	REC_WORD	1365781	wordpools/wasnorm_wordpool_less_exclusions.txt	LTP267	ltpFR	7	10	1	PERISCOPE	1050	n/a	n/a	0	n/a	0	0	0	n/a	n/a	n/a	n/a	n/a
2733.32	n/a	REC_WORD	1366660	wordpools/wasnorm_wordpool_less_exclusions.txt	LTP267	ltpFR	7	10	1	STAR	1373	n/a	n/a	1	n/a	0	0	0	n/a	n/a	n/a	n/a	n/a
2734.924	n/a	REC_WORD	1367462	wordpools/wasnorm_wordpool_less_exclusions.txt	LTP267	ltpFR	7	10	1	PASSENGER	1020	n/a	n/a	1	n/a	0	0	0	n/a	n/a	n/a	n/a	n/a
2736.2	n/a	REC_WORD	1368100	wordpools/wasnorm_wordpool_less_exclusions.txt	LTP267	ltpFR	7	10	1	HIKER	708	n/a	n/a	1	n/a	0	0	0	n/a	n/a	n/a	n/a	n/a
2737.18	n/a	REC_WORD	1368590	wordpools/wasnorm_wordpool_less_exclusions.txt	LTP267	ltpFR	7	10	1	CURB	426	n/a	n/a	0	n/a	0	0	0	n/a	n/a	n/a	n/a	n/a
2739.324	n/a	REC_WORD	1369662	wordpools/wasnorm_wordpool_less_exclusions.txt	LTP267	ltpFR	7	10	n/a	POLICE	1098	n/a	n/a	n/a	n/a	0	0	0	n/a	n/a	n/a	n/a	n/a
2741.672	n/a	REC_WORD	1370836	wordpools/wasnorm_wordpool_less_exclusions.txt	LTP267	ltpFR	7	10	1	TAR	1435	n/a	n/a	0	n/a	0	0	0	n/a	n/a	n/a	n/a	n/a
2742.858	n/a	REC_WORD	1371429	wordpools/wasnorm_wordpool_less_exclusions.txt	LTP267	ltpFR	7	10	1	MONUMENT	913	n/a	n/a	1	n/a	0	0	0	n/a	n/a	n/a	n/a	n/a
2746.772	n/a	REC_WORD	1373386	wordpools/wasnorm_wordpool_less_exclusions.txt	LTP267	ltpFR	7	10	1	GROUND	666	n/a	n/a	1	n/a	0	0	0	n/a	n/a	n/a	n/a	n/a
2747.802	n/a	REC_WORD	1373901	wordpools/wasnorm_wordpool_less_exclusions.txt	LTP267	ltpFR	7	10	1	SIREN	1310	n/a	n/a	1	n/a	0	0	0	n/a	n/a	n/a	n/a	n/a
2749.156	n/a	REC_WORD	1374578	wordpools/wasnorm_wordpool_less_exclusions.txt	LTP267	ltpFR	7	10	1	COP	376	n/a	n/a	1	n/a	0	0	0	n/a	n/a	n/a	n/a	n/a
2804.796	n/a	REST_REWET	1402398	n/a	LTP267	ltpFR	7	10	n/a	n/a	n/a	n/a	n/a	n/a	n/a	0	0	0	n/a	n/a	n/a	n/a	n/a
3430.04	n/a	WORD	1715020	wordpools/wasnorm_wordpool_less_exclusions.txt	LTP267	ltpFR	7	11	0	WINE	1613	n/a	n/a	0	n/a	0	0	0	0.57763671875	0.412841796875	1	lower	zerothre.ttf
3433.988	n/a	WORD	1716994	wordpools/wasnorm_wordpool_less_exclusions.txt	LTP267	ltpFR	7	11	0	ZIPPER	1636	n/a	n/a	0	n/a	0	0	0	0.57763671875	0.412841796875	1	lower	zerothre.ttf
3437.902	n/a	WORD	1718951	wordpools/wasnorm_wordpool_less_exclusions.txt	LTP267	ltpFR	7	11	0	CANAL	226	n/a	n/a	1	n/a	0	0	0	0.57763671875	0.412841796875	1	lower	zerothre.ttf
3442.052	n/a	WORD	1721026	wordpools/wasnorm_wordpool_less_exclusions.txt	LTP267	ltpFR	7	11	0	FROST	609	n/a	n/a	0	n/a	0	0	0	0.57763671875	0.412841796875	1	lower	zerothre.ttf
3445.946	n/a	WORD	1722973	wordpools/wasnorm_wordpool_less_exclusions.txt	LTP267	ltpFR	7	11	0	TIDE	1465	n/a	n/a	0	n/a	0	0	0	0.57763671875	0.412841796875	1	lower	zerothre.ttf
3450.05	n/a	WORD	1725025	wordpools/wasnorm_wordpool_less_exclusions.txt	LTP267	ltpFR	7	11	0	DISH	474	n/a	n/a	0	n/a	0	0	0	0.57763671875	0.412841796875	1	lower	zerothre.ttf
3454.082	n/a	WORD	1727041	wordpools/wasnorm_wordpool_less_exclusions.txt	LTP267	ltpFR	7	11	0	SLEEVE	1324	n/a	n/a	0	n/a	0	0	0	0.57763671875	0.412841796875	1	lower	zerothre.ttf
3457.946	n/a	WORD	1728973	wordpools/wasnorm_wordpool_less_exclusions.txt	LTP267	ltpFR	7	11	0	BOARD	143	n/a	n/a	1	n/a	0	0	0	0.57763671875	0.412841796875	1	lower	zerothre.ttf
3461.978	n/a	WORD	1730989	wordpools/wasnorm_wordpool_less_exclusions.txt	LTP267	ltpFR	7	11	0	HOSE	720	n/a	n/a	1	n/a	0	0	0	0.57763671875	0.412841796875	1	lower	zerothre.ttf
3465.978	n/a	WORD	1732989	wordpools/wasnorm_wordpool_less_exclusions.txt	LTP267	ltpFR	7	11	0	BROOK	177	n/a	n/a	0	n/a	0	0	0	0.57763671875	0.412841796875	1	lower	zerothre.ttf
3470.026	n/a	WORD	1735013	wordpools/wasnorm_wordpool_less_exclusions.txt	LTP267	ltpFR	7	11	0	MAJOR	859	n/a	n/a	1	n/a	0	0	0	0.57763671875	0.412841796875	1	lower	zerothre.ttf
3474.224	n/a	WORD	1737112	wordpools/wasnorm_wordpool_less_exclusions.txt	LTP267	ltpFR	7	11	0	CONCERT	360	n/a	n/a	1	n/a	0	0	0	0.57763671875	0.412841796875	1	lower	zerothre.ttf
3478.224	n/a	WORD	1739112	wordpools/wasnorm_wordpool_less_exclusions.txt	LTP267	ltpFR	7	11	0	PENGUIN	1044	n/a	n/a	0	n/a	0	0	0	0.57763671875	0.412841796875	1	lower	zerothre.ttf
3482.088	n/a	WORD	1741044	wordpools/wasnorm_wordpool_less_exclusions.txt	LTP267	ltpFR	7	11	0	MULE	931	n/a	n/a	1	n/a	0	0	0	0.57763671875	0.412841796875	1	lower	zerothre.ttf
3486.232	n/a	WORD	1743116	wordpools/wasnorm_wordpool_less_exclusions.txt	LTP267	ltpFR	7	11	0	CARRIAGE	248	n/a	n/a	1	n/a	0	0	0	0.57763671875	0.412841796875	1	lower	zerothre.ttf
3490.13	n/a	WORD	1745065	wordpools/wasnorm_wordpool_less_exclusions.txt	LTP267	ltpFR	7	11	0	PUDDLE	1140	n/a	n/a	1	n/a	0	0	0	0.57763671875	0.412841796875	1	lower	zerothre.ttf
3495.942	n/a	REC_START	1747971	n/a	LTP267	ltpFR	7	11	n/a	n/a	n/a	n/a	n/a	n/a	n/a	0	0	0	n/a	n/a	n/a	n/a	n/a
3496.63	n/a	REC_WORD	1748315	wordpools/wasnorm_wordpool_less_exclusions.txt	LTP267	ltpFR	7	11	0	WINE	1613	n/a	n/a	0	n/a	0	0	0	n/a	n/a	n/a	n/a	n/a
3497.328	n/a	REC_WORD	1748664	wordpools/wasnorm_wordpool_less_exclusions.txt	LTP267	ltpFR	7	11	0	ZIPPER	1636	n/a	n/a	0	n/a	0	0	0	n/a	n/a	n/a	n/a	n/a
3498.412	n/a	REC_WORD	1749206	wordpools/wasnorm_wordpool_less_exclusions.txt	LTP267	ltpFR	7	11	0	CARRIAGE	248	n/a	n/a	1	n/a	0	0	0	n/a	n/a	n/a	n/a	n/a
3499.758	n/a	REC_WORD	1749879	wordpools/wasnorm_wordpool_less_exclusions.txt	LTP267	ltpFR	7	11	0	MAJOR	859	n/a	n/a	1	n/a	0	0	0	n/a	n/a	n/a	n/a	n/a
3503.334	n/a	REC_WORD	1751667	wordpools/wasnorm_wordpool_less_exclusions.txt	LTP267	ltpFR	7	11	n/a	POOL	1103	n/a	n/a	n/a	n/a	0	0	0	n/a	n/a	n/a	n/a	n/a
3504.63	n/a	REC_WORD	1752315	wordpools/wasnorm_wordpool_less_exclusions.txt	LTP267	ltpFR	7	11	0	PUDDLE	1140	n/a	n/a	1	n/a	0	0	0	n/a	n/a	n/a	n/a	n/a
3506.038	n/a	REC_WORD	1753019	wordpools/wasnorm_wordpool_less_exclusions.txt	LTP267	ltpFR	7	11	0	CONCERT	360	n/a	n/a	1	n/a	0	0	0	n/a	n/a	n/a	n/a	n/a
3507.636	n/a	REC_WORD	1753818	wordpools/wasnorm_wordpool_less_exclusions.txt	LTP267	ltpFR	7	11	0	MULE	931	n/a	n/a	1	n/a	0	0	0	n/a	n/a	n/a	n/a	n/a
3573.22	n/a	START	1786610	n/a	LTP267	ltpFR	7	n/a	n/a	n/a	n/a	n/a	n/a	n/a	n/a	n/a	n/a	n/a	n/a	n/a	n/a	n/a	n/a
3574.736	n/a	PROB	1787368	n/a	LTP267	ltpFR	7	n/a	n/a	n/a	n/a	n/a	n/a	n/a	11	4	4	3	n/a	n/a	n/a	n/a	n/a
3576.93	n/a	PROB	1788465	n/a	LTP267	ltpFR	7	n/a	n/a	n/a	n/a	n/a	n/a	n/a	12	5	3	4	n/a	n/a	n/a	n/a	n/a
3579.004	n/a	PROB	1789502	n/a	LTP267	ltpFR	7	n/a	n/a	n/a	n/a	n/a	n/a	n/a	1	3	7	2	n/a	n/a	n/a	n/a	n/a
3580.186	n/a	STOP	1790093	n/a	LTP267	ltpFR	7	n/a	n/a	n/a	n/a	n/a	n/a	n/a	n/a	n/a	n/a	n/a	n/a	n/a	n/a	n/a	n/a
3582.422	n/a	WORD	1791211	wordpools/wasnorm_wordpool_less_exclusions.txt	LTP267	ltpFR	7	12	1	SALAD	1224	n/a	n/a	0	n/a	0	0	0	0.422607421875	0.5869140625	0	upper	amplitud.ttf
3585.434	n/a	START	1792717	n/a	LTP267	ltpFR	7	n/a	n/a	n/a	n/a	n/a	n/a	n/a	n/a	n/a	n/a	n/a	n/a	n/a	n/a	n/a	n/a
3586.254	n/a	PROB	1793127	n/a	LTP267	ltpFR	7	n/a	n/a	n/a	n/a	n/a	n/a	n/a	15	7	6	2	n/a	n/a	n/a	n/a	n/a
3588.98	n/a	PROB	1794490	n/a	LTP267	ltpFR	7	n/a	n/a	n/a	n/a	n/a	n/a	n/a	16	6	3	7	n/a	n/a	n/a	n/a	n/a
3590.48	n/a	PROB	1795240	n/a	LTP267	ltpFR	7	n/a	n/a	n/a	n/a	n/a	n/a	n/a	13	7	4	4	n/a	n/a	n/a	n/a	n/a
3592.848	n/a	STOP	1796424	n/a	LTP267	ltpFR	7	n/a	n/a	n/a	n/a	n/a	n/a	n/a	n/a	n/a	n/a	n/a	n/a	n/a	n/a	n/a	n/a
3594.384	n/a	WORD	1797192	wordpools/wasnorm_wordpool_less_exclusions.txt	LTP267	ltpFR	7	12	1	SPY	1360	n/a	n/a	1	n/a	0	0	0	0.422607421875	0.5869140625	0	upper	amplitud.ttf
3597.396	n/a	START	1798698	n/a	LTP267	ltpFR	7	n/a	n/a	n/a	n/a	n/a	n/a	n/a	n/a	n/a	n/a	n/a	n/a	n/a	n/a	n/a	n/a
3598.25	n/a	PROB	1799125	n/a	LTP267	ltpFR	7	n/a	n/a	n/a	n/a	n/a	n/a	n/a	22	6	9	7	n/a	n/a	n/a	n/a	n/a
3603.73	n/a	PROB	1801865	n/a	LTP267	ltpFR	7	n/a	n/a	n/a	n/a	n/a	n/a	n/a	21	9	9	3	n/a	n/a	n/a	n/a	n/a
3605.29	n/a	STOP	1802645	n/a	LTP267	ltpFR	7	n/a	n/a	n/a	n/a	n/a	n/a	n/a	n/a	n/a	n/a	n/a	n/a	n/a	n/a	n/a	n/a
3606.598	n/a	WORD	1803299	wordpools/wasnorm_wordpool_less_exclusions.txt	LTP267	ltpFR	7	12	1	FOLDER	588	n/a	n/a	1	n/a	0	0	0	0.422607421875	0.5869140625	0	upper	amplitud.ttf
3609.61	n/a	START	1804805	n/a	LTP267	ltpFR	7	n/a	n/a	n/a	n/a	n/a	n/a	n/a	n/a	n/a	n/a	n/a	n/a	n/a	n/a	n/a	n/a
3610.496	n/a	PROB	1805248	n/a	LTP267	ltpFR	7	n/a	n/a	n/a	n/a	n/a	n/a	n/a	18	6	7	5	n/a	n/a	n/a	n/a	n/a
3612.982	n/a	PROB	1806491	n/a	LTP267	ltpFR	7	n/a	n/a	n/a	n/a	n/a	n/a	n/a	20	7	7	6	n/a	n/a	n/a	n/a	n/a
3615.142	n/a	PROB	1807571	n/a	LTP267	ltpFR	7	n/a	n/a	n/a	n/a	n/a	n/a	n/a	7	1	3	3	n/a	n/a	n/a	n/a	n/a
3616.69	n/a	STOP	1808345	n/a	LTP267	ltpFR	7	n/a	n/a	n/a	n/a	n/a	n/a	n/a	n/a	n/a	n/a	n/a	n/a	n/a	n/a	n/a	n/a
3618.81	n/a	WORD	1809405	wordpools/wasnorm_wordpool_less_exclusions.txt	LTP267	ltpFR	7	12	1	ESSAY	540	n/a	n/a	0	n/a	0	0	0	0.422607421875	0.5869140625	0	upper	amplitud.ttf
3621.824	n/a	START	1810912	n/a	LTP267	ltpFR	7	n/a	n/a	n/a	n/a	n/a	n/a	n/a	n/a	n/a	n/a	n/a	n/a	n/a	n/a	n/a	n/a
3622.758	n/a	PROB	1811379	n/a	LTP267	ltpFR	7	n/a	n/a	n/a	n/a	n/a	n/a	n/a	23	9	9	5	n/a	n/a	n/a	n/a	n/a
3625.832	n/a	PROB	1812916	n/a	LTP267	ltpFR	7	n/a	n/a	n/a	n/a	n/a	n/a	n/a	15	3	4	8	n/a	n/a	n/a	n/a	n/a
3627.478	n/a	PROB	1813739	n/a	LTP267	ltpFR	7	n/a	n/a	n/a	n/a	n/a	n/a	n/a	10	1	4	5	n/a	n/a	n/a	n/a	n/a
3629.474	n/a	STOP	1814737	n/a	LTP267	ltpFR	7	n/a	n/a	n/a	n/a	n/a	n/a	n/a	n/a	n/a	n/a	n/a	n/a	n/a	n/a	n/a	n/a
3630.868	n/a	WORD	1815434	wordpools/wasnorm_wordpool_less_exclusions.txt	LTP267	ltpFR	7	12	1	SUSPECT	1415	n/a	n/a	1	n/a	0	0	0	0.422607421875	0.5869140625	0	upper	amplitud.ttf
3633.886	n/a	START	1816943	n/a	LTP267	ltpFR	7	n/a	n/a	n/a	n/a	n/a	n/a	n/a	n/a	n/a	n/a	n/a	n/a	n/a	n/a	n/a	n/a
3634.722	n/a	PROB	1817361	n/a	LTP267	ltpFR	7	n/a	n/a	n/a	n/a	n/a	n/a	n/a	19	8	4	7	n/a	n/a	n/a	n/a	n/a
3637.45	n/a	PROB	1818725	n/a	LTP267	ltpFR	7	n/a	n/a	n/a	n/a	n/a	n/a	n/a	18	9	7	2	n/a	n/a	n/a	n/a	n/a
3641.886	n/a	STOP	1820943	n/a	LTP267	ltpFR	7	n/a	n/a	n/a	n/a	n/a	n/a	n/a	n/a	n/a	n/a	n/a	n/a	n/a	n/a	n/a	n/a
3642.932	n/a	WORD	1821466	wordpools/wasnorm_wordpool_less_exclusions.txt	LTP267	ltpFR	7	12	1	BRUSH	182	n/a	n/a	0	n/a	0	0	0	0.422607421875	0.5869140625	0	upper	amplitud.ttf
3645.948	n/a	START	1822974	n/a	LTP267	ltpFR	7	n/a	n/a	n/a	n/a	n/a	n/a	n/a	n/a	n/a	n/a	n/a	n/a	n/a	n/a	n/a	n/a
3647.068	n/a	PROB	1823534	n/a	LTP267	ltpFR	7	n/a	n/a	n/a	n/a	n/a	n/a	n/a	17	9	6	2	n/a	n/a	n/a	n/a	n/a
3648.904	n/a	PROB	1824452	n/a	LTP267	ltpFR	7	n/a	n/a	n/a	n/a	n/a	n/a	n/a	17	7	2	8	n/a	n/a	n/a	n/a	n/a
3650.382	n/a	PROB	1825191	n/a	LTP267	ltpFR	7	n/a	n/a	n/a	n/a	n/a	n/a	n/a	17	6	4	7	n/a	n/a	n/a	n/a	n/a
3653.95	n/a	STOP	1826975	n/a	LTP267	ltpFR	7	n/a	n/a	n/a	n/a	n/a	n/a	n/a	n/a	n/a	n/a	n/a	n/a	n/a	n/a	n/a	n/a
3655.028	n/a	WORD	1827514	wordpools/wasnorm_wordpool_less_exclusions.txt	LTP267	ltpFR	7	12	1	RABBIT	1152	n/a	n/a	1	n/a	0	0	0	0.422607421875	0.5869140625	0	upper	amplitud.ttf
3658.046	n/a	START	1829023	n/a	LTP267	ltpFR	7	n/a	n/a	n/a	n/a	n/a	n/a	n/a	n/a	n/a	n/a	n/a	n/a	n/a	n/a	n/a	n/a
3659.01	n/a	PROB	1829505	n/a	LTP267	ltpFR	7	n/a	n/a	n/a	n/a	n/a	n/a	n/a	11	6	4	1	n/a	n/a	n/a	n/a	n/a
3660.386	n/a	PROB	1830193	n/a	LTP267	ltpFR	7	n/a	n/a	n/a	n/a	n/a	n/a	n/a	16	2	8	6	n/a	n/a	n/a	n/a	n/a
3661.686	n/a	PROB	1830843	n/a	LTP267	ltpFR	7	n/a	n/a	n/a	n/a	n/a	n/a	n/a	10	3	6	1	n/a	n/a	n/a	n/a	n/a
3663.364	n/a	PROB	1831682	n/a	LTP267	ltpFR	7	n/a	n/a	n/a	n/a	n/a	n/a	n/a	17	3	5	9	n/a	n/a	n/a	n/a	n/a
3665.684	n/a	STOP	1832842	n/a	LTP267	ltpFR	7	n/a	n/a	n/a	n/a	n/a	n/a	n/a	n/a	n/a	n/a	n/a	n/a	n/a	n/a	n/a	n/a
3666.994	n/a	WORD	1833497	wordpools/wasnorm_wordpool_less_exclusions.txt	LTP267	ltpFR	7	12	1	VEIN	1554	n/a	n/a	0	n/a	0	0	0	0.422607421875	0.5869140625	0	upper	amplitud.ttf
3670.006	n/a	START	1835003	n/a	LTP267	ltpFR	7	n/a	n/a	n/a	n/a	n/a	n/a	n/a	n/a	n/a	n/a	n/a	n/a	n/a	n/a	n/a	n/a
3670.92	n/a	PROB	1835460	n/a	LTP267	ltpFR	7	n/a	n/a	n/a	n/a	n/a	n/a	n/a	20	6	5	9	n/a	n/a	n/a	n/a	n/a
3674.284	n/a	PROB	1837142	n/a	LTP267	ltpFR	7	n/a	n/a	n/a	n/a	n/a	n/a	n/a	20	6	8	6	n/a	n/a	n/a	n/a	n/a
3677.998	n/a	STOP	1838999	n/a	LTP267	ltpFR	7	n/a	n/a	n/a	n/a	n/a	n/a	n/a	n/a	n/a	n/a	n/a	n/a	n/a	n/a	n/a	n/a
3679.102	n/a	WORD	1839551	wordpools/wasnorm_wordpool_less_exclusions.txt	LTP267	ltpFR	7	12	1	OUTLAW	989	n/a	n/a	1	n/a	0	0	0	0.422607421875	0.5869140625	0	upper	amplitud.ttf
3682.12	n/a	START	1841060	n/a	LTP267	ltpFR	7	n/a	n/a	n/a	n/a	n/a	n/a	n/a	n/a	n/a	n/a	n/a	n/a	n/a	n/a	n/a	n/a
3683.006	n/a	PROB	1841503	n/a	LTP267	ltpFR	7	n/a	n/a	n/a	n/a	n/a	n/a	n/a	14	9	4	1	n/a	n/a	n/a	n/a	n/a
3685.476	n/a	PROB	1842738	n/a	LTP267	ltpFR	7	n/a	n/a	n/a	n/a	n/a	n/a	n/a	22	5	8	9	n/a	n/a	n/a	n/a	n/a
3688.444	n/a	PROB	1844222	n/a	LTP267	ltpFR	7	n/a	n/a	n/a	n/a	n/a	n/a	n/a	11	5	5	1	n/a	n/a	n/a	n/a	n/a
3689.646	n/a	STOP	1844823	n/a	LTP267	ltpFR	7	n/a	n/a	n/a	n/a	n/a	n/a	n/a	n/a	n/a	n/a	n/a	n/a	n/a	n/a	n/a	n/a
3691.204	n/a	WORD	1845602	wordpools/wasnorm_wordpool_less_exclusions.txt	LTP267	ltpFR	7	12	1	VETERAN	1561	n/a	n/a	1	n/a	0	0	0	0.422607421875	0.5869140625	0	upper	amplitud.ttf
3694.216	n/a	START	1847108	n/a	LTP267	ltpFR	7	n/a	n/a	n/a	n/a	n/a	n/a	n/a	n/a	n/a	n/a	n/a	n/a	n/a	n/a	n/a	n/a
3695.036	n/a	PROB	1847518	n/a	LTP267	ltpFR	7	n/a	n/a	n/a	n/a	n/a	n/a	n/a	10	4	2	4	n/a	n/a	n/a	n/a	n/a
3696.988	n/a	PROB	1848494	n/a	LTP267	ltpFR	7	n/a	n/a	n/a	n/a	n/a	n/a	n/a	12	8	1	3	n/a	n/a	n/a	n/a	n/a
3702.216	n/a	STOP	1851108	n/a	LTP267	ltpFR	7	n/a	n/a	n/a	n/a	n/a	n/a	n/a	n/a	n/a	n/a	n/a	n/a	n/a	n/a	n/a	n/a
3703.162	n/a	WORD	1851581	wordpools/wasnorm_wordpool_less_exclusions.txt	LTP267	ltpFR	7	12	1	COOKIE	374	n/a	n/a	0	n/a	0	0	0	0.422607421875	0.5869140625	0	upper	amplitud.ttf
3706.178	n/a	START	1853089	n/a	LTP267	ltpFR	7	n/a	n/a	n/a	n/a	n/a	n/a	n/a	n/a	n/a	n/a	n/a	n/a	n/a	n/a	n/a	n/a
3707.216	n/a	PROB	1853608	n/a	LTP267	ltpFR	7	n/a	n/a	n/a	n/a	n/a	n/a	n/a	14	3	5	6	n/a	n/a	n/a	n/a	n/a
3709.62	n/a	PROB	1854810	n/a	LTP267	ltpFR	7	n/a	n/a	n/a	n/a	n/a	n/a	n/a	24	9	8	7	n/a	n/a	n/a	n/a	n/a
3713.984	n/a	STOP	1856992	n/a	LTP267	ltpFR	7	n/a	n/a	n/a	n/a	n/a	n/a	n/a	n/a	n/a	n/a	n/a	n/a	n/a	n/a	n/a	n/a
3715.028	n/a	WORD	1857514	wordpools/wasnorm_wordpool_less_exclusions.txt	LTP267	ltpFR	7	12	1	BAKER	71	n/a	n/a	1	n/a	0	0	0	0.422607421875	0.5869140625	0	upper	amplitud.ttf
3718.04	n/a	START	1859020	n/a	LTP267	ltpFR	7	n/a	n/a	n/a	n/a	n/a	n/a	n/a	n/a	n/a	n/a	n/a	n/a	n/a	n/a	n/a	n/a
3719.078	n/a	PROB	1859539	n/a	LTP267	ltpFR	7	n/a	n/a	n/a	n/a	n/a	n/a	n/a	16	3	5	8	n/a	n/a	n/a	n/a	n/a
3721.096	n/a	PROB	1860548	n/a	LTP267	ltpFR	7	n/a	n/a	n/a	n/a	n/a	n/a	n/a	12	4	3	5	n/a	n/a	n/a	n/a	n/a
3722.836	n/a	PROB	1861418	n/a	LTP267	ltpFR	7	n/a	n/a	n/a	n/a	n/a	n/a	n/a	10	1	6	3	n/a	n/a	n/a	n/a	n/a
3724.68	n/a	STOP	1862340	n/a	LTP267	ltpFR	7	n/a	n/a	n/a	n/a	n/a	n/a	n/a	n/a	n/a	n/a	n/a	n/a	n/a	n/a	n/a	n/a
3727.186	n/a	WORD	1863593	wordpools/wasnorm_wordpool_less_exclusions.txt	LTP267	ltpFR	7	12	1	BREAST	171	n/a	n/a	0	n/a	0	0	0	0.422607421875	0.5869140625	0	upper	amplitud.ttf
3730.204	n/a	START	1865102	n/a	LTP267	ltpFR	7	n/a	n/a	n/a	n/a	n/a	n/a	n/a	n/a	n/a	n/a	n/a	n/a	n/a	n/a	n/a	n/a
3731.14	n/a	PROB	1865570	n/a	LTP267	ltpFR	7	n/a	n/a	n/a	n/a	n/a	n/a	n/a	20	4	9	7	n/a	n/a	n/a	n/a	n/a
3733.214	n/a	PROB	1866607	n/a	LTP267	ltpFR	7	n/a	n/a	n/a	n/a	n/a	n/a	n/a	12	9	2	1	n/a	n/a	n/a	n/a	n/a
3734.536	n/a	PROB	1867268	n/a	LTP267	ltpFR	7	n/a	n/a	n/a	n/a	n/a	n/a	n/a	20	9	2	9	n/a	n/a	n/a	n/a	n/a
3737.984	n/a	STOP	1868992	n/a	LTP267	ltpFR	7	n/a	n/a	n/a	n/a	n/a	n/a	n/a	n/a	n/a	n/a	n/a	n/a	n/a	n/a	n/a	n/a
3739.22	n/a	WORD	1869610	wordpools/wasnorm_wordpool_less_exclusions.txt	LTP267	ltpFR	7	12	1	TORCH	1484	n/a	n/a	0	n/a	0	0	0	0.422607421875	0.5869140625	0	upper	amplitud.ttf
3742.232	n/a	START	1871116	n/a	LTP267	ltpFR	7	n/a	n/a	n/a	n/a	n/a	n/a	n/a	n/a	n/a	n/a	n/a	n/a	n/a	n/a	n/a	n/a
3743.22	n/a	PROB	1871610	n/a	LTP267	ltpFR	7	n/a	n/a	n/a	n/a	n/a	n/a	n/a	14	4	8	2	n/a	n/a	n/a	n/a	n/a
3744.91	n/a	PROB	1872455	n/a	LTP267	ltpFR	7	n/a	n/a	n/a	n/a	n/a	n/a	n/a	16	8	2	6	n/a	n/a	n/a	n/a	n/a
3746.164	n/a	PROB	1873082	n/a	LTP267	ltpFR	7	n/a	n/a	n/a	n/a	n/a	n/a	n/a	10	1	8	1	n/a	n/a	n/a	n/a	n/a
3750.232	n/a	STOP	1875116	n/a	LTP267	ltpFR	7	n/a	n/a	n/a	n/a	n/a	n/a	n/a	n/a	n/a	n/a	n/a	n/a	n/a	n/a	n/a	n/a
3751.234	n/a	WORD	1875617	wordpools/wasnorm_wordpool_less_exclusions.txt	LTP267	ltpFR	7	12	1	TENT	1449	n/a	n/a	0	n/a	0	0	0	0.422607421875	0.5869140625	0	upper	amplitud.ttf
3754.246	n/a	START	1877123	n/a	LTP267	ltpFR	7	n/a	n/a	n/a	n/a	n/a	n/a	n/a	n/a	n/a	n/a	n/a	n/a	n/a	n/a	n/a	n/a
3755.294	n/a	PROB	1877647	n/a	LTP267	ltpFR	7	n/a	n/a	n/a	n/a	n/a	n/a	n/a	15	3	9	3	n/a	n/a	n/a	n/a	n/a
3756.782	n/a	PROB	1878391	n/a	LTP267	ltpFR	7	n/a	n/a	n/a	n/a	n/a	n/a	n/a	24	8	9	7	n/a	n/a	n/a	n/a	n/a
3761.618	n/a	STOP	1880809	n/a	LTP267	ltpFR	7	n/a	n/a	n/a	n/a	n/a	n/a	n/a	n/a	n/a	n/a	n/a	n/a	n/a	n/a	n/a	n/a
3763.396	n/a	WORD	1881698	wordpools/wasnorm_wordpool_less_exclusions.txt	LTP267	ltpFR	7	12	1	CANNON	232	n/a	n/a	0	n/a	0	0	0	0.422607421875	0.5869140625	0	upper	amplitud.ttf
3766.41	n/a	START	1883205	n/a	LTP267	ltpFR	7	n/a	n/a	n/a	n/a	n/a	n/a	n/a	n/a	n/a	n/a	n/a	n/a	n/a	n/a	n/a	n/a
3767.546	n/a	PROB	1883773	n/a	LTP267	ltpFR	7	n/a	n/a	n/a	n/a	n/a	n/a	n/a	20	7	6	7	n/a	n/a	n/a	n/a	n/a
3769.666	n/a	PROB	1884833	n/a	LTP267	ltpFR	7	n/a	n/a	n/a	n/a	n/a	n/a	n/a	19	4	8	7	n/a	n/a	n/a	n/a	n/a
3773.706	n/a	STOP	1886853	n/a	LTP267	ltpFR	7	n/a	n/a	n/a	n/a	n/a	n/a	n/a	n/a	n/a	n/a	n/a	n/a	n/a	n/a	n/a	n/a
3776.18	n/a	REC_START	1888090	n/a	LTP267	ltpFR	7	12	n/a	n/a	n/a	n/a	n/a	n/a	n/a	0	0	0	n/a	n/a	n/a	n/a	n/a
3777.62	n/a	REC_WORD	1888810	wordpools/wasnorm_wordpool_less_exclusions.txt	LTP267	ltpFR	7	12	1	TENT	1449	n/a	n/a	0	n/a	0	0	0	n/a	n/a	n/a	n/a	n/a
3778.478	n/a	REC_WORD	1889239	wordpools/wasnorm_wordpool_less_exclusions.txt	LTP267	ltpFR	7	12	1	BREAST	171	n/a	n/a	0	n/a	0	0	0	n/a	n/a	n/a	n/a	n/a
3779.566	n/a	REC_WORD	1889783	wordpools/wasnorm_wordpool_less_exclusions.txt	LTP267	ltpFR	7	12	1	CANNON	232	n/a	n/a	0	n/a	0	0	0	n/a	n/a	n/a	n/a	n/a
3781.338	n/a	REC_WORD	1890669	wordpools/wasnorm_wordpool_less_exclusions.txt	LTP267	ltpFR	7	12	1	SUSPECT	1415	n/a	n/a	1	n/a	0	0	0	n/a	n/a	n/a	n/a	n/a
3782.654	n/a	REC_WORD	1891327	wordpools/wasnorm_wordpool_less_exclusions.txt	LTP267	ltpFR	7	12	n/a	ROBBER	1197	n/a	n/a	n/a	n/a	0	0	0	n/a	n/a	n/a	n/a	n/a
3789.652	n/a	REC_WORD	1894826	wordpools/wasnorm_wordpool_less_exclusions.txt	LTP267	ltpFR	7	12	n/a	BURGLAR	200	n/a	n/a	n/a	n/a	0	0	0	n/a	n/a	n/a	n/a	n/a
3792.434	n/a	REC_WORD	1896217	wordpools/wasnorm_wordpool_less_exclusions.txt	LTP267	ltpFR	7	12	1	COOKIE	374	n/a	n/a	0	n/a	0	0	0	n/a	n/a	n/a	n/a	n/a
3793.242	n/a	REC_WORD	1896621	wordpools/wasnorm_wordpool_less_exclusions.txt	LTP267	ltpFR	7	12	1	BAKER	71	n/a	n/a	1	n/a	0	0	0	n/a	n/a	n/a	n/a	n/a
3853.442	n/a	START	1926721	n/a	LTP267	ltpFR	7	n/a	n/a	n/a	n/a	n/a	n/a	n/a	n/a	n/a	n/a	n/a	n/a	n/a	n/a	n/a	n/a
3854.958	n/a	PROB	1927479	n/a	LTP267	ltpFR	7	n/a	n/a	n/a	n/a	n/a	n/a	n/a	14	7	3	4	n/a	n/a	n/a	n/a	n/a
3856.514	n/a	PROB	1928257	n/a	LTP267	ltpFR	7	n/a	n/a	n/a	n/a	n/a	n/a	n/a	14	7	2	3	n/a	n/a	n/a	n/a	n/a
3858.254	n/a	PROB	1929127	n/a	LTP267	ltpFR	7	n/a	n/a	n/a	n/a	n/a	n/a	n/a	13	6	4	3	n/a	n/a	n/a	n/a	n/a
3859.658	n/a	PROB	1929829	n/a	LTP267	ltpFR	7	n/a	n/a	n/a	n/a	n/a	n/a	n/a	9	5	1	3	n/a	n/a	n/a	n/a	n/a
3861.166	n/a	PROB	1930583	n/a	LTP267	ltpFR	7	n/a	n/a	n/a	n/a	n/a	n/a	n/a	16	3	4	9	n/a	n/a	n/a	n/a	n/a
3864.512	n/a	PROB	1932256	n/a	LTP267	ltpFR	7	n/a	n/a	n/a	n/a	n/a	n/a	n/a	12	3	8	1	n/a	n/a	n/a	n/a	n/a
3867.36	n/a	PROB	1933680	n/a	LTP267	ltpFR	7	n/a	n/a	n/a	n/a	n/a	n/a	n/a	12	3	5	2	n/a	n/a	n/a	n/a	n/a
3869.232	n/a	STOP	1934616	n/a	LTP267	ltpFR	7	n/a	n/a	n/a	n/a	n/a	n/a	n/a	n/a	n/a	n/a	n/a	n/a	n/a	n/a	n/a	n/a
3870.272	n/a	WORD	1935136	wordpools/wasnorm_wordpool_less_exclusions.txt	LTP267	ltpFR	7	13	1	BONE	148	n/a	n/a	0	n/a	0	0	0	0.422607421875	0.5869140625	0	upper	amplitud.ttf
3873.284	n/a	START	1936642	n/a	LTP267	ltpFR	7	n/a	n/a	n/a	n/a	n/a	n/a	n/a	n/a	n/a	n/a	n/a	n/a	n/a	n/a	n/a	n/a
3874.388	n/a	PROB	1937194	n/a	LTP267	ltpFR	7	n/a	n/a	n/a	n/a	n/a	n/a	n/a	16	6	4	6	n/a	n/a	n/a	n/a	n/a
3876.506	n/a	PROB	1938253	n/a	LTP267	ltpFR	7	n/a	n/a	n/a	n/a	n/a	n/a	n/a	20	9	7	6	n/a	n/a	n/a	n/a	n/a
3880.244	n/a	PROB	1940122	n/a	LTP267	ltpFR	7	n/a	n/a	n/a	n/a	n/a	n/a	n/a	12	1	6	5	n/a	n/a	n/a	n/a	n/a
3882.932	n/a	PROB	1941466	n/a	LTP267	ltpFR	7	n/a	n/a	n/a	n/a	n/a	n/a	n/a	19	3	8	8	n/a	n/a	n/a	n/a	n/a
3885.23	n/a	PROB	1942615	n/a	LTP267	ltpFR	7	n/a	n/a	n/a	n/a	n/a	n/a	n/a	20	4	8	8	n/a	n/a	n/a	n/a	n/a
3887.672	n/a	PROB	1943836	n/a	LTP267	ltpFR	7	n/a	n/a	n/a	n/a	n/a	n/a	n/a	7	1	3	3	n/a	n/a	n/a	n/a	n/a
3889.162	n/a	STOP	1944581	n/a	LTP267	ltpFR	7	n/a	n/a	n/a	n/a	n/a	n/a	n/a	n/a	n/a	n/a	n/a	n/a	n/a	n/a	n/a	n/a
3890.294	n/a	WORD	1945147	wordpools/wasnorm_wordpool_less_exclusions.txt	LTP267	ltpFR	7	13	1	GAZELLE	628	n/a	n/a	1	n/a	0	0	0	0.422607421875	0.5869140625	0	upper	amplitud.ttf
3893.31	n/a	START	1946655	n/a	LTP267	ltpFR	7	n/a	n/a	n/a	n/a	n/a	n/a	n/a	n/a	n/a	n/a	n/a	n/a	n/a	n/a	n/a	n/a
3894.264	n/a	PROB	1947132	n/a	LTP267	ltpFR	7	n/a	n/a	n/a	n/a	n/a	n/a	n/a	23	8	9	4	n/a	n/a	n/a	n/a	n/a
3896.634	n/a	PROB	1948317	n/a	LTP267	ltpFR	7	n/a	n/a	n/a	n/a	n/a	n/a	n/a	16	4	4	8	n/a	n/a	n/a	n/a	n/a
3898.73	n/a	PROB	1949365	n/a	LTP267	ltpFR	7	n/a	n/a	n/a	n/a	n/a	n/a	n/a	11	1	4	6	n/a	n/a	n/a	n/a	n/a
3901.692	n/a	PROB	1950846	n/a	LTP267	ltpFR	7	n/a	n/a	n/a	n/a	n/a	n/a	n/a	20	4	4	8	n/a	n/a	n/a	n/a	n/a
3904.236	n/a	PROB	1952118	n/a	LTP267	ltpFR	7	n/a	n/a	n/a	n/a	n/a	n/a	n/a	11	2	8	1	n/a	n/a	n/a	n/a	n/a
3909.29	n/a	STOP	1954645	n/a	LTP267	ltpFR	7	n/a	n/a	n/a	n/a	n/a	n/a	n/a	n/a	n/a	n/a	n/a	n/a	n/a	n/a	n/a	n/a
3910.19	n/a	WORD	1955095	wordpools/wasnorm_wordpool_less_exclusions.txt	LTP267	ltpFR	7	13	1	PAGE	1001	n/a	n/a	0	n/a	0	0	0	0.422607421875	0.5869140625	0	upper	amplitud.ttf
3913.204	n/a	START	1956602	n/a	LTP267	ltpFR	7	n/a	n/a	n/a	n/a	n/a	n/a	n/a	n/a	n/a	n/a	n/a	n/a	n/a	n/a	n/a	n/a
3914.206	n/a	PROB	1957103	n/a	LTP267	ltpFR	7	n/a	n/a	n/a	n/a	n/a	n/a	n/a	13	2	5	6	n/a	n/a	n/a	n/a	n/a
3917.412	n/a	PROB	1958706	n/a	LTP267	ltpFR	7	n/a	n/a	n/a	n/a	n/a	n/a	n/a	11	8	2	1	n/a	n/a	n/a	n/a	n/a
3918.992	n/a	PROB	1959496	n/a	LTP267	ltpFR	7	n/a	n/a	n/a	n/a	n/a	n/a	n/a	17	8	4	5	n/a	n/a	n/a	n/a	n/a
3920.792	n/a	PROB	1960396	n/a	LTP267	ltpFR	7	n/a	n/a	n/a	n/a	n/a	n/a	n/a	25	8	8	9	n/a	n/a	n/a	n/a	n/a
3924.558	n/a	PROB	1962279	n/a	LTP267	ltpFR	7	n/a	n/a	n/a	n/a	n/a	n/a	n/a	14	3	7	4	n/a	n/a	n/a	n/a	n/a
3925.828	n/a	PROB	1962914	n/a	LTP267	ltpFR	7	n/a	n/a	n/a	n/a	n/a	n/a	n/a	14	4	3	7	n/a	n/a	n/a	n/a	n/a
3927.302	n/a	PROB	1963651	n/a	LTP267	ltpFR	7	n/a	n/a	n/a	n/a	n/a	n/a	n/a	6	1	4	1	n/a	n/a	n/a	n/a	n/a
3928.162	n/a	STOP	1964081	n/a	LTP267	ltpFR	7	n/a	n/a	n/a	n/a	n/a	n/a	n/a	n/a	n/a	n/a	n/a	n/a	n/a	n/a	n/a	n/a
3930.034	n/a	WORD	1965017	wordpools/wasnorm_wordpool_less_exclusions.txt	LTP267	ltpFR	7	13	1	MAGAZINE	853	n/a	n/a	0	n/a	0	0	0	0.422607421875	0.5869140625	0	upper	amplitud.ttf
3933.046	n/a	START	1966523	n/a	LTP267	ltpFR	7	n/a	n/a	n/a	n/a	n/a	n/a	n/a	n/a	n/a	n/a	n/a	n/a	n/a	n/a	n/a	n/a
3934.132	n/a	PROB	1967066	n/a	LTP267	ltpFR	7	n/a	n/a	n/a	n/a	n/a	n/a	n/a	15	3	8	4	n/a	n/a	n/a	n/a	n/a
3939.248	n/a	PROB	1969624	n/a	LTP267	ltpFR	7	n/a	n/a	n/a	n/a	n/a	n/a	n/a	14	3	4	7	n/a	n/a	n/a	n/a	n/a
3940.736	n/a	PROB	1970368	n/a	LTP267	ltpFR	7	n/a	n/a	n/a	n/a	n/a	n/a	n/a	13	4	1	8	n/a	n/a	n/a	n/a	n/a
3944.772	n/a	PROB	1972386	n/a	LTP267	ltpFR	7	n/a	n/a	n/a	n/a	n/a	n/a	n/a	8	4	2	2	n/a	n/a	n/a	n/a	n/a
3949.046	n/a	STOP	1974523	n/a	LTP267	ltpFR	7	n/a	n/a	n/a	n/a	n/a	n/a	n/a	n/a	n/a	n/a	n/a	n/a	n/a	n/a	n/a	n/a
3949.976	n/a	WORD	1974988	wordpools/wasnorm_wordpool_less_exclusions.txt	LTP267	ltpFR	7	13	1	PADDLE	1000	n/a	n/a	0	n/a	0	0	0	0.422607421875	0.5869140625	0	upper	amplitud.ttf
3952.988	n/a	START	1976494	n/a	LTP267	ltpFR	7	n/a	n/a	n/a	n/a	n/a	n/a	n/a	n/a	n/a	n/a	n/a	n/a	n/a	n/a	n/a	n/a
3953.924	n/a	PROB	1976962	n/a	LTP267	ltpFR	7	n/a	n/a	n/a	n/a	n/a	n/a	n/a	14	9	4	1	n/a	n/a	n/a	n/a	n/a
3955.442	n/a	PROB	1977721	n/a	LTP267	ltpFR	7	n/a	n/a	n/a	n/a	n/a	n/a	n/a	20	2	9	9	n/a	n/a	n/a	n/a	n/a
3956.83	n/a	PROB	1978415	n/a	LTP267	ltpFR	7	n/a	n/a	n/a	n/a	n/a	n/a	n/a	16	5	2	9	n/a	n/a	n/a	n/a	n/a
3959.926	n/a	PROB	1979963	n/a	LTP267	ltpFR	7	n/a	n/a	n/a	n/a	n/a	n/a	n/a	19	9	6	4	n/a	n/a	n/a	n/a	n/a
3961.332	n/a	PROB	1980666	n/a	LTP267	ltpFR	7	n/a	n/a	n/a	n/a	n/a	n/a	n/a	16	7	1	8	n/a	n/a	n/a	n/a	n/a
3964.042	n/a	PROB	1982021	n/a	LTP267	ltpFR	7	n/a	n/a	n/a	n/a	n/a	n/a	n/a	14	6	2	6	n/a	n/a	n/a	n/a	n/a
3965.52	n/a	PROB	1982760	n/a	LTP267	ltpFR	7	n/a	n/a	n/a	n/a	n/a	n/a	n/a	13	4	4	7	n/a	n/a	n/a	n/a	n/a
3967.756	n/a	STOP	1983878	n/a	LTP267	ltpFR	7	n/a	n/a	n/a	n/a	n/a	n/a	n/a	n/a	n/a	n/a	n/a	n/a	n/a	n/a	n/a	n/a
3969.868	n/a	WORD	1984934	wordpools/wasnorm_wordpool_less_exclusions.txt	LTP267	ltpFR	7	13	1	COB	334	n/a	n/a	0	n/a	0	0	0	0.422607421875	0.5869140625	0	upper	amplitud.ttf
3972.88	n/a	START	1986440	n/a	LTP267	ltpFR	7	n/a	n/a	n/a	n/a	n/a	n/a	n/a	n/a	n/a	n/a	n/a	n/a	n/a	n/a	n/a	n/a
3973.76	n/a	PROB	1986880	n/a	LTP267	ltpFR	7	n/a	n/a	n/a	n/a	n/a	n/a	n/a	5	1	1	3	n/a	n/a	n/a	n/a	n/a
3975.218	n/a	PROB	1987609	n/a	LTP267	ltpFR	7	n/a	n/a	n/a	n/a	n/a	n/a	n/a	21	6	8	7	n/a	n/a	n/a	n/a	n/a
3979.032	n/a	PROB	1989516	n/a	LTP267	ltpFR	7	n/a	n/a	n/a	n/a	n/a	n/a	n/a	15	4	4	9	n/a	n/a	n/a	n/a	n/a
3981.112	n/a	PROB	1990556	n/a	LTP267	ltpFR	7	n/a	n/a	n/a	n/a	n/a	n/a	n/a	8	3	4	1	n/a	n/a	n/a	n/a	n/a
3982.818	n/a	PROB	1991409	n/a	LTP267	ltpFR	7	n/a	n/a	n/a	n/a	n/a	n/a	n/a	16	2	5	9	n/a	n/a	n/a	n/a	n/a
3985.394	n/a	PROB	1992697	n/a	LTP267	ltpFR	7	n/a	n/a	n/a	n/a	n/a	n/a	n/a	7	3	1	3	n/a	n/a	n/a	n/a	n/a
3988.88	n/a	STOP	1994440	n/a	LTP267	ltpFR	7	n/a	n/a	n/a	n/a	n/a	n/a	n/a	n/a	n/a	n/a	n/a	n/a	n/a	n/a	n/a	n/a
3989.878	n/a	WORD	1994939	wordpools/wasnorm_wordpool_less_exclusions.txt	LTP267	ltpFR	7	13	1	RECEIPT	1173	n/a	n/a	0	n/a	0	0	0	0.422607421875	0.5869140625	0	upper	amplitud.ttf
3992.89	n/a	START	1996445	n/a	LTP267	ltpFR	7	n/a	n/a	n/a	n/a	n/a	n/a	n/a	n/a	n/a	n/a	n/a	n/a	n/a	n/a	n/a	n/a
3994.028	n/a	PROB	1997014	n/a	LTP267	ltpFR	7	n/a	n/a	n/a	n/a	n/a	n/a	n/a	11	3	1	7	n/a	n/a	n/a	n/a	n/a
3995.316	n/a	PROB	1997658	n/a	LTP267	ltpFR	7	n/a	n/a	n/a	n/a	n/a	n/a	n/a	15	8	6	1	n/a	n/a	n/a	n/a	n/a
3998.446	n/a	PROB	1999223	n/a	LTP267	ltpFR	7	n/a	n/a	n/a	n/a	n/a	n/a	n/a	9	4	4	1	n/a	n/a	n/a	n/a	n/a
4000.152	n/a	PROB	2000076	n/a	LTP267	ltpFR	7	n/a	n/a	n/a	n/a	n/a	n/a	n/a	19	9	5	5	n/a	n/a	n/a	n/a	n/a
4001.64	n/a	PROB	2000820	n/a	LTP267	ltpFR	7	n/a	n/a	n/a	n/a	n/a	n/a	n/a	13	3	8	2	n/a	n/a	n/a	n/a	n/a
4003.09	n/a	PROB	2001545	n/a	LTP267	ltpFR	7	n/a	n/a	n/a	n/a	n/a	n/a	n/a	19	7	7	5	n/a	n/a	n/a	n/a	n/a
4005.934	n/a	PROB	2002967	n/a	LTP267	ltpFR	7	n/a	n/a	n/a	n/a	n/a	n/a	n/a	15	1	7	8	n/a	n/a	n/a	n/a	n/a
4007.822	n/a	STOP	2003911	n/a	LTP267	ltpFR	7	n/a	n/a	n/a	n/a	n/a	n/a	n/a	n/a	n/a	n/a	n/a	n/a	n/a	n/a	n/a	n/a
4009.934	n/a	WORD	2004967	wordpools/wasnorm_wordpool_less_exclusions.txt	LTP267	ltpFR	7	13	1	DOCUMENT	479	n/a	n/a	0	n/a	0	0	0	0.422607421875	0.5869140625	0	upper	amplitud.ttf
4012.952	n/a	START	2006476	n/a	LTP267	ltpFR	7	n/a	n/a	n/a	n/a	n/a	n/a	n/a	n/a	n/a	n/a	n/a	n/a	n/a	n/a	n/a	n/a
4013.904	n/a	PROB	2006952	n/a	LTP267	ltpFR	7	n/a	n/a	n/a	n/a	n/a	n/a	n/a	15	6	1	8	n/a	n/a	n/a	n/a	n/a
4015.41	n/a	PROB	2007705	n/a	LTP267	ltpFR	7	n/a	n/a	n/a	n/a	n/a	n/a	n/a	18	9	6	3	n/a	n/a	n/a	n/a	n/a
4017.134	n/a	PROB	2008567	n/a	LTP267	ltpFR	7	n/a	n/a	n/a	n/a	n/a	n/a	n/a	15	4	9	2	n/a	n/a	n/a	n/a	n/a
4018.956	n/a	PROB	2009478	n/a	LTP267	ltpFR	7	n/a	n/a	n/a	n/a	n/a	n/a	n/a	12	7	4	1	n/a	n/a	n/a	n/a	n/a
4021.482	n/a	PROB	2010741	n/a	LTP267	ltpFR	7	n/a	n/a	n/a	n/a	n/a	n/a	n/a	18	8	9	1	n/a	n/a	n/a	n/a	n/a
4022.82	n/a	PROB	2011410	n/a	LTP267	ltpFR	7	n/a	n/a	n/a	n/a	n/a	n/a	n/a	11	2	8	1	n/a	n/a	n/a	n/a	n/a
4024.674	n/a	PROB	2012337	n/a	LTP267	ltpFR	7	n/a	n/a	n/a	n/a	n/a	n/a	n/a	25	9	7	9	n/a	n/a	n/a	n/a	n/a
4028.04	n/a	STOP	2014020	n/a	LTP267	ltpFR	7	n/a	n/a	n/a	n/a	n/a	n/a	n/a	n/a	n/a	n/a	n/a	n/a	n/a	n/a	n/a	n/a
4030.098	n/a	WORD	2015049	wordpools/wasnorm_wordpool_less_exclusions.txt	LTP267	ltpFR	7	13	1	WAIST	1579	n/a	n/a	0	n/a	0	0	0	0.422607421875	0.5869140625	0	upper	amplitud.ttf
4033.112	n/a	START	2016556	n/a	LTP267	ltpFR	7	n/a	n/a	n/a	n/a	n/a	n/a	n/a	n/a	n/a	n/a	n/a	n/a	n/a	n/a	n/a	n/a
4034.216	n/a	PROB	2017108	n/a	LTP267	ltpFR	7	n/a	n/a	n/a	n/a	n/a	n/a	n/a	11	5	2	4	n/a	n/a	n/a	n/a	n/a
4037.092	n/a	PROB	2018546	n/a	LTP267	ltpFR	7	n/a	n/a	n/a	n/a	n/a	n/a	n/a	8	3	2	3	n/a	n/a	n/a	n/a	n/a
4039.15	n/a	PROB	2019575	n/a	LTP267	ltpFR	7	n/a	n/a	n/a	n/a	n/a	n/a	n/a	9	6	1	2	n/a	n/a	n/a	n/a	n/a
4040.75	n/a	PROB	2020375	n/a	LTP267	ltpFR	7	n/a	n/a	n/a	n/a	n/a	n/a	n/a	9	6	2	1	n/a	n/a	n/a	n/a	n/a
4041.722	n/a	PROB	2020861	n/a	LTP267	ltpFR	7	n/a	n/a	n/a	n/a	n/a	n/a	n/a	15	8	4	3	n/a	n/a	n/a	n/a	n/a
4043.852	n/a	PROB	2021926	n/a	LTP267	ltpFR	7	n/a	n/a	n/a	n/a	n/a	n/a	n/a	16	6	7	3	n/a	n/a	n/a	n/a	n/a
4049.112	n/a	STOP	2024556	n/a	LTP267	ltpFR	7	n/a	n/a	n/a	n/a	n/a	n/a	n/a	n/a	n/a	n/a	n/a	n/a	n/a	n/a	n/a	n/a
4050.26	n/a	WORD	2025130	wordpools/wasnorm_wordpool_less_exclusions.txt	LTP267	ltpFR	7	13	1	ATHLETE	52	n/a	n/a	1	n/a	0	0	0	0.422607421875	0.5869140625	0	upper	amplitud.ttf
4053.272	n/a	START	2026636	n/a	LTP267	ltpFR	7	n/a	n/a	n/a	n/a	n/a	n/a	n/a	n/a	n/a	n/a	n/a	n/a	n/a	n/a	n/a	n/a
4054.108	n/a	PROB	2027054	n/a	LTP267	ltpFR	7	n/a	n/a	n/a	n/a	n/a	n/a	n/a	14	8	3	3	n/a	n/a	n/a	n/a	n/a
4056.11	n/a	PROB	2028055	n/a	LTP267	ltpFR	7	n/a	n/a	n/a	n/a	n/a	n/a	n/a	9	1	6	2	n/a	n/a	n/a	n/a	n/a
4057.798	n/a	PROB	2028899	n/a	LTP267	ltpFR	7	n/a	n/a	n/a	n/a	n/a	n/a	n/a	6	1	3	2	n/a	n/a	n/a	n/a	n/a
4058.954	n/a	PROB	2029477	n/a	LTP267	ltpFR	7	n/a	n/a	n/a	n/a	n/a	n/a	n/a	19	3	7	9	n/a	n/a	n/a	n/a	n/a
4063.27	n/a	PROB	2031635	n/a	LTP267	ltpFR	7	n/a	n/a	n/a	n/a	n/a	n/a	n/a	14	8	5	1	n/a	n/a	n/a	n/a	n/a
4065.53	n/a	PROB	2032765	n/a	LTP267	ltpFR	7	n/a	n/a	n/a	n/a	n/a	n/a	n/a	11	7	2	2	n/a	n/a	n/a	n/a	n/a
4069.25	n/a	STOP	2034625	n/a	LTP267	ltpFR	7	n/a	n/a	n/a	n/a	n/a	n/a	n/a	n/a	n/a	n/a	n/a	n/a	n/a	n/a	n/a	n/a
4070.482	n/a	WORD	2035241	wordpools/wasnorm_wordpool_less_exclusions.txt	LTP267	ltpFR	7	13	1	TEAM	1441	n/a	n/a	1	n/a	0	0	0	0.422607421875	0.5869140625	0	upper	amplitud.ttf
4073.5	n/a	START	2036750	n/a	LTP267	ltpFR	7	n/a	n/a	n/a	n/a	n/a	n/a	n/a	n/a	n/a	n/a	n/a	n/a	n/a	n/a	n/a	n/a
4074.52	n/a	PROB	2037260	n/a	LTP267	ltpFR	7	n/a	n/a	n/a	n/a	n/a	n/a	n/a	5	1	3	1	n/a	n/a	n/a	n/a	n/a
4075.818	n/a	PROB	2037909	n/a	LTP267	ltpFR	7	n/a	n/a	n/a	n/a	n/a	n/a	n/a	17	8	5	4	n/a	n/a	n/a	n/a	n/a
4077.392	n/a	PROB	2038696	n/a	LTP267	ltpFR	7	n/a	n/a	n/a	n/a	n/a	n/a	n/a	21	6	7	8	n/a	n/a	n/a	n/a	n/a
4079.732	n/a	PROB	2039866	n/a	LTP267	ltpFR	7	n/a	n/a	n/a	n/a	n/a	n/a	n/a	15	2	7	4	n/a	n/a	n/a	n/a	n/a
4082.064	n/a	PROB	2041032	n/a	LTP267	ltpFR	7	n/a	n/a	n/a	n/a	n/a	n/a	n/a	9	2	3	4	n/a	n/a	n/a	n/a	n/a
4084.0	n/a	PROB	2042000	n/a	LTP267	ltpFR	7	n/a	n/a	n/a	n/a	n/a	n/a	n/a	14	2	7	5	n/a	n/a	n/a	n/a	n/a
4085.51	n/a	PROB	2042755	n/a	LTP267	ltpFR	7	n/a	n/a	n/a	n/a	n/a	n/a	n/a	15	8	3	4	n/a	n/a	n/a	n/a	n/a
4088.436	n/a	STOP	2044218	n/a	LTP267	ltpFR	7	n/a	n/a	n/a	n/a	n/a	n/a	n/a	n/a	n/a	n/a	n/a	n/a	n/a	n/a	n/a	n/a
4090.396	n/a	WORD	2045198	wordpools/wasnorm_wordpool_less_exclusions.txt	LTP267	ltpFR	7	13	1	RASPBERRY	1168	n/a	n/a	1	n/a	0	0	0	0.422607421875	0.5869140625	0	upper	amplitud.ttf
4093.408	n/a	START	2046704	n/a	LTP267	ltpFR	7	n/a	n/a	n/a	n/a	n/a	n/a	n/a	n/a	n/a	n/a	n/a	n/a	n/a	n/a	n/a	n/a
4094.474	n/a	PROB	2047237	n/a	LTP267	ltpFR	7	n/a	n/a	n/a	n/a	n/a	n/a	n/a	22	9	9	4	n/a	n/a	n/a	n/a	n/a
4096.916	n/a	PROB	2048458	n/a	LTP267	ltpFR	7	n/a	n/a	n/a	n/a	n/a	n/a	n/a	13	3	8	2	n/a	n/a	n/a	n/a	n/a
4098.204	n/a	PROB	2049102	n/a	LTP267	ltpFR	7	n/a	n/a	n/a	n/a	n/a	n/a	n/a	18	1	8	9	n/a	n/a	n/a	n/a	n/a
4099.632	n/a	PROB	2049816	n/a	LTP267	ltpFR	7	n/a	n/a	n/a	n/a	n/a	n/a	n/a	19	8	2	9	n/a	n/a	n/a	n/a	n/a
4100.904	n/a	PROB	2050452	n/a	LTP267	ltpFR	7	n/a	n/a	n/a	n/a	n/a	n/a	n/a	14	3	2	9	n/a	n/a	n/a	n/a	n/a
4102.66	n/a	PROB	2051330	n/a	LTP267	ltpFR	7	n/a	n/a	n/a	n/a	n/a	n/a	n/a	16	7	3	6	n/a	n/a	n/a	n/a	n/a
4103.812	n/a	PROB	2051906	n/a	LTP267	ltpFR	7	n/a	n/a	n/a	n/a	n/a	n/a	n/a	12	7	1	4	n/a	n/a	n/a	n/a	n/a
4105.77	n/a	PROB	2052885	n/a	LTP267	ltpFR	7	n/a	n/a	n/a	n/a	n/a	n/a	n/a	23	8	9	5	n/a	n/a	n/a	n/a	n/a
4108.076	n/a	STOP	2054038	n/a	LTP267	ltpFR	7	n/a	n/a	n/a	n/a	n/a	n/a	n/a	n/a	n/a	n/a	n/a	n/a	n/a	n/a	n/a	n/a
4110.484	n/a	WORD	2055242	wordpools/wasnorm_wordpool_less_exclusions.txt	LTP267	ltpFR	7	13	1	CEILING	265	n/a	n/a	0	n/a	0	0	0	0.422607421875	0.5869140625	0	upper	amplitud.ttf
4113.502	n/a	START	2056751	n/a	LTP267	ltpFR	7	n/a	n/a	n/a	n/a	n/a	n/a	n/a	n/a	n/a	n/a	n/a	n/a	n/a	n/a	n/a	n/a
4114.556	n/a	PROB	2057278	n/a	LTP267	ltpFR	7	n/a	n/a	n/a	n/a	n/a	n/a	n/a	18	8	8	2	n/a	n/a	n/a	n/a	n/a
4115.956	n/a	PROB	2057978	n/a	LTP267	ltpFR	7	n/a	n/a	n/a	n/a	n/a	n/a	n/a	18	4	5	9	n/a	n/a	n/a	n/a	n/a
4118.85	n/a	PROB	2059425	n/a	LTP267	ltpFR	7	n/a	n/a	n/a	n/a	n/a	n/a	n/a	7	2	4	1	n/a	n/a	n/a	n/a	n/a
4120.49	n/a	PROB	2060245	n/a	LTP267	ltpFR	7	n/a	n/a	n/a	n/a	n/a	n/a	n/a	18	3	8	7	n/a	n/a	n/a	n/a	n/a
4122.564	n/a	PROB	2061282	n/a	LTP267	ltpFR	7	n/a	n/a	n/a	n/a	n/a	n/a	n/a	18	2	9	7	n/a	n/a	n/a	n/a	n/a
4129.504	n/a	STOP	2064752	n/a	LTP267	ltpFR	7	n/a	n/a	n/a	n/a	n/a	n/a	n/a	n/a	n/a	n/a	n/a	n/a	n/a	n/a	n/a	n/a
4130.528	n/a	WORD	2065264	wordpools/wasnorm_wordpool_less_exclusions.txt	LTP267	ltpFR	7	13	1	PERSON	1052	n/a	n/a	1	n/a	0	0	0	0.422607421875	0.5869140625	0	upper	amplitud.ttf
4133.546	n/a	START	2066773	n/a	LTP267	ltpFR	7	n/a	n/a	n/a	n/a	n/a	n/a	n/a	n/a	n/a	n/a	n/a	n/a	n/a	n/a	n/a	n/a
4134.548	n/a	PROB	2067274	n/a	LTP267	ltpFR	7	n/a	n/a	n/a	n/a	n/a	n/a	n/a	16	6	7	3	n/a	n/a	n/a	n/a	n/a
4136.048	n/a	PROB	2068024	n/a	LTP267	ltpFR	7	n/a	n/a	n/a	n/a	n/a	n/a	n/a	11	2	7	2	n/a	n/a	n/a	n/a	n/a
4138.898	n/a	PROB	2069449	n/a	LTP267	ltpFR	7	n/a	n/a	n/a	n/a	n/a	n/a	n/a	17	4	5	8	n/a	n/a	n/a	n/a	n/a
4141.052	n/a	PROB	2070526	n/a	LTP267	ltpFR	7	n/a	n/a	n/a	n/a	n/a	n/a	n/a	15	3	5	7	n/a	n/a	n/a	n/a	n/a
4142.21	n/a	PROB	2071105	n/a	LTP267	ltpFR	7	n/a	n/a	n/a	n/a	n/a	n/a	n/a	15	5	2	6	n/a	n/a	n/a	n/a	n/a
4143.862	n/a	PROB	2071931	n/a	LTP267	ltpFR	7	n/a	n/a	n/a	n/a	n/a	n/a	n/a	12	1	4	7	n/a	n/a	n/a	n/a	n/a
4146.778	n/a	PROB	2073389	n/a	LTP267	ltpFR	7	n/a	n/a	n/a	n/a	n/a	n/a	n/a	1	8	6	2	n/a	n/a	n/a	n/a	n/a
4149.51	n/a	STOP	2074755	n/a	LTP267	ltpFR	7	n/a	n/a	n/a	n/a	n/a	n/a	n/a	n/a	n/a	n/a	n/a	n/a	n/a	n/a	n/a	n/a
4150.742	n/a	WORD	2075371	wordpools/wasnorm_wordpool_less_exclusions.txt	LTP267	ltpFR	7	13	1	SHIP	1286	n/a	n/a	0	n/a	0	0	0	0.422607421875	0.5869140625	0	upper	amplitud.ttf
4153.754	n/a	START	2076877	n/a	LTP267	ltpFR	7	n/a	n/a	n/a	n/a	n/a	n/a	n/a	n/a	n/a	n/a	n/a	n/a	n/a	n/a	n/a	n/a
4154.91	n/a	PROB	2077455	n/a	LTP267	ltpFR	7	n/a	n/a	n/a	n/a	n/a	n/a	n/a	21	9	6	6	n/a	n/a	n/a	n/a	n/a
4158.49	n/a	PROB	2079245	n/a	LTP267	ltpFR	7	n/a	n/a	n/a	n/a	n/a	n/a	n/a	18	9	5	4	n/a	n/a	n/a	n/a	n/a
4159.844	n/a	PROB	2079922	n/a	LTP267	ltpFR	7	n/a	n/a	n/a	n/a	n/a	n/a	n/a	17	1	9	7	n/a	n/a	n/a	n/a	n/a
4161.15	n/a	PROB	2080575	n/a	LTP267	ltpFR	7	n/a	n/a	n/a	n/a	n/a	n/a	n/a	12	1	3	8	n/a	n/a	n/a	n/a	n/a
4163.084	n/a	PROB	2081542	n/a	LTP267	ltpFR	7	n/a	n/a	n/a	n/a	n/a	n/a	n/a	15	5	2	8	n/a	n/a	n/a	n/a	n/a
4164.296	n/a	PROB	2082148	n/a	LTP267	ltpFR	7	n/a	n/a	n/a	n/a	n/a	n/a	n/a	19	9	5	5	n/a	n/a	n/a	n/a	n/a
4165.546	n/a	PROB	2082773	n/a	LTP267	ltpFR	7	n/a	n/a	n/a	n/a	n/a	n/a	n/a	19	9	3	9	n/a	n/a	n/a	n/a	n/a
4169.756	n/a	STOP	2084878	n/a	LTP267	ltpFR	7	n/a	n/a	n/a	n/a	n/a	n/a	n/a	n/a	n/a	n/a	n/a	n/a	n/a	n/a	n/a	n/a
4170.888	n/a	WORD	2085444	wordpools/wasnorm_wordpool_less_exclusions.txt	LTP267	ltpFR	7	13	1	WALRUS	1585	n/a	n/a	0	n/a	0	0	0	0.422607421875	0.5869140625	0	upper	amplitud.ttf
4173.9	n/a	START	2086950	n/a	LTP267	ltpFR	7	n/a	n/a	n/a	n/a	n/a	n/a	n/a	n/a	n/a	n/a	n/a	n/a	n/a	n/a	n/a	n/a
4174.936	n/a	PROB	2087468	n/a	LTP267	ltpFR	7	n/a	n/a	n/a	n/a	n/a	n/a	n/a	19	5	6	8	n/a	n/a	n/a	n/a	n/a
4176.638	n/a	PROB	2088319	n/a	LTP267	ltpFR	7	n/a	n/a	n/a	n/a	n/a	n/a	n/a	13	6	4	3	n/a	n/a	n/a	n/a	n/a
4179.486	n/a	PROB	2089743	n/a	LTP267	ltpFR	7	n/a	n/a	n/a	n/a	n/a	n/a	n/a	11	3	4	2	n/a	n/a	n/a	n/a	n/a
4181.996	n/a	PROB	2090998	n/a	LTP267	ltpFR	7	n/a	n/a	n/a	n/a	n/a	n/a	n/a	16	5	8	3	n/a	n/a	n/a	n/a	n/a
4186.948	n/a	PROB	2093474	n/a	LTP267	ltpFR	7	n/a	n/a	n/a	n/a	n/a	n/a	n/a	18	2	9	7	n/a	n/a	n/a	n/a	n/a
4189.784	n/a	STOP	2094892	n/a	LTP267	ltpFR	7	n/a	n/a	n/a	n/a	n/a	n/a	n/a	n/a	n/a	n/a	n/a	n/a	n/a	n/a	n/a	n/a
4191.696	n/a	REC_START	2095848	n/a	LTP267	ltpFR	7	13	n/a	n/a	n/a	n/a	n/a	n/a	n/a	0	0	0	n/a	n/a	n/a	n/a	n/a
4195.89	n/a	REC_WORD	2097945	wordpools/wasnorm_wordpool_less_exclusions.txt	LTP267	ltpFR	7	13	1	SHIP	1286	n/a	n/a	0	n/a	0	0	0	n/a	n/a	n/a	n/a	n/a
4197.958	n/a	REC_WORD	2098979	wordpools/wasnorm_wordpool_less_exclusions.txt	LTP267	ltpFR	7	13	1	ATHLETE	52	n/a	n/a	1	n/a	0	0	0	n/a	n/a	n/a	n/a	n/a
4201.204	n/a	REC_WORD	2100602	wordpools/wasnorm_wordpool_less_exclusions.txt	LTP267	ltpFR	7	13	n/a	FOOT	590	n/a	n/a	n/a	n/a	0	0	0	n/a	n/a	n/a	n/a	n/a
4209.522	n/a	REC_WORD	2104761	wordpools/wasnorm_wordpool_less_exclusions.txt	LTP267	ltpFR	7	13	0	CANAL	226	n/a	n/a	1	n/a	0	0	0	n/a	n/a	n/a	n/a	n/a
4270.446	n/a	WORD	2135223	wordpools/wasnorm_wordpool_less_exclusions.txt	LTP267	ltpFR	7	14	0	PIANO	1057	n/a	n/a	0	n/a	0	0	0	0.57763671875	0.412841796875	1	lower	zerothre.ttf
4274.326	n/a	WORD	2137163	wordpools/wasnorm_wordpool_less_exclusions.txt	LTP267	ltpFR	7	14	0	BUGLE	189	n/a	n/a	0	n/a	0	0	0	0.57763671875	0.412841796875	1	lower	zerothre.ttf
4278.198	n/a	WORD	2139099	wordpools/wasnorm_wordpool_less_exclusions.txt	LTP267	ltpFR	7	14	0	MARINE	869	n/a	n/a	1	n/a	0	0	0	0.57763671875	0.412841796875	1	lower	zerothre.ttf
4282.414	n/a	WORD	2141207	wordpools/wasnorm_wordpool_less_exclusions.txt	LTP267	ltpFR	7	14	0	BRICK	172	n/a	n/a	0	n/a	0	0	0	0.57763671875	0.412841796875	1	lower	zerothre.ttf
4286.362	n/a	WORD	2143181	wordpools/wasnorm_wordpool_less_exclusions.txt	LTP267	ltpFR	7	14	0	NAPKIN	937	n/a	n/a	0	n/a	0	0	0	0.57763671875	0.412841796875	1	lower	zerothre.ttf
4290.41	n/a	WORD	2145205	wordpools/wasnorm_wordpool_less_exclusions.txt	LTP267	ltpFR	7	14	0	PEARL	1034	n/a	n/a	0	n/a	0	0	0	0.57763671875	0.412841796875	1	lower	zerothre.ttf
4294.292	n/a	WORD	2147146	wordpools/wasnorm_wordpool_less_exclusions.txt	LTP267	ltpFR	7	14	0	DIAMOND	458	n/a	n/a	0	n/a	0	0	0	0.57763671875	0.412841796875	1	lower	zerothre.ttf
4298.308	n/a	WORD	2149154	wordpools/wasnorm_wordpool_less_exclusions.txt	LTP267	ltpFR	7	14	0	LAGOON	795	n/a	n/a	1	n/a	0	0	0	0.57763671875	0.412841796875	1	lower	zerothre.ttf
4302.14	n/a	WORD	2151070	wordpools/wasnorm_wordpool_less_exclusions.txt	LTP267	ltpFR	7	14	0	ISLAND	745	n/a	n/a	1	n/a	0	0	0	0.57763671875	0.412841796875	1	lower	zerothre.ttf
4306.12	n/a	WORD	2153060	wordpools/wasnorm_wordpool_less_exclusions.txt	LTP267	ltpFR	7	14	0	BUNNY	198	n/a	n/a	0	n/a	0	0	0	0.57763671875	0.412841796875	1	lower	zerothre.ttf
4310.098	n/a	WORD	2155049	wordpools/wasnorm_wordpool_less_exclusions.txt	LTP267	ltpFR	7	14	0	CRYSTAL	418	n/a	n/a	1	n/a	0	0	0	0.57763671875	0.412841796875	1	lower	zerothre.ttf
4314.184	n/a	WORD	2157092	wordpools/wasnorm_wordpool_less_exclusions.txt	LTP267	ltpFR	7	14	0	NECKLACE	940	n/a	n/a	0	n/a	0	0	0	0.57763671875	0.412841796875	1	lower	zerothre.ttf
4318.044	n/a	WORD	2159022	wordpools/wasnorm_wordpool_less_exclusions.txt	LTP267	ltpFR	7	14	0	TRIBE	1505	n/a	n/a	1	n/a	0	0	0	0.57763671875	0.412841796875	1	lower	zerothre.ttf
4322.082	n/a	WORD	2161041	wordpools/wasnorm_wordpool_less_exclusions.txt	LTP267	ltpFR	7	14	0	OCEAN	970	n/a	n/a	1	n/a	0	0	0	0.57763671875	0.412841796875	1	lower	zerothre.ttf
4326.148	n/a	WORD	2163074	wordpools/wasnorm_wordpool_less_exclusions.txt	LTP267	ltpFR	7	14	0	SURF	1412	n/a	n/a	1	n/a	0	0	0	0.57763671875	0.412841796875	1	lower	zerothre.ttf
4330.128	n/a	WORD	2165064	wordpools/wasnorm_wordpool_less_exclusions.txt	LTP267	ltpFR	7	14	0	BOWL	158	n/a	n/a	0	n/a	0	0	0	0.57763671875	0.412841796875	1	lower	zerothre.ttf
4333.14	n/a	START	2166570	n/a	LTP267	ltpFR	7	n/a	n/a	n/a	n/a	n/a	n/a	n/a	n/a	n/a	n/a	n/a	n/a	n/a	n/a	n/a	n/a
4334.01	n/a	PROB	2167005	n/a	LTP267	ltpFR	7	n/a	n/a	n/a	n/a	n/a	n/a	n/a	13	2	7	4	n/a	n/a	n/a	n/a	n/a
4335.812	n/a	PROB	2167906	n/a	LTP267	ltpFR	7	n/a	n/a	n/a	n/a	n/a	n/a	n/a	12	6	2	4	n/a	n/a	n/a	n/a	n/a
4337.736	n/a	PROB	2168868	n/a	LTP267	ltpFR	7	n/a	n/a	n/a	n/a	n/a	n/a	n/a	15	3	5	7	n/a	n/a	n/a	n/a	n/a
4338.908	n/a	PROB	2169454	n/a	LTP267	ltpFR	7	n/a	n/a	n/a	n/a	n/a	n/a	n/a	17	3	4	9	n/a	n/a	n/a	n/a	n/a
4340.83	n/a	PROB	2170415	n/a	LTP267	ltpFR	7	n/a	n/a	n/a	n/a	n/a	n/a	n/a	18	6	9	3	n/a	n/a	n/a	n/a	n/a
4342.854	n/a	PROB	2171427	n/a	LTP267	ltpFR	7	n/a	n/a	n/a	n/a	n/a	n/a	n/a	15	2	4	9	n/a	n/a	n/a	n/a	n/a
4345.086	n/a	PROB	2172543	n/a	LTP267	ltpFR	7	n/a	n/a	n/a	n/a	n/a	n/a	n/a	15	6	1	8	n/a	n/a	n/a	n/a	n/a
4349.142	n/a	STOP	2174571	n/a	LTP267	ltpFR	7	n/a	n/a	n/a	n/a	n/a	n/a	n/a	n/a	n/a	n/a	n/a	n/a	n/a	n/a	n/a	n/a
4351.042	n/a	REC_START	2175521	n/a	LTP267	ltpFR	7	14	n/a	n/a	n/a	n/a	n/a	n/a	n/a	0	0	0	n/a	n/a	n/a	n/a	n/a
4352.756	n/a	REC_WORD	2176378	wordpools/wasnorm_wordpool_less_exclusions.txt	LTP267	ltpFR	7	14	0	PIANO	1057	n/a	n/a	0	n/a	0	0	0	n/a	n/a	n/a	n/a	n/a
4353.576	n/a	REC_WORD	2176788	wordpools/wasnorm_wordpool_less_exclusions.txt	LTP267	ltpFR	7	14	0	MARINE	869	n/a	n/a	1	n/a	0	0	0	n/a	n/a	n/a	n/a	n/a
4355.738	n/a	REC_WORD	2177869	wordpools/wasnorm_wordpool_less_exclusions.txt	LTP267	ltpFR	7	14	0	LAGOON	795	n/a	n/a	1	n/a	0	0	0	n/a	n/a	n/a	n/a	n/a
4356.944	n/a	REC_WORD	2178472	wordpools/wasnorm_wordpool_less_exclusions.txt	LTP267	ltpFR	7	14	0	OCEAN	970	n/a	n/a	1	n/a	0	0	0	n/a	n/a	n/a	n/a	n/a
4357.838	n/a	REC_WORD	2178919	wordpools/wasnorm_wordpool_less_exclusions.txt	LTP267	ltpFR	7	14	0	SURF	1412	n/a	n/a	1	n/a	0	0	0	n/a	n/a	n/a	n/a	n/a
4359.048	n/a	REC_WORD	2179524	wordpools/wasnorm_wordpool_less_exclusions.txt	LTP267	ltpFR	7	14	0	ISLAND	745	n/a	n/a	1	n/a	0	0	0	n/a	n/a	n/a	n/a	n/a
4374.326	n/a	REC_WORD	2187163	wordpools/wasnorm_wordpool_less_exclusions.txt	LTP267	ltpFR	7	14	0	DIAMOND	458	n/a	n/a	0	n/a	0	0	0	n/a	n/a	n/a	n/a	n/a
4376.092	n/a	REC_WORD	2188046	wordpools/wasnorm_wordpool_less_exclusions.txt	LTP267	ltpFR	7	14	n/a	JEWEL	757	n/a	n/a	n/a	n/a	0	0	0	n/a	n/a	n/a	n/a	n/a
4376.102	n/a	REC_WORD	2188051	wordpools/wasnorm_wordpool_less_exclusions.txt	LTP267	ltpFR	7	14	0	BUGLE	189	n/a	n/a	0	n/a	0	0	0	n/a	n/a	n/a	n/a	n/a
4378.456	n/a	REC_WORD	2189228	wordpools/wasnorm_wordpool_less_exclusions.txt	LTP267	ltpFR	7	14	0	PEARL	1034	n/a	n/a	0	n/a	0	0	0	n/a	n/a	n/a	n/a	n/a
4384.762	n/a	REC_WORD	2192381	wordpools/wasnorm_wordpool_less_exclusions.txt	LTP267	ltpFR	7	14	n/a	TREASURE	1500	n/a	n/a	n/a	n/a	0	0	0	n/a	n/a	n/a	n/a	n/a
4439.108	n/a	REC_START	2219554	n/a	LTP267	ltpFR	7	n/a	n/a	n/a	n/a	n/a	n/a	n/a	n/a	0	0	0	n/a	n/a	n/a	n/a	n/a
4440.04	n/a	FFR_REC_WORD	2220020	wordpools/wasnorm_wordpool_less_exclusions.txt	LTP267	ltpFR	7	n/a	0	DIAMOND	458	n/a	n/a	0	n/a	0	0	0	n/a	n/a	n/a	n/a	n/a
4440.894	n/a	FFR_REC_WORD	2220447	wordpools/wasnorm_wordpool_less_exclusions.txt	LTP267	ltpFR	7	n/a	n/a	TREASURE	1500	n/a	n/a	n/a	n/a	0	0	0	n/a	n/a	n/a	n/a	n/a
4441.854	n/a	FFR_REC_WORD	2220927	wordpools/wasnorm_wordpool_less_exclusions.txt	LTP267	ltpFR	7	n/a	n/a	JEWEL	757	n/a	n/a	n/a	n/a	0	0	0	n/a	n/a	n/a	n/a	n/a
4442.742	n/a	FFR_REC_WORD	2221371	wordpools/wasnorm_wordpool_less_exclusions.txt	LTP267	ltpFR	7	n/a	1	CAPTAIN	239	n/a	n/a	1	n/a	0	0	0	n/a	n/a	n/a	n/a	n/a
4444.05	n/a	FFR_REC_WORD	2222025	wordpools/wasnorm_wordpool_less_exclusions.txt	LTP267	ltpFR	7	n/a	n/a	BOAT	144	n/a	n/a	n/a	n/a	0	0	0	n/a	n/a	n/a	n/a	n/a
4444.818	n/a	FFR_REC_WORD	2222409	wordpools/wasnorm_wordpool_less_exclusions.txt	LTP267	ltpFR	7	n/a	0	LAGOON	795	n/a	n/a	1	n/a	0	0	0	n/a	n/a	n/a	n/a	n/a
4445.868	n/a	FFR_REC_WORD	2222934	wordpools/wasnorm_wordpool_less_exclusions.txt	LTP267	ltpFR	7	n/a	0	SURF	1412	n/a	n/a	1	n/a	0	0	0	n/a	n/a	n/a	n/a	n/a
4447.208	n/a	FFR_REC_WORD	2223604	wordpools/wasnorm_wordpool_less_exclusions.txt	LTP267	ltpFR	7	n/a	0	OCEAN	970	n/a	n/a	1	n/a	0	0	0	n/a	n/a	n/a	n/a	n/a
4450.048	n/a	FFR_REC_WORD	2225024	wordpools/wasnorm_wordpool_less_exclusions.txt	LTP267	ltpFR	7	n/a	0	DAM	436	n/a	n/a	1	n/a	0	0	0	n/a	n/a	n/a	n/a	n/a
4451.026	n/a	FFR_REC_WORD	2225513	wordpools/wasnorm_wordpool_less_exclusions.txt	LTP267	ltpFR	7	n/a	0	TROUT	1511	n/a	n/a	0	n/a	0	0	0	n/a	n/a	n/a	n/a	n/a
4452.758	n/a	FFR_REC_WORD	2226379	wordpools/wasnorm_wordpool_less_exclusions.txt	LTP267	ltpFR	7	n/a	0	FISH	571	n/a	n/a	0	n/a	0	0	0	n/a	n/a	n/a	n/a	n/a
4456.4	n/a	FFR_REC_WORD	2228200	wordpools/wasnorm_wordpool_less_exclusions.txt	LTP267	ltpFR	7	n/a	0	BLACKBERRY	132	n/a	n/a	1	n/a	0	0	0	n/a	n/a	n/a	n/a	n/a
4457.528	n/a	FFR_REC_WORD	2228764	wordpools/wasnorm_wordpool_less_exclusions.txt	LTP267	ltpFR	7	n/a	0	TYPEWRITER	1531	n/a	n/a	1	n/a	0	0	0	n/a	n/a	n/a	n/a	n/a
4460.052	n/a	FFR_REC_WORD	2230026	wordpools/wasnorm_wordpool_less_exclusions.txt	LTP267	ltpFR	7	n/a	1	CAPTAIN	239	n/a	n/a	1	n/a	0	0	0	n/a	n/a	n/a	n/a	n/a
4461.606	n/a	FFR_REC_WORD	2230803	wordpools/wasnorm_wordpool_less_exclusions.txt	LTP267	ltpFR	7	n/a	0	MAJOR	859	n/a	n/a	1	n/a	0	0	0	n/a	n/a	n/a	n/a	n/a
4467.764	n/a	FFR_REC_WORD	2233882	wordpools/wasnorm_wordpool_less_exclusions.txt	LTP267	ltpFR	7	n/a	n/a	PICNIC	1060	n/a	n/a	n/a	n/a	0	0	0	n/a	n/a	n/a	n/a	n/a
4471.71	n/a	FFR_REC_WORD	2235855	wordpools/wasnorm_wordpool_less_exclusions.txt	LTP267	ltpFR	7	n/a	n/a	PLAID	1080	n/a	n/a	n/a	n/a	0	0	0	n/a	n/a	n/a	n/a	n/a
4473.398	n/a	FFR_REC_WORD	2236699	wordpools/wasnorm_wordpool_less_exclusions.txt	LTP267	ltpFR	7	n/a	0	PANTS	1010	n/a	n/a	0	n/a	0	0	0	n/a	n/a	n/a	n/a	n/a
4474.21	n/a	FFR_REC_WORD	2237105	wordpools/wasnorm_wordpool_less_exclusions.txt	LTP267	ltpFR	7	n/a	0	JEANS	752	n/a	n/a	1	n/a	0	0	0	n/a	n/a	n/a	n/a	n/a
4482.232	n/a	FFR_REC_WORD	2241116	wordpools/wasnorm_wordpool_less_exclusions.txt	LTP267	ltpFR	7	n/a	1	FRIEND	606	n/a	n/a	1	n/a	0	0	0	n/a	n/a	n/a	n/a	n/a
4486.018	n/a	FFR_REC_WORD	2243009	wordpools/wasnorm_wordpool_less_exclusions.txt	LTP267	ltpFR	7	n/a	0	NUT	965	n/a	n/a	0	n/a	0	0	0	n/a	n/a	n/a	n/a	n/a
4487.44	n/a	FFR_REC_WORD	2243720	wordpools/wasnorm_wordpool_less_exclusions.txt	LTP267	ltpFR	7	n/a	1	BREAST	171	n/a	n/a	0	n/a	0	0	0	n/a	n/a	n/a	n/a	n/a
4499.962	n/a	FFR_REC_WORD	2249981	wordpools/wasnorm_wordpool_less_exclusions.txt	LTP267	ltpFR	7	n/a	1	ATTORNEY	58	n/a	n/a	1	n/a	0	0	0	n/a	n/a	n/a	n/a	n/a
4519.778	n/a	FFR_REC_WORD	2259889	wordpools/wasnorm_wordpool_less_exclusions.txt	LTP267	ltpFR	7	n/a	n/a	FLOOR	581	n/a	n/a	n/a	n/a	0	0	0	n/a	n/a	n/a	n/a	n/a
4521.482	n/a	FFR_REC_WORD	2260741	wordpools/wasnorm_wordpool_less_exclusions.txt	LTP267	ltpFR	7	n/a	0	SAXOPHONE	1240	n/a	n/a	1	n/a	0	0	0	n/a	n/a	n/a	n/a	n/a
4526.806	n/a	FFR_REC_WORD	2263403	wordpools/wasnorm_wordpool_less_exclusions.txt	LTP267	ltpFR	7	n/a	0	CONCERT	360	n/a	n/a	1	n/a	0	0	0	n/a	n/a	n/a	n/a	n/a
4531.46	n/a	FFR_REC_WORD	2265730	wordpools/wasnorm_wordpool_less_exclusions.txt	LTP267	ltpFR	7	n/a	1	CANNON	232	n/a	n/a	0	n/a	0	0	0	n/a	n/a	n/a	n/a	n/a
4543.878	n/a	FFR_REC_WORD	2271939	wordpools/wasnorm_wordpool_less_exclusions.txt	LTP267	ltpFR	7	n/a	n/a	HUMAN	726	n/a	n/a	n/a	n/a	0	0	0	n/a	n/a	n/a	n/a	n/a
4548.912	n/a	FFR_REC_WORD	2274456	wordpools/wasnorm_wordpool_less_exclusions.txt	LTP267	ltpFR	7	n/a	0	SNAKE	1333	n/a	n/a	1	n/a	0	0	0	n/a	n/a	n/a	n/a	n/a
4550.034	n/a	FFR_REC_WORD	2275017	wordpools/wasnorm_wordpool_less_exclusions.txt	LTP267	ltpFR	7	n/a	0	SERPENT	1270	n/a	n/a	0	n/a	0	0	0	n/a	n/a	n/a	n/a	n/a
4553.204	n/a	FFR_REC_WORD	2276602	wordpools/wasnorm_wordpool_less_exclusions.txt	LTP267	ltpFR	7	n/a	1	COOKIE	374	n/a	n/a	0	n/a	0	0	0	n/a	n/a	n/a	n/a	n/a
4554.482	n/a	FFR_REC_WORD	2277241	wordpools/wasnorm_wordpool_less_exclusions.txt	LTP267	ltpFR	7	n/a	1	BAKER	71	n/a	n/a	1	n/a	0	0	0	n/a	n/a	n/a	n/a	n/a
4560.984	n/a	FFR_REC_WORD	2280492	wordpools/wasnorm_wordpool_less_exclusions.txt	LTP267	ltpFR	7	n/a	n/a	CAFETERIA	217	n/a	n/a	n/a	n/a	0	0	0	n/a	n/a	n/a	n/a	n/a
4569.89	n/a	FFR_REC_WORD	2284945	wordpools/wasnorm_wordpool_less_exclusions.txt	LTP267	ltpFR	7	n/a	1	JEEP	753	n/a	n/a	1	n/a	0	0	0	n/a	n/a	n/a	n/a	n/a
4571.942	n/a	FFR_REC_WORD	2285971	wordpools/wasnorm_wordpool_less_exclusions.txt	LTP267	ltpFR	7	n/a	1	GARAGE	621	n/a	n/a	1	n/a	0	0	0	n/a	n/a	n/a	n/a	n/a
4573.066	n/a	FFR_REC_WORD	2286533	wordpools/wasnorm_wordpool_less_exclusions.txt	LTP267	ltpFR	7	n/a	1	RUST	1219	n/a	n/a	0	n/a	0	0	0	n/a	n/a	n/a	n/a	n/a
4577.424	n/a	FFR_REC_WORD	2288712	wordpools/wasnorm_wordpool_less_exclusions.txt	LTP267	ltpFR	7	n/a	1	COP	376	n/a	n/a	1	n/a	0	0	0	n/a	n/a	n/a	n/a	n/a
4578.28	n/a	FFR_REC_WORD	2289140	wordpools/wasnorm_wordpool_less_exclusions.txt	LTP267	ltpFR	7	n/a	n/a	POLICE	1098	n/a	n/a	n/a	n/a	0	0	0	n/a	n/a	n/a	n/a	n/a
4579.614	n/a	FFR_REC_WORD	2289807	wordpools/wasnorm_wordpool_less_exclusions.txt	LTP267	ltpFR	7	n/a	1	SIREN	1310	n/a	n/a	1	n/a	0	0	0	n/a	n/a	n/a	n/a	n/a
4581.108	n/a	FFR_REC_WORD	2290554	wordpools/wasnorm_wordpool_less_exclusions.txt	LTP267	ltpFR	7	n/a	1	MONUMENT	913	n/a	n/a	1	n/a	0	0	0	n/a	n/a	n/a	n/a	n/a
4582.354	n/a	FFR_REC_WORD	2291177	wordpools/wasnorm_wordpool_less_exclusions.txt	LTP267	ltpFR	7	n/a	1	TAR	1435	n/a	n/a	0	n/a	0	0	0	n/a	n/a	n/a	n/a	n/a
4583.554	n/a	FFR_REC_WORD	2291777	wordpools/wasnorm_wordpool_less_exclusions.txt	LTP267	ltpFR	7	n/a	1	HIKER	708	n/a	n/a	1	n/a	0	0	0	n/a	n/a	n/a	n/a	n/a
4762.382	n/a	REC_START	2381191	n/a	LTP267	ltpFR	7	1	n/a	n/a	n/a	n/a	n/a	n/a	n/a	0	0	0	n/a	n/a	n/a	n/a	n/a
4762.432	n/a	RECOG_TARGET	2381216	n/a	LTP267	ltpFR	7	1	1	TOWER	1490	1	1	1	n/a	0	0	0	n/a	n/a	n/a	n/a	n/a
4764.198	n/a	RECOG_RESP	2382099	n/a	LTP267	ltpFR	7	1	1	TOWER	1490	1	n/a	1	n/a	0	0	0	n/a	n/a	n/a	n/a	n/a
4764.912	n/a	RECOG_CONF	2382456	n/a	LTP267	ltpFR	7	1	1	TOWER	1490	n/a	1	1	n/a	0	0	0	n/a	n/a	n/a	n/a	n/a
4766.608	n/a	RECOG_TARGET	2383304	n/a	LTP267	ltpFR	7	1	1	GROUND	666	1	3	1	n/a	0	0	0	n/a	n/a	n/a	n/a	n/a
4767.248	n/a	RECOG_RESP	2383624	n/a	LTP267	ltpFR	7	1	1	GROUND	666	1	n/a	1	n/a	0	0	0	n/a	n/a	n/a	n/a	n/a
4767.782	n/a	RECOG_CONF	2383891	n/a	LTP267	ltpFR	7	1	1	GROUND	666	n/a	3	1	n/a	0	0	0	n/a	n/a	n/a	n/a	n/a
4769.306	n/a	RECOG_TARGET	2384653	n/a	LTP267	ltpFR	7	1	0	PENGUIN	1044	1	5	0	n/a	0	0	0	n/a	n/a	n/a	n/a	n/a
4769.862	n/a	RECOG_RESP	2384931	n/a	LTP267	ltpFR	7	1	0	PENGUIN	1044	1	n/a	0	n/a	0	0	0	n/a	n/a	n/a	n/a	n/a
4770.254	n/a	RECOG_CONF	2385127	n/a	LTP267	ltpFR	7	1	0	PENGUIN	1044	n/a	5	0	n/a	0	0	0	n/a	n/a	n/a	n/a	n/a
4771.866	n/a	RECOG_TARGET	2385933	n/a	LTP267	ltpFR	7	1	1	COB	334	1	2	0	n/a	0	0	0	n/a	n/a	n/a	n/a	n/a
4772.278	n/a	RECOG_RESP	2386139	n/a	LTP267	ltpFR	7	1	1	COB	334	1	n/a	0	n/a	0	0	0	n/a	n/a	n/a	n/a	n/a
4772.654	n/a	RECOG_CONF	2386327	n/a	LTP267	ltpFR	7	1	1	COB	334	n/a	2	0	n/a	0	0	0	n/a	n/a	n/a	n/a	n/a
4774.394	n/a	RECOG_TARGET	2387197	n/a	LTP267	ltpFR	7	1	0	SHELTER	1282	1	3	1	n/a	0	0	0	n/a	n/a	n/a	n/a	n/a
4774.854	n/a	RECOG_RESP	2387427	n/a	LTP267	ltpFR	7	1	0	SHELTER	1282	1	n/a	1	n/a	0	0	0	n/a	n/a	n/a	n/a	n/a
4775.194	n/a	RECOG_CONF	2387597	n/a	LTP267	ltpFR	7	1	0	SHELTER	1282	n/a	3	1	n/a	0	0	0	n/a	n/a	n/a	n/a	n/a
4776.954	n/a	RECOG_TARGET	2388477	n/a	LTP267	ltpFR	7	1	0	CREEK	404	1	1	1	n/a	0	0	0	n/a	n/a	n/a	n/a	n/a
4777.458	n/a	RECOG_RESP	2388729	n/a	LTP267	ltpFR	7	1	0	CREEK	404	1	n/a	1	n/a	0	0	0	n/a	n/a	n/a	n/a	n/a
4777.854	n/a	RECOG_CONF	2388927	n/a	LTP267	ltpFR	7	1	0	CREEK	404	n/a	1	1	n/a	0	0	0	n/a	n/a	n/a	n/a	n/a
4779.642	n/a	RECOG_LURE	2389821	n/a	LTP267	ltpFR	7	1	n/a	PUBLICATION	1136	0	3	n/a	n/a	0	0	0	n/a	n/a	n/a	n/a	n/a
4780.468	n/a	RECOG_RESP	2390234	n/a	LTP267	ltpFR	7	1	n/a	PUBLICATION	1136	0	n/a	n/a	n/a	0	0	0	n/a	n/a	n/a	n/a	n/a
4780.814	n/a	RECOG_CONF	2390407	n/a	LTP267	ltpFR	7	1	n/a	PUBLICATION	1136	n/a	3	n/a	n/a	0	0	0	n/a	n/a	n/a	n/a	n/a
4782.536	n/a	RECOG_LURE	2391268	n/a	LTP267	ltpFR	7	1	n/a	VALVE	1546	1	3	n/a	n/a	0	0	0	n/a	n/a	n/a	n/a	n/a
4783.138	n/a	RECOG_RESP	2391569	n/a	LTP267	ltpFR	7	1	n/a	VALVE	1546	1	n/a	n/a	n/a	0	0	0	n/a	n/a	n/a	n/a	n/a
4783.474	n/a	RECOG_CONF	2391737	n/a	LTP267	ltpFR	7	1	n/a	VALVE	1546	n/a	3	n/a	n/a	0	0	0	n/a	n/a	n/a	n/a	n/a
4785.202	n/a	RECOG_TARGET	2392601	n/a	LTP267	ltpFR	7	1	0	SAXOPHONE	1240	1	5	1	n/a	0	0	0	n/a	n/a	n/a	n/a	n/a
4785.744	n/a	RECOG_RESP	2392872	n/a	LTP267	ltpFR	7	1	0	SAXOPHONE	1240	1	n/a	1	n/a	0	0	0	n/a	n/a	n/a	n/a	n/a
4786.084	n/a	RECOG_CONF	2393042	n/a	LTP267	ltpFR	7	1	0	SAXOPHONE	1240	n/a	5	1	n/a	0	0	0	n/a	n/a	n/a	n/a	n/a
4787.76	n/a	RECOG_LURE	2393880	n/a	LTP267	ltpFR	7	1	n/a	LIST	830	1	2	n/a	n/a	0	0	0	n/a	n/a	n/a	n/a	n/a
4788.244	n/a	RECOG_RESP	2394122	n/a	LTP267	ltpFR	7	1	n/a	LIST	830	1	n/a	n/a	n/a	0	0	0	n/a	n/a	n/a	n/a	n/a
4788.584	n/a	RECOG_CONF	2394292	n/a	LTP267	ltpFR	7	1	n/a	LIST	830	n/a	2	n/a	n/a	0	0	0	n/a	n/a	n/a	n/a	n/a
4790.138	n/a	RECOG_TARGET	2395069	n/a	LTP267	ltpFR	7	1	0	DOLL	481	1	3	0	n/a	0	0	0	n/a	n/a	n/a	n/a	n/a
4790.834	n/a	RECOG_RESP	2395417	n/a	LTP267	ltpFR	7	1	0	DOLL	481	1	n/a	0	n/a	0	0	0	n/a	n/a	n/a	n/a	n/a
4791.164	n/a	RECOG_CONF	2395582	n/a	LTP267	ltpFR	7	1	0	DOLL	481	n/a	3	0	n/a	0	0	0	n/a	n/a	n/a	n/a	n/a
4792.864	n/a	RECOG_TARGET	2396432	n/a	LTP267	ltpFR	7	1	1	PERSON	1052	1	3	1	n/a	0	0	0	n/a	n/a	n/a	n/a	n/a
4793.31	n/a	RECOG_RESP	2396655	n/a	LTP267	ltpFR	7	1	1	PERSON	1052	1	n/a	1	n/a	0	0	0	n/a	n/a	n/a	n/a	n/a
4793.624	n/a	RECOG_CONF	2396812	n/a	LTP267	ltpFR	7	1	1	PERSON	1052	n/a	3	1	n/a	0	0	0	n/a	n/a	n/a	n/a	n/a
4795.284	n/a	RECOG_TARGET	2397642	n/a	LTP267	ltpFR	7	1	0	PANTS	1010	1	4	0	n/a	0	0	0	n/a	n/a	n/a	n/a	n/a
4795.914	n/a	RECOG_RESP	2397957	n/a	LTP267	ltpFR	7	1	0	PANTS	1010	1	n/a	0	n/a	0	0	0	n/a	n/a	n/a	n/a	n/a
4796.224	n/a	RECOG_CONF	2398112	n/a	LTP267	ltpFR	7	1	0	PANTS	1010	n/a	4	0	n/a	0	0	0	n/a	n/a	n/a	n/a	n/a
4797.894	n/a	RECOG_TARGET	2398947	n/a	LTP267	ltpFR	7	1	0	BUNNY	198	1	5	0	n/a	0	0	0	n/a	n/a	n/a	n/a	n/a
4798.594	n/a	RECOG_RESP	2399297	n/a	LTP267	ltpFR	7	1	0	BUNNY	198	1	n/a	0	n/a	0	0	0	n/a	n/a	n/a	n/a	n/a
4798.924	n/a	RECOG_CONF	2399462	n/a	LTP267	ltpFR	7	1	0	BUNNY	198	n/a	5	0	n/a	0	0	0	n/a	n/a	n/a	n/a	n/a
4800.454	n/a	RECOG_TARGET	2400227	n/a	LTP267	ltpFR	7	1	1	ALBUM	14	1	3	0	n/a	0	0	0	n/a	n/a	n/a	n/a	n/a
4800.91	n/a	RECOG_RESP	2400455	n/a	LTP267	ltpFR	7	1	1	ALBUM	14	1	n/a	0	n/a	0	0	0	n/a	n/a	n/a	n/a	n/a
4801.414	n/a	RECOG_CONF	2400707	n/a	LTP267	ltpFR	7	1	1	ALBUM	14	n/a	3	0	n/a	0	0	0	n/a	n/a	n/a	n/a	n/a
4802.936	n/a	RECOG_TARGET	2401468	n/a	LTP267	ltpFR	7	1	0	BADGE	68	0	2	0	n/a	0	0	0	n/a	n/a	n/a	n/a	n/a
4803.96	n/a	RECOG_RESP	2401980	n/a	LTP267	ltpFR	7	1	0	BADGE	68	0	n/a	0	n/a	0	0	0	n/a	n/a	n/a	n/a	n/a
4804.214	n/a	RECOG_CONF	2402107	n/a	LTP267	ltpFR	7	1	0	BADGE	68	n/a	2	0	n/a	0	0	0	n/a	n/a	n/a	n/a	n/a
4805.948	n/a	RECOG_LURE	2402974	n/a	LTP267	ltpFR	7	1	n/a	FATHER	554	1	1	n/a	n/a	0	0	0	n/a	n/a	n/a	n/a	n/a
4806.31	n/a	RECOG_RESP	2403155	n/a	LTP267	ltpFR	7	1	n/a	FATHER	554	1	n/a	n/a	n/a	0	0	0	n/a	n/a	n/a	n/a	n/a
4806.634	n/a	RECOG_CONF	2403317	n/a	LTP267	ltpFR	7	1	n/a	FATHER	554	n/a	1	n/a	n/a	0	0	0	n/a	n/a	n/a	n/a	n/a
4808.29	n/a	RECOG_TARGET	2404145	n/a	LTP267	ltpFR	7	1	1	BALLERINA	74	1	5	1	n/a	0	0	0	n/a	n/a	n/a	n/a	n/a
4809.086	n/a	RECOG_RESP	2404543	n/a	LTP267	ltpFR	7	1	1	BALLERINA	74	1	n/a	1	n/a	0	0	0	n/a	n/a	n/a	n/a	n/a
4809.846	n/a	RECOG_CONF	2404923	n/a	LTP267	ltpFR	7	1	1	BALLERINA	74	n/a	5	1	n/a	0	0	0	n/a	n/a	n/a	n/a	n/a
4811.786	n/a	RECOG_TARGET	2405893	n/a	LTP267	ltpFR	7	1	1	CHIEF	298	1	5	1	n/a	0	0	0	n/a	n/a	n/a	n/a	n/a
4812.426	n/a	RECOG_RESP	2406213	n/a	LTP267	ltpFR	7	1	1	CHIEF	298	1	n/a	1	n/a	0	0	0	n/a	n/a	n/a	n/a	n/a
4812.696	n/a	RECOG_CONF	2406348	n/a	LTP267	ltpFR	7	1	1	CHIEF	298	n/a	5	1	n/a	0	0	0	n/a	n/a	n/a	n/a	n/a
4814.558	n/a	RECOG_TARGET	2407279	n/a	LTP267	ltpFR	7	1	0	PARCEL	1012	0	1	0	n/a	0	0	0	n/a	n/a	n/a	n/a	n/a
4815.556	n/a	RECOG_RESP	2407778	n/a	LTP267	ltpFR	7	1	0	PARCEL	1012	0	n/a	0	n/a	0	0	0	n/a	n/a	n/a	n/a	n/a
4815.936	n/a	RECOG_CONF	2407968	n/a	LTP267	ltpFR	7	1	0	PARCEL	1012	n/a	1	0	n/a	0	0	0	n/a	n/a	n/a	n/a	n/a
4819.844	n/a	REC_START	2409922	n/a	LTP267	ltpFR	7	2	n/a	n/a	n/a	n/a	n/a	n/a	n/a	0	0	0	n/a	n/a	n/a	n/a	n/a
4819.9	n/a	RECOG_TARGET	2409950	n/a	LTP267	ltpFR	7	2	1	COUGAR	387	0	3	1	n/a	0	0	0	n/a	n/a	n/a	n/a	n/a
4820.804	n/a	RECOG_RESP	2410402	n/a	LTP267	ltpFR	7	2	1	COUGAR	387	0	n/a	1	n/a	0	0	0	n/a	n/a	n/a	n/a	n/a
4821.094	n/a	RECOG_CONF	2410547	n/a	LTP267	ltpFR	7	2	1	COUGAR	387	n/a	3	1	n/a	0	0	0	n/a	n/a	n/a	n/a	n/a
4822.81	n/a	RECOG_LURE	2411405	n/a	LTP267	ltpFR	7	2	n/a	LAWN	805	0	3	n/a	n/a	0	0	0	n/a	n/a	n/a	n/a	n/a
4823.538	n/a	RECOG_RESP	2411769	n/a	LTP267	ltpFR	7	2	n/a	LAWN	805	0	n/a	n/a	n/a	0	0	0	n/a	n/a	n/a	n/a	n/a
4823.844	n/a	RECOG_CONF	2411922	n/a	LTP267	ltpFR	7	2	n/a	LAWN	805	n/a	3	n/a	n/a	0	0	0	n/a	n/a	n/a	n/a	n/a
4825.572	n/a	RECOG_LURE	2412786	n/a	LTP267	ltpFR	7	2	n/a	MOUTH	926	0	4	n/a	n/a	0	0	0	n/a	n/a	n/a	n/a	n/a
4826.348	n/a	RECOG_RESP	2413174	n/a	LTP267	ltpFR	7	2	n/a	MOUTH	926	0	n/a	n/a	n/a	0	0	0	n/a	n/a	n/a	n/a	n/a
4826.594	n/a	RECOG_CONF	2413297	n/a	LTP267	ltpFR	7	2	n/a	MOUTH	926	n/a	4	n/a	n/a	0	0	0	n/a	n/a	n/a	n/a	n/a
4828.284	n/a	RECOG_LURE	2414142	n/a	LTP267	ltpFR	7	2	n/a	NUCLEUS	961	1	5	n/a	n/a	0	0	0	n/a	n/a	n/a	n/a	n/a
4829.184	n/a	RECOG_RESP	2414592	n/a	LTP267	ltpFR	7	2	n/a	NUCLEUS	961	1	n/a	n/a	n/a	0	0	0	n/a	n/a	n/a	n/a	n/a
4829.534	n/a	RECOG_CONF	2414767	n/a	LTP267	ltpFR	7	2	n/a	NUCLEUS	961	n/a	5	n/a	n/a	0	0	0	n/a	n/a	n/a	n/a	n/a
4831.256	n/a	RECOG_TARGET	2415628	n/a	LTP267	ltpFR	7	2	0	FISH	571	1	5	0	n/a	0	0	0	n/a	n/a	n/a	n/a	n/a
4832.6	n/a	RECOG_RESP	2416300	n/a	LTP267	ltpFR	7	2	0	FISH	571	1	n/a	0	n/a	0	0	0	n/a	n/a	n/a	n/a	n/a
4833.114	n/a	RECOG_CONF	2416557	n/a	LTP267	ltpFR	7	2	0	FISH	571	n/a	5	0	n/a	0	0	0	n/a	n/a	n/a	n/a	n/a
4834.92	n/a	RECOG_TARGET	2417460	n/a	LTP267	ltpFR	7	2	1	BUG	187	1	3	1	n/a	0	0	0	n/a	n/a	n/a	n/a	n/a
4836.11	n/a	RECOG_RESP	2418055	n/a	LTP267	ltpFR	7	2	1	BUG	187	1	n/a	1	n/a	0	0	0	n/a	n/a	n/a	n/a	n/a
4836.544	n/a	RECOG_CONF	2418272	n/a	LTP267	ltpFR	7	2	1	BUG	187	n/a	3	1	n/a	0	0	0	n/a	n/a	n/a	n/a	n/a
4838.298	n/a	RECOG_TARGET	2419149	n/a	LTP267	ltpFR	7	2	1	SUSPECT	1415	1	5	1	n/a	0	0	0	n/a	n/a	n/a	n/a	n/a
4838.9	n/a	RECOG_RESP	2419450	n/a	LTP267	ltpFR	7	2	1	SUSPECT	1415	1	n/a	1	n/a	0	0	0	n/a	n/a	n/a	n/a	n/a
4839.324	n/a	RECOG_CONF	2419662	n/a	LTP267	ltpFR	7	2	1	SUSPECT	1415	n/a	5	1	n/a	0	0	0	n/a	n/a	n/a	n/a	n/a
4841.048	n/a	RECOG_LURE	2420524	n/a	LTP267	ltpFR	7	2	n/a	HATCHET	691	1	2	n/a	n/a	0	0	0	n/a	n/a	n/a	n/a	n/a
4842.094	n/a	RECOG_RESP	2421047	n/a	LTP267	ltpFR	7	2	n/a	HATCHET	691	1	n/a	n/a	n/a	0	0	0	n/a	n/a	n/a	n/a	n/a
4842.524	n/a	RECOG_CONF	2421262	n/a	LTP267	ltpFR	7	2	n/a	HATCHET	691	n/a	2	n/a	n/a	0	0	0	n/a	n/a	n/a	n/a	n/a
4844.126	n/a	RECOG_LURE	2422063	n/a	LTP267	ltpFR	7	2	n/a	HAM	678	0	3	n/a	n/a	0	0	0	n/a	n/a	n/a	n/a	n/a
4844.89	n/a	RECOG_RESP	2422445	n/a	LTP267	ltpFR	7	2	n/a	HAM	678	0	n/a	n/a	n/a	0	0	0	n/a	n/a	n/a	n/a	n/a
4845.214	n/a	RECOG_CONF	2422607	n/a	LTP267	ltpFR	7	2	n/a	HAM	678	n/a	3	n/a	n/a	0	0	0	n/a	n/a	n/a	n/a	n/a
4846.904	n/a	RECOG_LURE	2423452	n/a	LTP267	ltpFR	7	2	n/a	SPAGHETTI	1346	0	4	n/a	n/a	0	0	0	n/a	n/a	n/a	n/a	n/a
4847.74	n/a	RECOG_RESP	2423870	n/a	LTP267	ltpFR	7	2	n/a	SPAGHETTI	1346	0	n/a	n/a	n/a	0	0	0	n/a	n/a	n/a	n/a	n/a
4847.996	n/a	RECOG_CONF	2423998	n/a	LTP267	ltpFR	7	2	n/a	SPAGHETTI	1346	n/a	4	n/a	n/a	0	0	0	n/a	n/a	n/a	n/a	n/a
4849.864	n/a	RECOG_TARGET	2424932	n/a	LTP267	ltpFR	7	2	1	CANNON	232	1	5	0	n/a	0	0	0	n/a	n/a	n/a	n/a	n/a
4850.46	n/a	RECOG_RESP	2425230	n/a	LTP267	ltpFR	7	2	1	CANNON	232	1	n/a	0	n/a	0	0	0	n/a	n/a	n/a	n/a	n/a
4850.836	n/a	RECOG_CONF	2425418	n/a	LTP267	ltpFR	7	2	1	CANNON	232	n/a	5	0	n/a	0	0	0	n/a	n/a	n/a	n/a	n/a
4852.558	n/a	RECOG_TARGET	2426279	n/a	LTP267	ltpFR	7	2	0	LAGOON	795	1	5	1	n/a	0	0	0	n/a	n/a	n/a	n/a	n/a
4853.24	n/a	RECOG_RESP	2426620	n/a	LTP267	ltpFR	7	2	0	LAGOON	795	1	n/a	1	n/a	0	0	0	n/a	n/a	n/a	n/a	n/a
4853.636	n/a	RECOG_CONF	2426818	n/a	LTP267	ltpFR	7	2	0	LAGOON	795	n/a	5	1	n/a	0	0	0	n/a	n/a	n/a	n/a	n/a
4855.616	n/a	RECOG_TARGET	2427808	n/a	LTP267	ltpFR	7	2	1	ESSAY	540	1	2	0	n/a	0	0	0	n/a	n/a	n/a	n/a	n/a
4856.196	n/a	RECOG_RESP	2428098	n/a	LTP267	ltpFR	7	2	1	ESSAY	540	1	n/a	0	n/a	0	0	0	n/a	n/a	n/a	n/a	n/a
4856.556	n/a	RECOG_CONF	2428278	n/a	LTP267	ltpFR	7	2	1	ESSAY	540	n/a	2	0	n/a	0	0	0	n/a	n/a	n/a	n/a	n/a
4858.192	n/a	RECOG_TARGET	2429096	n/a	LTP267	ltpFR	7	2	1	RIVER	1194	1	2	0	n/a	0	0	0	n/a	n/a	n/a	n/a	n/a
4858.85	n/a	RECOG_RESP	2429425	n/a	LTP267	ltpFR	7	2	1	RIVER	1194	1	n/a	0	n/a	0	0	0	n/a	n/a	n/a	n/a	n/a
4859.206	n/a	RECOG_CONF	2429603	n/a	LTP267	ltpFR	7	2	1	RIVER	1194	n/a	2	0	n/a	0	0	0	n/a	n/a	n/a	n/a	n/a
4860.958	n/a	RECOG_LURE	2430479	n/a	LTP267	ltpFR	7	2	n/a	SIGN	1305	0	3	n/a	n/a	0	0	0	n/a	n/a	n/a	n/a	n/a
4861.626	n/a	RECOG_RESP	2430813	n/a	LTP267	ltpFR	7	2	n/a	SIGN	1305	0	n/a	n/a	n/a	0	0	0	n/a	n/a	n/a	n/a	n/a
4861.886	n/a	RECOG_CONF	2430943	n/a	LTP267	ltpFR	7	2	n/a	SIGN	1305	n/a	3	n/a	n/a	0	0	0	n/a	n/a	n/a	n/a	n/a
4863.796	n/a	RECOG_LURE	2431898	n/a	LTP267	ltpFR	7	2	n/a	NEPHEW	942	0	2	n/a	n/a	0	0	0	n/a	n/a	n/a	n/a	n/a
4864.3	n/a	RECOG_RESP	2432150	n/a	LTP267	ltpFR	7	2	n/a	NEPHEW	942	0	n/a	n/a	n/a	0	0	0	n/a	n/a	n/a	n/a	n/a
4864.626	n/a	RECOG_CONF	2432313	n/a	LTP267	ltpFR	7	2	n/a	NEPHEW	942	n/a	2	n/a	n/a	0	0	0	n/a	n/a	n/a	n/a	n/a
4866.462	n/a	RECOG_LURE	2433231	n/a	LTP267	ltpFR	7	2	n/a	GOWN	652	0	4	n/a	n/a	0	0	0	n/a	n/a	n/a	n/a	n/a
4866.896	n/a	RECOG_RESP	2433448	n/a	LTP267	ltpFR	7	2	n/a	GOWN	652	0	n/a	n/a	n/a	0	0	0	n/a	n/a	n/a	n/a	n/a
4867.146	n/a	RECOG_CONF	2433573	n/a	LTP267	ltpFR	7	2	n/a	GOWN	652	n/a	4	n/a	n/a	0	0	0	n/a	n/a	n/a	n/a	n/a
4869.1	n/a	RECOG_LURE	2434550	n/a	LTP267	ltpFR	7	2	n/a	FORT	595	0	1	n/a	n/a	0	0	0	n/a	n/a	n/a	n/a	n/a
4869.736	n/a	RECOG_RESP	2434868	n/a	LTP267	ltpFR	7	2	n/a	FORT	595	0	n/a	n/a	n/a	0	0	0	n/a	n/a	n/a	n/a	n/a
4870.026	n/a	RECOG_CONF	2435013	n/a	LTP267	ltpFR	7	2	n/a	FORT	595	n/a	1	n/a	n/a	0	0	0	n/a	n/a	n/a	n/a	n/a
4871.582	n/a	RECOG_LURE	2435791	n/a	LTP267	ltpFR	7	2	n/a	SCISSORS	1250	1	1	n/a	n/a	0	0	0	n/a	n/a	n/a	n/a	n/a
4872.576	n/a	RECOG_RESP	2436288	n/a	LTP267	ltpFR	7	2	n/a	SCISSORS	1250	1	n/a	n/a	n/a	0	0	0	n/a	n/a	n/a	n/a	n/a
4873.716	n/a	RECOG_CONF	2436858	n/a	LTP267	ltpFR	7	2	n/a	SCISSORS	1250	n/a	1	n/a	n/a	0	0	0	n/a	n/a	n/a	n/a	n/a
4875.324	n/a	RECOG_TARGET	2437662	n/a	LTP267	ltpFR	7	2	0	CHIP	303	1	4	0	n/a	0	0	0	n/a	n/a	n/a	n/a	n/a
4875.982	n/a	RECOG_RESP	2437991	n/a	LTP267	ltpFR	7	2	0	CHIP	303	1	n/a	0	n/a	0	0	0	n/a	n/a	n/a	n/a	n/a
4876.376	n/a	RECOG_CONF	2438188	n/a	LTP267	ltpFR	7	2	0	CHIP	303	n/a	4	0	n/a	0	0	0	n/a	n/a	n/a	n/a	n/a
4879.872	n/a	REC_START	2439936	n/a	LTP267	ltpFR	7	3	n/a	n/a	n/a	n/a	n/a	n/a	n/a	0	0	0	n/a	n/a	n/a	n/a	n/a
4879.93	n/a	RECOG_TARGET	2439965	n/a	LTP267	ltpFR	7	3	0	REFRIGERATOR	1179	1	2	1	n/a	0	0	0	n/a	n/a	n/a	n/a	n/a
4880.736	n/a	RECOG_RESP	2440368	n/a	LTP267	ltpFR	7	3	0	REFRIGERATOR	1179	1	n/a	1	n/a	0	0	0	n/a	n/a	n/a	n/a	n/a
4881.122	n/a	RECOG_CONF	2440561	n/a	LTP267	ltpFR	7	3	0	REFRIGERATOR	1179	n/a	2	1	n/a	0	0	0	n/a	n/a	n/a	n/a	n/a
4882.79	n/a	RECOG_LURE	2441395	n/a	LTP267	ltpFR	7	3	n/a	DINER	467	0	3	n/a	n/a	0	0	0	n/a	n/a	n/a	n/a	n/a
4883.932	n/a	RECOG_RESP	2441966	n/a	LTP267	ltpFR	7	3	n/a	DINER	467	0	n/a	n/a	n/a	0	0	0	n/a	n/a	n/a	n/a	n/a
4884.262	n/a	RECOG_CONF	2442131	n/a	LTP267	ltpFR	7	3	n/a	DINER	467	n/a	3	n/a	n/a	0	0	0	n/a	n/a	n/a	n/a	n/a
4886.07	n/a	RECOG_LURE	2443035	n/a	LTP267	ltpFR	7	3	n/a	NEWSSTAND	949	0	1	n/a	n/a	0	0	0	n/a	n/a	n/a	n/a	n/a
4887.168	n/a	RECOG_RESP	2443584	n/a	LTP267	ltpFR	7	3	n/a	NEWSSTAND	949	0	n/a	n/a	n/a	0	0	0	n/a	n/a	n/a	n/a	n/a
4887.522	n/a	RECOG_CONF	2443761	n/a	LTP267	ltpFR	7	3	n/a	NEWSSTAND	949	n/a	1	n/a	n/a	0	0	0	n/a	n/a	n/a	n/a	n/a
4889.244	n/a	RECOG_LURE	2444622	n/a	LTP267	ltpFR	7	3	n/a	ADOLESCENT	7	0	5	n/a	n/a	0	0	0	n/a	n/a	n/a	n/a	n/a
4889.892	n/a	RECOG_RESP	2444946	n/a	LTP267	ltpFR	7	3	n/a	ADOLESCENT	7	0	n/a	n/a	n/a	0	0	0	n/a	n/a	n/a	n/a	n/a
4890.152	n/a	RECOG_CONF	2445076	n/a	LTP267	ltpFR	7	3	n/a	ADOLESCENT	7	n/a	5	n/a	n/a	0	0	0	n/a	n/a	n/a	n/a	n/a
4892.278	n/a	RECOG_TARGET	2446139	n/a	LTP267	ltpFR	7	3	0	MARINE	869	0	1	1	n/a	0	0	0	n/a	n/a	n/a	n/a	n/a
4893.128	n/a	RECOG_RESP	2446564	n/a	LTP267	ltpFR	7	3	0	MARINE	869	0	n/a	1	n/a	0	0	0	n/a	n/a	n/a	n/a	n/a
4893.512	n/a	RECOG_CONF	2446756	n/a	LTP267	ltpFR	7	3	0	MARINE	869	n/a	1	1	n/a	0	0	0	n/a	n/a	n/a	n/a	n/a
4895.784	n/a	RECOG_TARGET	2447892	n/a	LTP267	ltpFR	7	3	0	TRIBE	1505	1	3	1	n/a	0	0	0	n/a	n/a	n/a	n/a	n/a
4896.772	n/a	RECOG_RESP	2448386	n/a	LTP267	ltpFR	7	3	0	TRIBE	1505	1	n/a	1	n/a	0	0	0	n/a	n/a	n/a	n/a	n/a
4897.342	n/a	RECOG_CONF	2448671	n/a	LTP267	ltpFR	7	3	0	TRIBE	1505	n/a	3	1	n/a	0	0	0	n/a	n/a	n/a	n/a	n/a
4898.802	n/a	RECOG_LURE	2449401	n/a	LTP267	ltpFR	7	3	n/a	EMPLOYEE	531	1	2	n/a	n/a	0	0	0	n/a	n/a	n/a	n/a	n/a
4899.418	n/a	RECOG_RESP	2449709	n/a	LTP267	ltpFR	7	3	n/a	EMPLOYEE	531	1	n/a	n/a	n/a	0	0	0	n/a	n/a	n/a	n/a	n/a
4899.772	n/a	RECOG_CONF	2449886	n/a	LTP267	ltpFR	7	3	n/a	EMPLOYEE	531	n/a	2	n/a	n/a	0	0	0	n/a	n/a	n/a	n/a	n/a
4901.406	n/a	RECOG_TARGET	2450703	n/a	LTP267	ltpFR	7	3	0	PEARL	1034	1	5	0	n/a	0	0	0	n/a	n/a	n/a	n/a	n/a
4902.092	n/a	RECOG_RESP	2451046	n/a	LTP267	ltpFR	7	3	0	PEARL	1034	1	n/a	0	n/a	0	0	0	n/a	n/a	n/a	n/a	n/a
4902.512	n/a	RECOG_CONF	2451256	n/a	LTP267	ltpFR	7	3	0	PEARL	1034	n/a	5	0	n/a	0	0	0	n/a	n/a	n/a	n/a	n/a
4904.286	n/a	RECOG_TARGET	2452143	n/a	LTP267	ltpFR	7	3	1	WOMAN	1620	1	5	1	n/a	0	0	0	n/a	n/a	n/a	n/a	n/a
4904.734	n/a	RECOG_RESP	2452367	n/a	LTP267	ltpFR	7	3	1	WOMAN	1620	1	n/a	1	n/a	0	0	0	n/a	n/a	n/a	n/a	n/a
4905.054	n/a	RECOG_CONF	2452527	n/a	LTP267	ltpFR	7	3	1	WOMAN	1620	n/a	5	1	n/a	0	0	0	n/a	n/a	n/a	n/a	n/a
4906.866	n/a	RECOG_TARGET	2453433	n/a	LTP267	ltpFR	7	3	1	PUPPY	1144	1	5	1	n/a	0	0	0	n/a	n/a	n/a	n/a	n/a
4907.278	n/a	RECOG_RESP	2453639	n/a	LTP267	ltpFR	7	3	1	PUPPY	1144	1	n/a	1	n/a	0	0	0	n/a	n/a	n/a	n/a	n/a
4907.574	n/a	RECOG_CONF	2453787	n/a	LTP267	ltpFR	7	3	1	PUPPY	1144	n/a	5	1	n/a	0	0	0	n/a	n/a	n/a	n/a	n/a
4909.192	n/a	RECOG_TARGET	2454596	n/a	LTP267	ltpFR	7	3	0	DESK	452	1	3	1	n/a	0	0	0	n/a	n/a	n/a	n/a	n/a
4909.808	n/a	RECOG_RESP	2454904	n/a	LTP267	ltpFR	7	3	0	DESK	452	1	n/a	1	n/a	0	0	0	n/a	n/a	n/a	n/a	n/a
4910.124	n/a	RECOG_CONF	2455062	n/a	LTP267	ltpFR	7	3	0	DESK	452	n/a	3	1	n/a	0	0	0	n/a	n/a	n/a	n/a	n/a
4911.93	n/a	RECOG_TARGET	2455965	n/a	LTP267	ltpFR	7	3	0	BISCUIT	130	1	2	0	n/a	0	0	0	n/a	n/a	n/a	n/a	n/a
4912.354	n/a	RECOG_RESP	2456177	n/a	LTP267	ltpFR	7	3	0	BISCUIT	130	1	n/a	0	n/a	0	0	0	n/a	n/a	n/a	n/a	n/a
4912.724	n/a	RECOG_CONF	2456362	n/a	LTP267	ltpFR	7	3	0	BISCUIT	130	n/a	2	0	n/a	0	0	0	n/a	n/a	n/a	n/a	n/a
4914.344	n/a	RECOG_TARGET	2457172	n/a	LTP267	ltpFR	7	3	1	PASSENGER	1020	1	1	1	n/a	0	0	0	n/a	n/a	n/a	n/a	n/a
4914.864	n/a	RECOG_RESP	2457432	n/a	LTP267	ltpFR	7	3	1	PASSENGER	1020	1	n/a	1	n/a	0	0	0	n/a	n/a	n/a	n/a	n/a
4915.234	n/a	RECOG_CONF	2457617	n/a	LTP267	ltpFR	7	3	1	PASSENGER	1020	n/a	1	1	n/a	0	0	0	n/a	n/a	n/a	n/a	n/a
4916.95	n/a	RECOG_LURE	2458475	n/a	LTP267	ltpFR	7	3	n/a	CONVICT	371	0	1	n/a	n/a	0	0	0	n/a	n/a	n/a	n/a	n/a
4917.452	n/a	RECOG_RESP	2458726	n/a	LTP267	ltpFR	7	3	n/a	CONVICT	371	0	n/a	n/a	n/a	0	0	0	n/a	n/a	n/a	n/a	n/a
4918.354	n/a	RECOG_CONF	2459177	n/a	LTP267	ltpFR	7	3	n/a	CONVICT	371	n/a	1	n/a	n/a	0	0	0	n/a	n/a	n/a	n/a	n/a
4920.268	n/a	RECOG_LURE	2460134	n/a	LTP267	ltpFR	7	3	n/a	PISTOL	1075	0	3	n/a	n/a	0	0	0	n/a	n/a	n/a	n/a	n/a
4920.894	n/a	RECOG_RESP	2460447	n/a	LTP267	ltpFR	7	3	n/a	PISTOL	1075	0	n/a	n/a	n/a	0	0	0	n/a	n/a	n/a	n/a	n/a
4921.414	n/a	RECOG_CONF	2460707	n/a	LTP267	ltpFR	7	3	n/a	PISTOL	1075	n/a	3	n/a	n/a	0	0	0	n/a	n/a	n/a	n/a	n/a
4923.056	n/a	RECOG_LURE	2461528	n/a	LTP267	ltpFR	7	3	n/a	SKULL	1320	1	3	n/a	n/a	0	0	0	n/a	n/a	n/a	n/a	n/a
4923.64	n/a	RECOG_RESP	2461820	n/a	LTP267	ltpFR	7	3	n/a	SKULL	1320	1	n/a	n/a	n/a	0	0	0	n/a	n/a	n/a	n/a	n/a
4924.074	n/a	RECOG_CONF	2462037	n/a	LTP267	ltpFR	7	3	n/a	SKULL	1320	n/a	3	n/a	n/a	0	0	0	n/a	n/a	n/a	n/a	n/a
4925.7	n/a	RECOG_LURE	2462850	n/a	LTP267	ltpFR	7	3	n/a	PAINTER	1004	0	5	n/a	n/a	0	0	0	n/a	n/a	n/a	n/a	n/a
4926.394	n/a	RECOG_RESP	2463197	n/a	LTP267	ltpFR	7	3	n/a	PAINTER	1004	0	n/a	n/a	n/a	0	0	0	n/a	n/a	n/a	n/a	n/a
4926.784	n/a	RECOG_CONF	2463392	n/a	LTP267	ltpFR	7	3	n/a	PAINTER	1004	n/a	5	n/a	n/a	0	0	0	n/a	n/a	n/a	n/a	n/a
4928.55	n/a	RECOG_LURE	2464275	n/a	LTP267	ltpFR	7	3	n/a	DIAPER	459	0	4	n/a	n/a	0	0	0	n/a	n/a	n/a	n/a	n/a
4929.184	n/a	RECOG_RESP	2464592	n/a	LTP267	ltpFR	7	3	n/a	DIAPER	459	0	n/a	n/a	n/a	0	0	0	n/a	n/a	n/a	n/a	n/a
4929.514	n/a	RECOG_CONF	2464757	n/a	LTP267	ltpFR	7	3	n/a	DIAPER	459	n/a	4	n/a	n/a	0	0	0	n/a	n/a	n/a	n/a	n/a
4931.376	n/a	RECOG_LURE	2465688	n/a	LTP267	ltpFR	7	3	n/a	SPATULA	1348	0	4	n/a	n/a	0	0	0	n/a	n/a	n/a	n/a	n/a
4931.99	n/a	RECOG_RESP	2465995	n/a	LTP267	ltpFR	7	3	n/a	SPATULA	1348	0	n/a	n/a	n/a	0	0	0	n/a	n/a	n/a	n/a	n/a
4932.324	n/a	RECOG_CONF	2466162	n/a	LTP267	ltpFR	7	3	n/a	SPATULA	1348	n/a	4	n/a	n/a	0	0	0	n/a	n/a	n/a	n/a	n/a
4934.064	n/a	RECOG_LURE	2467032	n/a	LTP267	ltpFR	7	3	n/a	HORIZON	717	0	3	n/a	n/a	0	0	0	n/a	n/a	n/a	n/a	n/a
4934.724	n/a	RECOG_RESP	2467362	n/a	LTP267	ltpFR	7	3	n/a	HORIZON	717	0	n/a	n/a	n/a	0	0	0	n/a	n/a	n/a	n/a	n/a
4935.034	n/a	RECOG_CONF	2467517	n/a	LTP267	ltpFR	7	3	n/a	HORIZON	717	n/a	3	n/a	n/a	0	0	0	n/a	n/a	n/a	n/a	n/a
4938.188	n/a	REC_START	2469094	n/a	LTP267	ltpFR	7	4	n/a	n/a	n/a	n/a	n/a	n/a	n/a	0	0	0	n/a	n/a	n/a	n/a	n/a
4938.236	n/a	RECOG_TARGET	2469118	n/a	LTP267	ltpFR	7	4	0	STUDENT	1395	1	5	1	n/a	0	0	0	n/a	n/a	n/a	n/a	n/a
4939.268	n/a	RECOG_RESP	2469634	n/a	LTP267	ltpFR	7	4	0	STUDENT	1395	1	n/a	1	n/a	0	0	0	n/a	n/a	n/a	n/a	n/a
4939.668	n/a	RECOG_CONF	2469834	n/a	LTP267	ltpFR	7	4	0	STUDENT	1395	n/a	5	1	n/a	0	0	0	n/a	n/a	n/a	n/a	n/a
4941.426	n/a	RECOG_LURE	2470713	n/a	LTP267	ltpFR	7	4	n/a	WINNER	1615	1	2	n/a	n/a	0	0	0	n/a	n/a	n/a	n/a	n/a
4941.828	n/a	RECOG_RESP	2470914	n/a	LTP267	ltpFR	7	4	n/a	WINNER	1615	1	n/a	n/a	n/a	0	0	0	n/a	n/a	n/a	n/a	n/a
4942.198	n/a	RECOG_CONF	2471099	n/a	LTP267	ltpFR	7	4	n/a	WINNER	1615	n/a	2	n/a	n/a	0	0	0	n/a	n/a	n/a	n/a	n/a
4943.802	n/a	RECOG_TARGET	2471901	n/a	LTP267	ltpFR	7	4	1	GLACIER	638	1	3	1	n/a	0	0	0	n/a	n/a	n/a	n/a	n/a
4944.574	n/a	RECOG_RESP	2472287	n/a	LTP267	ltpFR	7	4	1	GLACIER	638	1	n/a	1	n/a	0	0	0	n/a	n/a	n/a	n/a	n/a
4944.948	n/a	RECOG_CONF	2472474	n/a	LTP267	ltpFR	7	4	1	GLACIER	638	n/a	3	1	n/a	0	0	0	n/a	n/a	n/a	n/a	n/a
4946.502	n/a	RECOG_TARGET	2473251	n/a	LTP267	ltpFR	7	4	1	BREAST	171	1	5	0	n/a	0	0	0	n/a	n/a	n/a	n/a	n/a
4947.084	n/a	RECOG_RESP	2473542	n/a	LTP267	ltpFR	7	4	1	BREAST	171	1	n/a	0	n/a	0	0	0	n/a	n/a	n/a	n/a	n/a
4947.478	n/a	RECOG_CONF	2473739	n/a	LTP267	ltpFR	7	4	1	BREAST	171	n/a	5	0	n/a	0	0	0	n/a	n/a	n/a	n/a	n/a
4949.09	n/a	RECOG_TARGET	2474545	n/a	LTP267	ltpFR	7	4	0	BUGLE	189	1	2	0	n/a	0	0	0	n/a	n/a	n/a	n/a	n/a
4949.588	n/a	RECOG_RESP	2474794	n/a	LTP267	ltpFR	7	4	0	BUGLE	189	1	n/a	0	n/a	0	0	0	n/a	n/a	n/a	n/a	n/a
4949.948	n/a	RECOG_CONF	2474974	n/a	LTP267	ltpFR	7	4	0	BUGLE	189	n/a	2	0	n/a	0	0	0	n/a	n/a	n/a	n/a	n/a
4951.604	n/a	RECOG_LURE	2475802	n/a	LTP267	ltpFR	7	4	n/a	GRASSHOPPER	656	1	5	n/a	n/a	0	0	0	n/a	n/a	n/a	n/a	n/a
4953.614	n/a	RECOG_RESP	2476807	n/a	LTP267	ltpFR	7	4	n/a	GRASSHOPPER	656	1	n/a	n/a	n/a	0	0	0	n/a	n/a	n/a	n/a	n/a
4954.148	n/a	RECOG_CONF	2477074	n/a	LTP267	ltpFR	7	4	n/a	GRASSHOPPER	656	n/a	5	n/a	n/a	0	0	0	n/a	n/a	n/a	n/a	n/a
4955.898	n/a	RECOG_LURE	2477949	n/a	LTP267	ltpFR	7	4	n/a	LIZARD	834	0	4	n/a	n/a	0	0	0	n/a	n/a	n/a	n/a	n/a
4956.574	n/a	RECOG_RESP	2478287	n/a	LTP267	ltpFR	7	4	n/a	LIZARD	834	0	n/a	n/a	n/a	0	0	0	n/a	n/a	n/a	n/a	n/a
4956.898	n/a	RECOG_CONF	2478449	n/a	LTP267	ltpFR	7	4	n/a	LIZARD	834	n/a	4	n/a	n/a	0	0	0	n/a	n/a	n/a	n/a	n/a
4958.614	n/a	RECOG_LURE	2479307	n/a	LTP267	ltpFR	7	4	n/a	OVAL	990	0	5	n/a	n/a	0	0	0	n/a	n/a	n/a	n/a	n/a
4959.344	n/a	RECOG_RESP	2479672	n/a	LTP267	ltpFR	7	4	n/a	OVAL	990	0	n/a	n/a	n/a	0	0	0	n/a	n/a	n/a	n/a	n/a
4959.62	n/a	RECOG_CONF	2479810	n/a	LTP267	ltpFR	7	4	n/a	OVAL	990	n/a	5	n/a	n/a	0	0	0	n/a	n/a	n/a	n/a	n/a
4961.324	n/a	RECOG_LURE	2480662	n/a	LTP267	ltpFR	7	4	n/a	COFFIN	342	0	5	n/a	n/a	0	0	0	n/a	n/a	n/a	n/a	n/a
4962.014	n/a	RECOG_RESP	2481007	n/a	LTP267	ltpFR	7	4	n/a	COFFIN	342	0	n/a	n/a	n/a	0	0	0	n/a	n/a	n/a	n/a	n/a
4962.33	n/a	RECOG_CONF	2481165	n/a	LTP267	ltpFR	7	4	n/a	COFFIN	342	n/a	5	n/a	n/a	0	0	0	n/a	n/a	n/a	n/a	n/a
4964.046	n/a	RECOG_TARGET	2482023	n/a	LTP267	ltpFR	7	4	0	ATOM	55	1	5	0	n/a	0	0	0	n/a	n/a	n/a	n/a	n/a
4964.574	n/a	RECOG_RESP	2482287	n/a	LTP267	ltpFR	7	4	0	ATOM	55	1	n/a	0	n/a	0	0	0	n/a	n/a	n/a	n/a	n/a
4965.89	n/a	RECOG_CONF	2482945	n/a	LTP267	ltpFR	7	4	0	ATOM	55	n/a	5	0	n/a	0	0	0	n/a	n/a	n/a	n/a	n/a
4967.616	n/a	RECOG_TARGET	2483808	n/a	LTP267	ltpFR	7	4	1	GLASSES	640	1	4	0	n/a	0	0	0	n/a	n/a	n/a	n/a	n/a
4968.174	n/a	RECOG_RESP	2484087	n/a	LTP267	ltpFR	7	4	1	GLASSES	640	1	n/a	0	n/a	0	0	0	n/a	n/a	n/a	n/a	n/a
4968.61	n/a	RECOG_CONF	2484305	n/a	LTP267	ltpFR	7	4	1	GLASSES	640	n/a	4	0	n/a	0	0	0	n/a	n/a	n/a	n/a	n/a
4970.152	n/a	RECOG_TARGET	2485076	n/a	LTP267	ltpFR	7	4	0	CANAL	226	1	5	1	n/a	0	0	0	n/a	n/a	n/a	n/a	n/a
4970.72	n/a	RECOG_RESP	2485360	n/a	LTP267	ltpFR	7	4	0	CANAL	226	1	n/a	1	n/a	0	0	0	n/a	n/a	n/a	n/a	n/a
4971.1	n/a	RECOG_CONF	2485550	n/a	LTP267	ltpFR	7	4	0	CANAL	226	n/a	5	1	n/a	0	0	0	n/a	n/a	n/a	n/a	n/a
4972.702	n/a	RECOG_TARGET	2486351	n/a	LTP267	ltpFR	7	4	1	ATHLETE	52	1	5	1	n/a	0	0	0	n/a	n/a	n/a	n/a	n/a
4973.22	n/a	RECOG_RESP	2486610	n/a	LTP267	ltpFR	7	4	1	ATHLETE	52	1	n/a	1	n/a	0	0	0	n/a	n/a	n/a	n/a	n/a
4973.48	n/a	RECOG_CONF	2486740	n/a	LTP267	ltpFR	7	4	1	ATHLETE	52	n/a	5	1	n/a	0	0	0	n/a	n/a	n/a	n/a	n/a
4975.31	n/a	RECOG_TARGET	2487655	n/a	LTP267	ltpFR	7	4	0	VOLLEYBALL	1576	1	2	1	n/a	0	0	0	n/a	n/a	n/a	n/a	n/a
4975.624	n/a	RECOG_RESP	2487812	n/a	LTP267	ltpFR	7	4	0	VOLLEYBALL	1576	1	n/a	1	n/a	0	0	0	n/a	n/a	n/a	n/a	n/a
4976.04	n/a	RECOG_CONF	2488020	n/a	LTP267	ltpFR	7	4	0	VOLLEYBALL	1576	n/a	2	1	n/a	0	0	0	n/a	n/a	n/a	n/a	n/a
4977.732	n/a	RECOG_LURE	2488866	n/a	LTP267	ltpFR	7	4	n/a	SHOVEL	1295	1	2	n/a	n/a	0	0	0	n/a	n/a	n/a	n/a	n/a
4978.14	n/a	RECOG_RESP	2489070	n/a	LTP267	ltpFR	7	4	n/a	SHOVEL	1295	1	n/a	n/a	n/a	0	0	0	n/a	n/a	n/a	n/a	n/a
4978.49	n/a	RECOG_CONF	2489245	n/a	LTP267	ltpFR	7	4	n/a	SHOVEL	1295	n/a	2	n/a	n/a	0	0	0	n/a	n/a	n/a	n/a	n/a
4980.716	n/a	RECOG_LURE	2490358	n/a	LTP267	ltpFR	7	4	n/a	SQUID	1361	0	5	n/a	n/a	0	0	0	n/a	n/a	n/a	n/a	n/a
4981.2	n/a	RECOG_RESP	2490600	n/a	LTP267	ltpFR	7	4	n/a	SQUID	1361	0	n/a	n/a	n/a	0	0	0	n/a	n/a	n/a	n/a	n/a
4981.58	n/a	RECOG_CONF	2490790	n/a	LTP267	ltpFR	7	4	n/a	SQUID	1361	n/a	5	n/a	n/a	0	0	0	n/a	n/a	n/a	n/a	n/a
4983.276	n/a	RECOG_LURE	2491638	n/a	LTP267	ltpFR	7	4	n/a	CHART	282	0	4	n/a	n/a	0	0	0	n/a	n/a	n/a	n/a	n/a
4983.716	n/a	RECOG_RESP	2491858	n/a	LTP267	ltpFR	7	4	n/a	CHART	282	0	n/a	n/a	n/a	0	0	0	n/a	n/a	n/a	n/a	n/a
4984.02	n/a	RECOG_CONF	2492010	n/a	LTP267	ltpFR	7	4	n/a	CHART	282	n/a	4	n/a	n/a	0	0	0	n/a	n/a	n/a	n/a	n/a
4985.914	n/a	RECOG_TARGET	2492957	n/a	LTP267	ltpFR	7	4	0	CUSHION	428	0	2	1	n/a	0	0	0	n/a	n/a	n/a	n/a	n/a
4986.39	n/a	RECOG_RESP	2493195	n/a	LTP267	ltpFR	7	4	0	CUSHION	428	0	n/a	1	n/a	0	0	0	n/a	n/a	n/a	n/a	n/a
4986.74	n/a	RECOG_CONF	2493370	n/a	LTP267	ltpFR	7	4	0	CUSHION	428	n/a	2	1	n/a	0	0	0	n/a	n/a	n/a	n/a	n/a
4988.524	n/a	RECOG_TARGET	2494262	n/a	LTP267	ltpFR	7	4	1	BAKER	71	1	5	1	n/a	0	0	0	n/a	n/a	n/a	n/a	n/a
4989.05	n/a	RECOG_RESP	2494525	n/a	LTP267	ltpFR	7	4	1	BAKER	71	1	n/a	1	n/a	0	0	0	n/a	n/a	n/a	n/a	n/a
4989.45	n/a	RECOG_CONF	2494725	n/a	LTP267	ltpFR	7	4	1	BAKER	71	n/a	5	1	n/a	0	0	0	n/a	n/a	n/a	n/a	n/a
4991.104	n/a	RECOG_TARGET	2495552	n/a	LTP267	ltpFR	7	4	1	FOLLOWER	589	0	3	1	n/a	0	0	0	n/a	n/a	n/a	n/a	n/a
4991.736	n/a	RECOG_RESP	2495868	n/a	LTP267	ltpFR	7	4	1	FOLLOWER	589	0	n/a	1	n/a	0	0	0	n/a	n/a	n/a	n/a	n/a
4992.05	n/a	RECOG_CONF	2496025	n/a	LTP267	ltpFR	7	4	1	FOLLOWER	589	n/a	3	1	n/a	0	0	0	n/a	n/a	n/a	n/a	n/a
5034.372	n/a	REC_START	2517186	n/a	LTP267	ltpFR	7	5	n/a	n/a	n/a	n/a	n/a	n/a	n/a	0	0	0	n/a	n/a	n/a	n/a	n/a
5034.42	n/a	RECOG_TARGET	2517210	n/a	LTP267	ltpFR	7	5	0	RASH	1167	1	5	1	n/a	0	0	0	n/a	n/a	n/a	n/a	n/a
5035.228	n/a	RECOG_RESP	2517614	n/a	LTP267	ltpFR	7	5	0	RASH	1167	1	n/a	1	n/a	0	0	0	n/a	n/a	n/a	n/a	n/a
5035.634	n/a	RECOG_CONF	2517817	n/a	LTP267	ltpFR	7	5	0	RASH	1167	n/a	5	1	n/a	0	0	0	n/a	n/a	n/a	n/a	n/a
5037.432	n/a	RECOG_LURE	2518716	n/a	LTP267	ltpFR	7	5	n/a	TECHNICIAN	1443	0	5	n/a	n/a	0	0	0	n/a	n/a	n/a	n/a	n/a
5038.084	n/a	RECOG_RESP	2519042	n/a	LTP267	ltpFR	7	5	n/a	TECHNICIAN	1443	0	n/a	n/a	n/a	0	0	0	n/a	n/a	n/a	n/a	n/a
5038.424	n/a	RECOG_CONF	2519212	n/a	LTP267	ltpFR	7	5	n/a	TECHNICIAN	1443	n/a	5	n/a	n/a	0	0	0	n/a	n/a	n/a	n/a	n/a
5040.272	n/a	RECOG_LURE	2520136	n/a	LTP267	ltpFR	7	5	n/a	SWITCH	1422	1	3	n/a	n/a	0	0	0	n/a	n/a	n/a	n/a	n/a
5040.688	n/a	RECOG_RESP	2520344	n/a	LTP267	ltpFR	7	5	n/a	SWITCH	1422	1	n/a	n/a	n/a	0	0	0	n/a	n/a	n/a	n/a	n/a
5041.418	n/a	RECOG_CONF	2520709	n/a	LTP267	ltpFR	7	5	n/a	SWITCH	1422	n/a	3	n/a	n/a	0	0	0	n/a	n/a	n/a	n/a	n/a
5042.88	n/a	RECOG_TARGET	2521440	n/a	LTP267	ltpFR	7	5	1	KITE	779	1	4	0	n/a	0	0	0	n/a	n/a	n/a	n/a	n/a
5043.744	n/a	RECOG_RESP	2521872	n/a	LTP267	ltpFR	7	5	1	KITE	779	1	n/a	0	n/a	0	0	0	n/a	n/a	n/a	n/a	n/a
5044.094	n/a	RECOG_CONF	2522047	n/a	LTP267	ltpFR	7	5	1	KITE	779	n/a	4	0	n/a	0	0	0	n/a	n/a	n/a	n/a	n/a
5045.874	n/a	RECOG_TARGET	2522937	n/a	LTP267	ltpFR	7	5	0	CHEMICAL	291	1	5	0	n/a	0	0	0	n/a	n/a	n/a	n/a	n/a
5047.308	n/a	RECOG_RESP	2523654	n/a	LTP267	ltpFR	7	5	0	CHEMICAL	291	1	n/a	0	n/a	0	0	0	n/a	n/a	n/a	n/a	n/a
5047.894	n/a	RECOG_CONF	2523947	n/a	LTP267	ltpFR	7	5	0	CHEMICAL	291	n/a	5	0	n/a	0	0	0	n/a	n/a	n/a	n/a	n/a
5049.394	n/a	RECOG_TARGET	2524697	n/a	LTP267	ltpFR	7	5	1	GUEST	669	1	4	1	n/a	0	0	0	n/a	n/a	n/a	n/a	n/a
5050.508	n/a	RECOG_RESP	2525254	n/a	LTP267	ltpFR	7	5	1	GUEST	669	1	n/a	1	n/a	0	0	0	n/a	n/a	n/a	n/a	n/a
5050.854	n/a	RECOG_CONF	2525427	n/a	LTP267	ltpFR	7	5	1	GUEST	669	n/a	4	1	n/a	0	0	0	n/a	n/a	n/a	n/a	n/a
5052.634	n/a	RECOG_LURE	2526317	n/a	LTP267	ltpFR	7	5	n/a	TOOTH	1481	1	3	n/a	n/a	0	0	0	n/a	n/a	n/a	n/a	n/a
5053.104	n/a	RECOG_RESP	2526552	n/a	LTP267	ltpFR	7	5	n/a	TOOTH	1481	1	n/a	n/a	n/a	0	0	0	n/a	n/a	n/a	n/a	n/a
5053.644	n/a	RECOG_CONF	2526822	n/a	LTP267	ltpFR	7	5	n/a	TOOTH	1481	n/a	3	n/a	n/a	0	0	0	n/a	n/a	n/a	n/a	n/a
5055.094	n/a	RECOG_LURE	2527547	n/a	LTP267	ltpFR	7	5	n/a	MONARCH	906	0	4	n/a	n/a	0	0	0	n/a	n/a	n/a	n/a	n/a
5055.79	n/a	RECOG_RESP	2527895	n/a	LTP267	ltpFR	7	5	n/a	MONARCH	906	0	n/a	n/a	n/a	0	0	0	n/a	n/a	n/a	n/a	n/a
5056.114	n/a	RECOG_CONF	2528057	n/a	LTP267	ltpFR	7	5	n/a	MONARCH	906	n/a	4	n/a	n/a	0	0	0	n/a	n/a	n/a	n/a	n/a
5057.892	n/a	RECOG_TARGET	2528946	n/a	LTP267	ltpFR	7	5	1	TEAM	1441	0	1	1	n/a	0	0	0	n/a	n/a	n/a	n/a	n/a
5058.67	n/a	RECOG_RESP	2529335	n/a	LTP267	ltpFR	7	5	1	TEAM	1441	0	n/a	1	n/a	0	0	0	n/a	n/a	n/a	n/a	n/a
5059.204	n/a	RECOG_CONF	2529602	n/a	LTP267	ltpFR	7	5	1	TEAM	1441	n/a	1	1	n/a	0	0	0	n/a	n/a	n/a	n/a	n/a
5060.888	n/a	RECOG_LURE	2530444	n/a	LTP267	ltpFR	7	5	n/a	MARGARINE	868	0	4	n/a	n/a	0	0	0	n/a	n/a	n/a	n/a	n/a
5061.554	n/a	RECOG_RESP	2530777	n/a	LTP267	ltpFR	7	5	n/a	MARGARINE	868	0	n/a	n/a	n/a	0	0	0	n/a	n/a	n/a	n/a	n/a
5061.944	n/a	RECOG_CONF	2530972	n/a	LTP267	ltpFR	7	5	n/a	MARGARINE	868	n/a	4	n/a	n/a	0	0	0	n/a	n/a	n/a	n/a	n/a
5063.666	n/a	RECOG_LURE	2531833	n/a	LTP267	ltpFR	7	5	n/a	STATUE	1374	1	2	n/a	n/a	0	0	0	n/a	n/a	n/a	n/a	n/a
5064.374	n/a	RECOG_RESP	2532187	n/a	LTP267	ltpFR	7	5	n/a	STATUE	1374	1	n/a	n/a	n/a	0	0	0	n/a	n/a	n/a	n/a	n/a
5064.844	n/a	RECOG_CONF	2532422	n/a	LTP267	ltpFR	7	5	n/a	STATUE	1374	n/a	2	n/a	n/a	0	0	0	n/a	n/a	n/a	n/a	n/a
5066.604	n/a	RECOG_LURE	2533302	n/a	LTP267	ltpFR	7	5	n/a	THORN	1459	0	4	n/a	n/a	0	0	0	n/a	n/a	n/a	n/a	n/a
5067.29	n/a	RECOG_RESP	2533645	n/a	LTP267	ltpFR	7	5	n/a	THORN	1459	0	n/a	n/a	n/a	0	0	0	n/a	n/a	n/a	n/a	n/a
5067.724	n/a	RECOG_CONF	2533862	n/a	LTP267	ltpFR	7	5	n/a	THORN	1459	n/a	4	n/a	n/a	0	0	0	n/a	n/a	n/a	n/a	n/a
5069.582	n/a	RECOG_LURE	2534791	n/a	LTP267	ltpFR	7	5	n/a	TOWN	1491	0	1	n/a	n/a	0	0	0	n/a	n/a	n/a	n/a	n/a
5070.234	n/a	RECOG_RESP	2535117	n/a	LTP267	ltpFR	7	5	n/a	TOWN	1491	0	n/a	n/a	n/a	0	0	0	n/a	n/a	n/a	n/a	n/a
5070.654	n/a	RECOG_CONF	2535327	n/a	LTP267	ltpFR	7	5	n/a	TOWN	1491	n/a	1	n/a	n/a	0	0	0	n/a	n/a	n/a	n/a	n/a
5072.348	n/a	RECOG_TARGET	2536174	n/a	LTP267	ltpFR	7	5	0	BOWL	158	0	2	0	n/a	0	0	0	n/a	n/a	n/a	n/a	n/a
5072.864	n/a	RECOG_RESP	2536432	n/a	LTP267	ltpFR	7	5	0	BOWL	158	0	n/a	0	n/a	0	0	0	n/a	n/a	n/a	n/a	n/a
5073.276	n/a	RECOG_CONF	2536638	n/a	LTP267	ltpFR	7	5	0	BOWL	158	n/a	2	0	n/a	0	0	0	n/a	n/a	n/a	n/a	n/a
5075.02	n/a	RECOG_TARGET	2537510	n/a	LTP267	ltpFR	7	5	0	MAJOR	859	1	5	1	n/a	0	0	0	n/a	n/a	n/a	n/a	n/a
5075.486	n/a	RECOG_RESP	2537743	n/a	LTP267	ltpFR	7	5	0	MAJOR	859	1	n/a	1	n/a	0	0	0	n/a	n/a	n/a	n/a	n/a
5075.936	n/a	RECOG_CONF	2537968	n/a	LTP267	ltpFR	7	5	0	MAJOR	859	n/a	5	1	n/a	0	0	0	n/a	n/a	n/a	n/a	n/a
5077.764	n/a	RECOG_TARGET	2538882	n/a	LTP267	ltpFR	7	5	0	SAP	1233	1	5	1	n/a	0	0	0	n/a	n/a	n/a	n/a	n/a
5078.606	n/a	RECOG_RESP	2539303	n/a	LTP267	ltpFR	7	5	0	SAP	1233	1	n/a	1	n/a	0	0	0	n/a	n/a	n/a	n/a	n/a
5079.016	n/a	RECOG_CONF	2539508	n/a	LTP267	ltpFR	7	5	0	SAP	1233	n/a	5	1	n/a	0	0	0	n/a	n/a	n/a	n/a	n/a
5080.898	n/a	RECOG_LURE	2540449	n/a	LTP267	ltpFR	7	5	n/a	TOMATO	1476	1	2	n/a	n/a	0	0	0	n/a	n/a	n/a	n/a	n/a
5081.47	n/a	RECOG_RESP	2540735	n/a	LTP267	ltpFR	7	5	n/a	TOMATO	1476	1	n/a	n/a	n/a	0	0	0	n/a	n/a	n/a	n/a	n/a
5081.886	n/a	RECOG_CONF	2540943	n/a	LTP267	ltpFR	7	5	n/a	TOMATO	1476	n/a	2	n/a	n/a	0	0	0	n/a	n/a	n/a	n/a	n/a
5083.642	n/a	RECOG_TARGET	2541821	n/a	LTP267	ltpFR	7	5	0	SUPPER	1411	1	5	1	n/a	0	0	0	n/a	n/a	n/a	n/a	n/a
5086.2	n/a	RECOG_RESP	2543100	n/a	LTP267	ltpFR	7	5	0	SUPPER	1411	1	n/a	1	n/a	0	0	0	n/a	n/a	n/a	n/a	n/a
5086.606	n/a	RECOG_CONF	2543303	n/a	LTP267	ltpFR	7	5	0	SUPPER	1411	n/a	5	1	n/a	0	0	0	n/a	n/a	n/a	n/a	n/a
5088.344	n/a	RECOG_LURE	2544172	n/a	LTP267	ltpFR	7	5	n/a	SIRLOIN	1311	1	5	n/a	n/a	0	0	0	n/a	n/a	n/a	n/a	n/a
5089.13	n/a	RECOG_RESP	2544565	n/a	LTP267	ltpFR	7	5	n/a	SIRLOIN	1311	1	n/a	n/a	n/a	0	0	0	n/a	n/a	n/a	n/a	n/a
5089.406	n/a	RECOG_CONF	2544703	n/a	LTP267	ltpFR	7	5	n/a	SIRLOIN	1311	n/a	5	n/a	n/a	0	0	0	n/a	n/a	n/a	n/a	n/a
5091.22	n/a	RECOG_LURE	2545610	n/a	LTP267	ltpFR	7	5	n/a	SECRETARY	1265	0	3	n/a	n/a	0	0	0	n/a	n/a	n/a	n/a	n/a
5092.076	n/a	RECOG_RESP	2546038	n/a	LTP267	ltpFR	7	5	n/a	SECRETARY	1265	0	n/a	n/a	n/a	0	0	0	n/a	n/a	n/a	n/a	n/a
5092.376	n/a	RECOG_CONF	2546188	n/a	LTP267	ltpFR	7	5	n/a	SECRETARY	1265	n/a	3	n/a	n/a	0	0	0	n/a	n/a	n/a	n/a	n/a
5096.06	n/a	REC_START	2548030	n/a	LTP267	ltpFR	7	6	n/a	n/a	n/a	n/a	n/a	n/a	n/a	0	0	0	n/a	n/a	n/a	n/a	n/a
5096.106	n/a	RECOG_TARGET	2548053	n/a	LTP267	ltpFR	7	6	1	HIKER	708	1	4	1	n/a	0	0	0	n/a	n/a	n/a	n/a	n/a
5097.24	n/a	RECOG_RESP	2548620	n/a	LTP267	ltpFR	7	6	1	HIKER	708	1	n/a	1	n/a	0	0	0	n/a	n/a	n/a	n/a	n/a
5097.69	n/a	RECOG_CONF	2548845	n/a	LTP267	ltpFR	7	6	1	HIKER	708	n/a	4	1	n/a	0	0	0	n/a	n/a	n/a	n/a	n/a
5099.486	n/a	RECOG_LURE	2549743	n/a	LTP267	ltpFR	7	6	n/a	EAR	513	0	4	n/a	n/a	0	0	0	n/a	n/a	n/a	n/a	n/a
5100.22	n/a	RECOG_RESP	2550110	n/a	LTP267	ltpFR	7	6	n/a	EAR	513	0	n/a	n/a	n/a	0	0	0	n/a	n/a	n/a	n/a	n/a
5100.59	n/a	RECOG_CONF	2550295	n/a	LTP267	ltpFR	7	6	n/a	EAR	513	n/a	4	n/a	n/a	0	0	0	n/a	n/a	n/a	n/a	n/a
5102.514	n/a	RECOG_LURE	2551257	n/a	LTP267	ltpFR	7	6	n/a	CORK	380	1	2	n/a	n/a	0	0	0	n/a	n/a	n/a	n/a	n/a
5103.976	n/a	RECOG_RESP	2551988	n/a	LTP267	ltpFR	7	6	n/a	CORK	380	1	n/a	n/a	n/a	0	0	0	n/a	n/a	n/a	n/a	n/a
5104.59	n/a	RECOG_CONF	2552295	n/a	LTP267	ltpFR	7	6	n/a	CORK	380	n/a	2	n/a	n/a	0	0	0	n/a	n/a	n/a	n/a	n/a
5106.428	n/a	RECOG_LURE	2553214	n/a	LTP267	ltpFR	7	6	n/a	CUBE	420	0	1	n/a	n/a	0	0	0	n/a	n/a	n/a	n/a	n/a
5107.386	n/a	RECOG_RESP	2553693	n/a	LTP267	ltpFR	7	6	n/a	CUBE	420	0	n/a	n/a	n/a	0	0	0	n/a	n/a	n/a	n/a	n/a
5107.95	n/a	RECOG_CONF	2553975	n/a	LTP267	ltpFR	7	6	n/a	CUBE	420	n/a	1	n/a	n/a	0	0	0	n/a	n/a	n/a	n/a	n/a
5109.702	n/a	RECOG_TARGET	2554851	n/a	LTP267	ltpFR	7	6	1	SOCKET	1340	n/a	n/a	0	n/a	0	0	0	n/a	n/a	n/a	n/a	n/a
5112.318	n/a	RECOG_TARGET	2556159	n/a	LTP267	ltpFR	7	6	0	CARRIAGE	248	1	2	1	n/a	0	0	0	n/a	n/a	n/a	n/a	n/a
5118.086	n/a	RECOG_RESP	2559043	n/a	LTP267	ltpFR	7	6	0	CARRIAGE	248	1	n/a	1	n/a	0	0	0	n/a	n/a	n/a	n/a	n/a
5118.492	n/a	RECOG_CONF	2559246	n/a	LTP267	ltpFR	7	6	0	CARRIAGE	248	n/a	2	1	n/a	0	0	0	n/a	n/a	n/a	n/a	n/a
5120.276	n/a	RECOG_TARGET	2560138	n/a	LTP267	ltpFR	7	6	1	BONE	148	1	2	0	n/a	0	0	0	n/a	n/a	n/a	n/a	n/a
5120.826	n/a	RECOG_RESP	2560413	n/a	LTP267	ltpFR	7	6	1	BONE	148	1	n/a	0	n/a	0	0	0	n/a	n/a	n/a	n/a	n/a
5121.162	n/a	RECOG_CONF	2560581	n/a	LTP267	ltpFR	7	6	1	BONE	148	n/a	2	0	n/a	0	0	0	n/a	n/a	n/a	n/a	n/a
5122.79	n/a	RECOG_LURE	2561395	n/a	LTP267	ltpFR	7	6	n/a	SKIRT	1319	0	1	n/a	n/a	0	0	0	n/a	n/a	n/a	n/a	n/a
5123.462	n/a	RECOG_RESP	2561731	n/a	LTP267	ltpFR	7	6	n/a	SKIRT	1319	0	n/a	n/a	n/a	0	0	0	n/a	n/a	n/a	n/a	n/a
5123.802	n/a	RECOG_CONF	2561901	n/a	LTP267	ltpFR	7	6	n/a	SKIRT	1319	n/a	1	n/a	n/a	0	0	0	n/a	n/a	n/a	n/a	n/a
5125.536	n/a	RECOG_LURE	2562768	n/a	LTP267	ltpFR	7	6	n/a	DECK	443	1	4	n/a	n/a	0	0	0	n/a	n/a	n/a	n/a	n/a
5125.982	n/a	RECOG_RESP	2562991	n/a	LTP267	ltpFR	7	6	n/a	DECK	443	1	n/a	n/a	n/a	0	0	0	n/a	n/a	n/a	n/a	n/a
5126.352	n/a	RECOG_CONF	2563176	n/a	LTP267	ltpFR	7	6	n/a	DECK	443	n/a	4	n/a	n/a	0	0	0	n/a	n/a	n/a	n/a	n/a
5127.96	n/a	RECOG_LURE	2563980	n/a	LTP267	ltpFR	7	6	n/a	BASKETBALL	96	1	5	n/a	n/a	0	0	0	n/a	n/a	n/a	n/a	n/a
5128.482	n/a	RECOG_RESP	2564241	n/a	LTP267	ltpFR	7	6	n/a	BASKETBALL	96	1	n/a	n/a	n/a	0	0	0	n/a	n/a	n/a	n/a	n/a
5128.812	n/a	RECOG_CONF	2564406	n/a	LTP267	ltpFR	7	6	n/a	BASKETBALL	96	n/a	5	n/a	n/a	0	0	0	n/a	n/a	n/a	n/a	n/a
5130.45	n/a	RECOG_TARGET	2565225	n/a	LTP267	ltpFR	7	6	1	SPY	1360	1	4	1	n/a	0	0	0	n/a	n/a	n/a	n/a	n/a
5130.948	n/a	RECOG_RESP	2565474	n/a	LTP267	ltpFR	7	6	1	SPY	1360	1	n/a	1	n/a	0	0	0	n/a	n/a	n/a	n/a	n/a
5131.292	n/a	RECOG_CONF	2565646	n/a	LTP267	ltpFR	7	6	1	SPY	1360	n/a	4	1	n/a	0	0	0	n/a	n/a	n/a	n/a	n/a
5132.964	n/a	RECOG_LURE	2566482	n/a	LTP267	ltpFR	7	6	n/a	COUNTY	389	1	3	n/a	n/a	0	0	0	n/a	n/a	n/a	n/a	n/a
5133.318	n/a	RECOG_RESP	2566659	n/a	LTP267	ltpFR	7	6	n/a	COUNTY	389	1	n/a	n/a	n/a	0	0	0	n/a	n/a	n/a	n/a	n/a
5133.672	n/a	RECOG_CONF	2566836	n/a	LTP267	ltpFR	7	6	n/a	COUNTY	389	n/a	3	n/a	n/a	0	0	0	n/a	n/a	n/a	n/a	n/a
5135.384	n/a	RECOG_LURE	2567692	n/a	LTP267	ltpFR	7	6	n/a	PEOPLE	1046	1	2	n/a	n/a	0	0	0	n/a	n/a	n/a	n/a	n/a
5135.848	n/a	RECOG_RESP	2567924	n/a	LTP267	ltpFR	7	6	n/a	PEOPLE	1046	1	n/a	n/a	n/a	0	0	0	n/a	n/a	n/a	n/a	n/a
5136.172	n/a	RECOG_CONF	2568086	n/a	LTP267	ltpFR	7	6	n/a	PEOPLE	1046	n/a	2	n/a	n/a	0	0	0	n/a	n/a	n/a	n/a	n/a
5137.682	n/a	RECOG_TARGET	2568841	n/a	LTP267	ltpFR	7	6	1	WINDSHIELD	1612	1	3	1	n/a	0	0	0	n/a	n/a	n/a	n/a	n/a
5137.978	n/a	RECOG_RESP	2568989	n/a	LTP267	ltpFR	7	6	1	WINDSHIELD	1612	1	n/a	1	n/a	0	0	0	n/a	n/a	n/a	n/a	n/a
5138.322	n/a	RECOG_CONF	2569161	n/a	LTP267	ltpFR	7	6	1	WINDSHIELD	1612	n/a	3	1	n/a	0	0	0	n/a	n/a	n/a	n/a	n/a
5140.036	n/a	RECOG_LURE	2570018	n/a	LTP267	ltpFR	7	6	n/a	BLOSSOM	138	1	4	n/a	n/a	0	0	0	n/a	n/a	n/a	n/a	n/a
5140.322	n/a	RECOG_RESP	2570161	n/a	LTP267	ltpFR	7	6	n/a	BLOSSOM	138	1	n/a	n/a	n/a	0	0	0	n/a	n/a	n/a	n/a	n/a
5140.672	n/a	RECOG_CONF	2570336	n/a	LTP267	ltpFR	7	6	n/a	BLOSSOM	138	n/a	4	n/a	n/a	0	0	0	n/a	n/a	n/a	n/a	n/a
5142.316	n/a	RECOG_TARGET	2571158	n/a	LTP267	ltpFR	7	6	0	GALAXY	617	0	1	1	n/a	0	0	0	n/a	n/a	n/a	n/a	n/a
5142.718	n/a	RECOG_RESP	2571359	n/a	LTP267	ltpFR	7	6	0	GALAXY	617	0	n/a	1	n/a	0	0	0	n/a	n/a	n/a	n/a	n/a
5143.042	n/a	RECOG_CONF	2571521	n/a	LTP267	ltpFR	7	6	0	GALAXY	617	n/a	1	1	n/a	0	0	0	n/a	n/a	n/a	n/a	n/a
5144.786	n/a	RECOG_TARGET	2572393	n/a	LTP267	ltpFR	7	6	1	TORCH	1484	1	2	0	n/a	0	0	0	n/a	n/a	n/a	n/a	n/a
5145.012	n/a	RECOG_RESP	2572506	n/a	LTP267	ltpFR	7	6	1	TORCH	1484	1	n/a	0	n/a	0	0	0	n/a	n/a	n/a	n/a	n/a
5145.312	n/a	RECOG_CONF	2572656	n/a	LTP267	ltpFR	7	6	1	TORCH	1484	n/a	2	0	n/a	0	0	0	n/a	n/a	n/a	n/a	n/a
5147.134	n/a	RECOG_TARGET	2573567	n/a	LTP267	ltpFR	7	6	1	PADDLE	1000	1	2	0	n/a	0	0	0	n/a	n/a	n/a	n/a	n/a
5147.648	n/a	RECOG_RESP	2573824	n/a	LTP267	ltpFR	7	6	1	PADDLE	1000	1	n/a	0	n/a	0	0	0	n/a	n/a	n/a	n/a	n/a
5147.962	n/a	RECOG_CONF	2573981	n/a	LTP267	ltpFR	7	6	1	PADDLE	1000	n/a	2	0	n/a	0	0	0	n/a	n/a	n/a	n/a	n/a
5149.622	n/a	RECOG_LURE	2574811	n/a	LTP267	ltpFR	7	6	n/a	BIKE	125	1	3	n/a	n/a	0	0	0	n/a	n/a	n/a	n/a	n/a
5149.958	n/a	RECOG_RESP	2574979	n/a	LTP267	ltpFR	7	6	n/a	BIKE	125	1	n/a	n/a	n/a	0	0	0	n/a	n/a	n/a	n/a	n/a
5150.284	n/a	RECOG_CONF	2575142	n/a	LTP267	ltpFR	7	6	n/a	BIKE	125	n/a	3	n/a	n/a	0	0	0	n/a	n/a	n/a	n/a	n/a
5151.954	n/a	RECOG_TARGET	2575977	n/a	LTP267	ltpFR	7	6	1	SEAT	1264	1	2	0	n/a	0	0	0	n/a	n/a	n/a	n/a	n/a
5152.264	n/a	RECOG_RESP	2576132	n/a	LTP267	ltpFR	7	6	1	SEAT	1264	1	n/a	0	n/a	0	0	0	n/a	n/a	n/a	n/a	n/a
5152.534	n/a	RECOG_CONF	2576267	n/a	LTP267	ltpFR	7	6	1	SEAT	1264	n/a	2	0	n/a	0	0	0	n/a	n/a	n/a	n/a	n/a
5171.764	n/a	REC_START	2585882	n/a	LTP267	ltpFR	7	7	n/a	n/a	n/a	n/a	n/a	n/a	n/a	0	0	0	n/a	n/a	n/a	n/a	n/a
5171.812	n/a	RECOG_LURE	2585906	n/a	LTP267	ltpFR	7	7	n/a	PIRATE	1074	0	1	n/a	n/a	0	0	0	n/a	n/a	n/a	n/a	n/a
5172.76	n/a	RECOG_RESP	2586380	n/a	LTP267	ltpFR	7	7	n/a	PIRATE	1074	0	n/a	n/a	n/a	0	0	0	n/a	n/a	n/a	n/a	n/a
5173.074	n/a	RECOG_CONF	2586537	n/a	LTP267	ltpFR	7	7	n/a	PIRATE	1074	n/a	1	n/a	n/a	0	0	0	n/a	n/a	n/a	n/a	n/a
5174.758	n/a	RECOG_LURE	2587379	n/a	LTP267	ltpFR	7	7	n/a	BEAD	103	0	2	n/a	n/a	0	0	0	n/a	n/a	n/a	n/a	n/a
5175.314	n/a	RECOG_RESP	2587657	n/a	LTP267	ltpFR	7	7	n/a	BEAD	103	0	n/a	n/a	n/a	0	0	0	n/a	n/a	n/a	n/a	n/a
5175.584	n/a	RECOG_CONF	2587792	n/a	LTP267	ltpFR	7	7	n/a	BEAD	103	n/a	2	n/a	n/a	0	0	0	n/a	n/a	n/a	n/a	n/a
5177.216	n/a	RECOG_TARGET	2588608	n/a	LTP267	ltpFR	7	7	0	REFEREE	1178	0	3	1	n/a	0	0	0	n/a	n/a	n/a	n/a	n/a
5177.914	n/a	RECOG_RESP	2588957	n/a	LTP267	ltpFR	7	7	0	REFEREE	1178	0	n/a	1	n/a	0	0	0	n/a	n/a	n/a	n/a	n/a
5178.194	n/a	RECOG_CONF	2589097	n/a	LTP267	ltpFR	7	7	0	REFEREE	1178	n/a	3	1	n/a	0	0	0	n/a	n/a	n/a	n/a	n/a
5179.976	n/a	RECOG_TARGET	2589988	n/a	LTP267	ltpFR	7	7	1	POLE	1097	0	1	0	n/a	0	0	0	n/a	n/a	n/a	n/a	n/a
5180.41	n/a	RECOG_RESP	2590205	n/a	LTP267	ltpFR	7	7	1	POLE	1097	0	n/a	0	n/a	0	0	0	n/a	n/a	n/a	n/a	n/a
5180.664	n/a	RECOG_CONF	2590332	n/a	LTP267	ltpFR	7	7	1	POLE	1097	n/a	1	0	n/a	0	0	0	n/a	n/a	n/a	n/a	n/a
5182.296	n/a	RECOG_TARGET	2591148	n/a	LTP267	ltpFR	7	7	0	RATTLE	1170	1	2	1	n/a	0	0	0	n/a	n/a	n/a	n/a	n/a
5182.8	n/a	RECOG_RESP	2591400	n/a	LTP267	ltpFR	7	7	0	RATTLE	1170	1	n/a	1	n/a	0	0	0	n/a	n/a	n/a	n/a	n/a
5183.084	n/a	RECOG_CONF	2591542	n/a	LTP267	ltpFR	7	7	0	RATTLE	1170	n/a	2	1	n/a	0	0	0	n/a	n/a	n/a	n/a	n/a
5184.844	n/a	RECOG_TARGET	2592422	n/a	LTP267	ltpFR	7	7	1	WHISTLE	1606	1	2	0	n/a	0	0	0	n/a	n/a	n/a	n/a	n/a
5185.3	n/a	RECOG_RESP	2592650	n/a	LTP267	ltpFR	7	7	1	WHISTLE	1606	1	n/a	0	n/a	0	0	0	n/a	n/a	n/a	n/a	n/a
5185.664	n/a	RECOG_CONF	2592832	n/a	LTP267	ltpFR	7	7	1	WHISTLE	1606	n/a	2	0	n/a	0	0	0	n/a	n/a	n/a	n/a	n/a
5187.222	n/a	RECOG_TARGET	2593611	n/a	LTP267	ltpFR	7	7	1	INCENSE	735	1	5	0	n/a	0	0	0	n/a	n/a	n/a	n/a	n/a
5187.816	n/a	RECOG_RESP_VV	2593908	n/a	LTP267	ltpFR	7	7	1	INCENSE	735	0	n/a	0	n/a	0	0	0	n/a	n/a	n/a	n/a	n/a
5188.326	n/a	RECOG_RESP	2594163	n/a	LTP267	ltpFR	7	7	1	INCENSE	735	1	n/a	0	n/a	0	0	0	n/a	n/a	n/a	n/a	n/a
5188.756	n/a	RECOG_CONF	2594378	n/a	LTP267	ltpFR	7	7	1	INCENSE	735	n/a	5	0	n/a	0	0	0	n/a	n/a	n/a	n/a	n/a
5190.634	n/a	RECOG_LURE	2595317	n/a	LTP267	ltpFR	7	7	n/a	MICROSCOPE	891	1	4	n/a	n/a	0	0	0	n/a	n/a	n/a	n/a	n/a
5191.19	n/a	RECOG_RESP	2595595	n/a	LTP267	ltpFR	7	7	n/a	MICROSCOPE	891	1	n/a	n/a	n/a	0	0	0	n/a	n/a	n/a	n/a	n/a
5191.546	n/a	RECOG_CONF	2595773	n/a	LTP267	ltpFR	7	7	n/a	MICROSCOPE	891	n/a	4	n/a	n/a	0	0	0	n/a	n/a	n/a	n/a	n/a
5193.178	n/a	RECOG_TARGET	2596589	n/a	LTP267	ltpFR	7	7	1	SCULPTURE	1258	1	4	0	n/a	0	0	0	n/a	n/a	n/a	n/a	n/a
5193.64	n/a	RECOG_RESP	2596820	n/a	LTP267	ltpFR	7	7	1	SCULPTURE	1258	1	n/a	0	n/a	0	0	0	n/a	n/a	n/a	n/a	n/a
5193.996	n/a	RECOG_CONF	2596998	n/a	LTP267	ltpFR	7	7	1	SCULPTURE	1258	n/a	4	0	n/a	0	0	0	n/a	n/a	n/a	n/a	n/a
5195.582	n/a	RECOG_TARGET	2597791	n/a	LTP267	ltpFR	7	7	0	DONOR	485	1	2	0	n/a	0	0	0	n/a	n/a	n/a	n/a	n/a
5196.096	n/a	RECOG_RESP	2598048	n/a	LTP267	ltpFR	7	7	0	DONOR	485	1	n/a	0	n/a	0	0	0	n/a	n/a	n/a	n/a	n/a
5196.426	n/a	RECOG_CONF	2598213	n/a	LTP267	ltpFR	7	7	0	DONOR	485	n/a	2	0	n/a	0	0	0	n/a	n/a	n/a	n/a	n/a
5198.08	n/a	RECOG_TARGET	2599040	n/a	LTP267	ltpFR	7	7	0	QUEEN	1149	1	5	1	n/a	0	0	0	n/a	n/a	n/a	n/a	n/a
5198.586	n/a	RECOG_RESP	2599293	n/a	LTP267	ltpFR	7	7	0	QUEEN	1149	1	n/a	1	n/a	0	0	0	n/a	n/a	n/a	n/a	n/a
5198.926	n/a	RECOG_CONF	2599463	n/a	LTP267	ltpFR	7	7	0	QUEEN	1149	n/a	5	1	n/a	0	0	0	n/a	n/a	n/a	n/a	n/a
5200.622	n/a	RECOG_TARGET	2600311	n/a	LTP267	ltpFR	7	7	0	WHEAT	1602	1	2	0	n/a	0	0	0	n/a	n/a	n/a	n/a	n/a
5201.116	n/a	RECOG_RESP	2600558	n/a	LTP267	ltpFR	7	7	0	WHEAT	1602	1	n/a	0	n/a	0	0	0	n/a	n/a	n/a	n/a	n/a
5201.436	n/a	RECOG_CONF	2600718	n/a	LTP267	ltpFR	7	7	0	WHEAT	1602	n/a	2	0	n/a	0	0	0	n/a	n/a	n/a	n/a	n/a
5203.248	n/a	RECOG_TARGET	2601624	n/a	LTP267	ltpFR	7	7	1	SNORKEL	1336	1	2	0	n/a	0	0	0	n/a	n/a	n/a	n/a	n/a
5203.82	n/a	RECOG_RESP	2601910	n/a	LTP267	ltpFR	7	7	1	SNORKEL	1336	1	n/a	0	n/a	0	0	0	n/a	n/a	n/a	n/a	n/a
5204.176	n/a	RECOG_CONF	2602088	n/a	LTP267	ltpFR	7	7	1	SNORKEL	1336	n/a	2	0	n/a	0	0	0	n/a	n/a	n/a	n/a	n/a
5205.96	n/a	RECOG_LURE	2602980	n/a	LTP267	ltpFR	7	7	n/a	BARN	89	1	3	n/a	n/a	0	0	0	n/a	n/a	n/a	n/a	n/a
5206.376	n/a	RECOG_RESP	2603188	n/a	LTP267	ltpFR	7	7	n/a	BARN	89	1	n/a	n/a	n/a	0	0	0	n/a	n/a	n/a	n/a	n/a
5206.766	n/a	RECOG_CONF	2603383	n/a	LTP267	ltpFR	7	7	n/a	BARN	89	n/a	3	n/a	n/a	0	0	0	n/a	n/a	n/a	n/a	n/a
5208.502	n/a	RECOG_LURE	2604251	n/a	LTP267	ltpFR	7	7	n/a	COPIER	377	0	2	n/a	n/a	0	0	0	n/a	n/a	n/a	n/a	n/a
5209.746	n/a	RECOG_RESP	2604873	n/a	LTP267	ltpFR	7	7	n/a	COPIER	377	0	n/a	n/a	n/a	0	0	0	n/a	n/a	n/a	n/a	n/a
5210.136	n/a	RECOG_CONF	2605068	n/a	LTP267	ltpFR	7	7	n/a	COPIER	377	n/a	2	n/a	n/a	0	0	0	n/a	n/a	n/a	n/a	n/a
5211.96	n/a	RECOG_TARGET	2605980	n/a	LTP267	ltpFR	7	7	1	RASPBERRY	1168	0	5	1	n/a	0	0	0	n/a	n/a	n/a	n/a	n/a
5212.412	n/a	RECOG_RESP	2606206	n/a	LTP267	ltpFR	7	7	1	RASPBERRY	1168	0	n/a	1	n/a	0	0	0	n/a	n/a	n/a	n/a	n/a
5213.116	n/a	RECOG_CONF	2606558	n/a	LTP267	ltpFR	7	7	1	RASPBERRY	1168	n/a	5	1	n/a	0	0	0	n/a	n/a	n/a	n/a	n/a
5214.842	n/a	RECOG_TARGET	2607421	n/a	LTP267	ltpFR	7	7	0	FROST	609	1	3	0	n/a	0	0	0	n/a	n/a	n/a	n/a	n/a
5215.812	n/a	RECOG_RESP	2607906	n/a	LTP267	ltpFR	7	7	0	FROST	609	1	n/a	0	n/a	0	0	0	n/a	n/a	n/a	n/a	n/a
5216.216	n/a	RECOG_CONF	2608108	n/a	LTP267	ltpFR	7	7	0	FROST	609	n/a	3	0	n/a	0	0	0	n/a	n/a	n/a	n/a	n/a
5217.788	n/a	RECOG_TARGET	2608894	n/a	LTP267	ltpFR	7	7	0	NUT	965	1	2	0	n/a	0	0	0	n/a	n/a	n/a	n/a	n/a
5218.452	n/a	RECOG_RESP	2609226	n/a	LTP267	ltpFR	7	7	0	NUT	965	1	n/a	0	n/a	0	0	0	n/a	n/a	n/a	n/a	n/a
5218.816	n/a	RECOG_CONF	2609408	n/a	LTP267	ltpFR	7	7	0	NUT	965	n/a	2	0	n/a	0	0	0	n/a	n/a	n/a	n/a	n/a
5220.476	n/a	RECOG_TARGET	2610238	n/a	LTP267	ltpFR	7	7	1	WAIST	1579	1	5	0	n/a	0	0	0	n/a	n/a	n/a	n/a	n/a
5220.902	n/a	RECOG_RESP	2610451	n/a	LTP267	ltpFR	7	7	1	WAIST	1579	1	n/a	0	n/a	0	0	0	n/a	n/a	n/a	n/a	n/a
5221.166	n/a	RECOG_CONF	2610583	n/a	LTP267	ltpFR	7	7	1	WAIST	1579	n/a	5	0	n/a	0	0	0	n/a	n/a	n/a	n/a	n/a
5222.974	n/a	RECOG_TARGET	2611487	n/a	LTP267	ltpFR	7	7	1	MAGAZINE	853	1	4	0	n/a	0	0	0	n/a	n/a	n/a	n/a	n/a
5223.262	n/a	RECOG_RESP	2611631	n/a	LTP267	ltpFR	7	7	1	MAGAZINE	853	1	n/a	0	n/a	0	0	0	n/a	n/a	n/a	n/a	n/a
5223.916	n/a	RECOG_CONF	2611958	n/a	LTP267	ltpFR	7	7	1	MAGAZINE	853	n/a	4	0	n/a	0	0	0	n/a	n/a	n/a	n/a	n/a
5229.036	n/a	REC_START	2614518	n/a	LTP267	ltpFR	7	8	n/a	n/a	n/a	n/a	n/a	n/a	n/a	0	0	0	n/a	n/a	n/a	n/a	n/a
5229.092	n/a	RECOG_TARGET	2614546	n/a	LTP267	ltpFR	7	8	1	VIOLIN	1571	1	4	0	n/a	0	0	0	n/a	n/a	n/a	n/a	n/a
5229.606	n/a	RECOG_RESP	2614803	n/a	LTP267	ltpFR	7	8	1	VIOLIN	1571	1	n/a	0	n/a	0	0	0	n/a	n/a	n/a	n/a	n/a
5230.026	n/a	RECOG_CONF	2615013	n/a	LTP267	ltpFR	7	8	1	VIOLIN	1571	n/a	4	0	n/a	0	0	0	n/a	n/a	n/a	n/a	n/a
5231.686	n/a	RECOG_TARGET	2615843	n/a	LTP267	ltpFR	7	8	1	GENTLEMAN	631	1	5	3	n/a	0	0	0	n/a	n/a	n/a	n/a	n/a
5232.066	n/a	RECOG_RESP	2616033	n/a	LTP267	ltpFR	7	8	1	GENTLEMAN	631	1	n/a	3	n/a	0	0	0	n/a	n/a	n/a	n/a	n/a
5232.356	n/a	RECOG_CONF	2616178	n/a	LTP267	ltpFR	7	8	1	GENTLEMAN	631	n/a	5	3	n/a	0	0	0	n/a	n/a	n/a	n/a	n/a
5234.184	n/a	RECOG_TARGET	2617092	n/a	LTP267	ltpFR	7	8	1	BACK	65	1	2	0	n/a	0	0	0	n/a	n/a	n/a	n/a	n/a
5234.466	n/a	RECOG_RESP	2617233	n/a	LTP267	ltpFR	7	8	1	BACK	65	1	n/a	0	n/a	0	0	0	n/a	n/a	n/a	n/a	n/a
5234.826	n/a	RECOG_CONF	2617413	n/a	LTP267	ltpFR	7	8	1	BACK	65	n/a	2	0	n/a	0	0	0	n/a	n/a	n/a	n/a	n/a
5236.492	n/a	RECOG_LURE	2618246	n/a	LTP267	ltpFR	7	8	n/a	AMBULANCE	19	1	4	n/a	n/a	0	0	0	n/a	n/a	n/a	n/a	n/a
5236.886	n/a	RECOG_RESP	2618443	n/a	LTP267	ltpFR	7	8	n/a	AMBULANCE	19	1	n/a	n/a	n/a	0	0	0	n/a	n/a	n/a	n/a	n/a
5237.276	n/a	RECOG_CONF	2618638	n/a	LTP267	ltpFR	7	8	n/a	AMBULANCE	19	n/a	4	n/a	n/a	0	0	0	n/a	n/a	n/a	n/a	n/a
5238.862	n/a	RECOG_LURE	2619431	n/a	LTP267	ltpFR	7	8	n/a	JET	756	1	3	n/a	n/a	0	0	0	n/a	n/a	n/a	n/a	n/a
5239.266	n/a	RECOG_RESP	2619633	n/a	LTP267	ltpFR	7	8	n/a	JET	756	1	n/a	n/a	n/a	0	0	0	n/a	n/a	n/a	n/a	n/a
5239.646	n/a	RECOG_CONF	2619823	n/a	LTP267	ltpFR	7	8	n/a	JET	756	n/a	3	n/a	n/a	0	0	0	n/a	n/a	n/a	n/a	n/a
5241.278	n/a	RECOG_TARGET	2620639	n/a	LTP267	ltpFR	7	8	0	QUARTER	1148	1	2	1	n/a	0	0	0	n/a	n/a	n/a	n/a	n/a
5241.85	n/a	RECOG_RESP	2620925	n/a	LTP267	ltpFR	7	8	0	QUARTER	1148	1	n/a	1	n/a	0	0	0	n/a	n/a	n/a	n/a	n/a
5242.286	n/a	RECOG_CONF	2621143	n/a	LTP267	ltpFR	7	8	0	QUARTER	1148	n/a	2	1	n/a	0	0	0	n/a	n/a	n/a	n/a	n/a
5244.072	n/a	RECOG_TARGET	2622036	n/a	LTP267	ltpFR	7	8	0	APRON	35	1	5	0	n/a	0	0	0	n/a	n/a	n/a	n/a	n/a
5245.182	n/a	RECOG_RESP	2622591	n/a	LTP267	ltpFR	7	8	0	APRON	35	1	n/a	0	n/a	0	0	0	n/a	n/a	n/a	n/a	n/a
5245.696	n/a	RECOG_CONF	2622848	n/a	LTP267	ltpFR	7	8	0	APRON	35	n/a	5	0	n/a	0	0	0	n/a	n/a	n/a	n/a	n/a
5247.418	n/a	RECOG_TARGET	2623709	n/a	LTP267	ltpFR	7	8	0	DAM	436	1	3	1	n/a	0	0	0	n/a	n/a	n/a	n/a	n/a
5248.016	n/a	RECOG_RESP	2624008	n/a	LTP267	ltpFR	7	8	0	DAM	436	1	n/a	1	n/a	0	0	0	n/a	n/a	n/a	n/a	n/a
5248.366	n/a	RECOG_CONF	2624183	n/a	LTP267	ltpFR	7	8	0	DAM	436	n/a	3	1	n/a	0	0	0	n/a	n/a	n/a	n/a	n/a
5250.122	n/a	RECOG_TARGET	2625061	n/a	LTP267	ltpFR	7	8	1	VETERAN	1561	0	1	1	n/a	0	0	0	n/a	n/a	n/a	n/a	n/a
5250.902	n/a	RECOG_RESP	2625451	n/a	LTP267	ltpFR	7	8	1	VETERAN	1561	0	n/a	1	n/a	0	0	0	n/a	n/a	n/a	n/a	n/a
5251.126	n/a	RECOG_CONF	2625563	n/a	LTP267	ltpFR	7	8	1	VETERAN	1561	n/a	1	1	n/a	0	0	0	n/a	n/a	n/a	n/a	n/a
5252.99	n/a	RECOG_TARGET	2626495	n/a	LTP267	ltpFR	7	8	0	PASTRY	1022	0	3	0	n/a	0	0	0	n/a	n/a	n/a	n/a	n/a
5253.736	n/a	RECOG_RESP	2626868	n/a	LTP267	ltpFR	7	8	0	PASTRY	1022	0	n/a	0	n/a	0	0	0	n/a	n/a	n/a	n/a	n/a
5253.976	n/a	RECOG_CONF	2626988	n/a	LTP267	ltpFR	7	8	0	PASTRY	1022	n/a	3	0	n/a	0	0	0	n/a	n/a	n/a	n/a	n/a
5255.832	n/a	RECOG_TARGET	2627916	n/a	LTP267	ltpFR	7	8	1	HARE	688	0	3	0	n/a	0	0	0	n/a	n/a	n/a	n/a	n/a
5256.222	n/a	RECOG_RESP	2628111	n/a	LTP267	ltpFR	7	8	1	HARE	688	0	n/a	0	n/a	0	0	0	n/a	n/a	n/a	n/a	n/a
5256.486	n/a	RECOG_CONF	2628243	n/a	LTP267	ltpFR	7	8	1	HARE	688	n/a	3	0	n/a	0	0	0	n/a	n/a	n/a	n/a	n/a
5258.226	n/a	RECOG_TARGET	2629113	n/a	LTP267	ltpFR	7	8	0	MONGOOSE	909	0	4	0	n/a	0	0	0	n/a	n/a	n/a	n/a	n/a
5258.856	n/a	RECOG_RESP	2629428	n/a	LTP267	ltpFR	7	8	0	MONGOOSE	909	0	n/a	0	n/a	0	0	0	n/a	n/a	n/a	n/a	n/a
5259.116	n/a	RECOG_CONF	2629558	n/a	LTP267	ltpFR	7	8	0	MONGOOSE	909	n/a	4	0	n/a	0	0	0	n/a	n/a	n/a	n/a	n/a
5261.02	n/a	RECOG_TARGET	2630510	n/a	LTP267	ltpFR	7	8	0	COLONEL	348	1	2	1	n/a	0	0	0	n/a	n/a	n/a	n/a	n/a
5261.216	n/a	RECOG_RESP	2630608	n/a	LTP267	ltpFR	7	8	0	COLONEL	348	1	n/a	1	n/a	0	0	0	n/a	n/a	n/a	n/a	n/a
5261.596	n/a	RECOG_CONF	2630798	n/a	LTP267	ltpFR	7	8	0	COLONEL	348	n/a	2	1	n/a	0	0	0	n/a	n/a	n/a	n/a	n/a
5263.24	n/a	RECOG_LURE	2631620	n/a	LTP267	ltpFR	7	8	n/a	EUROPE	541	0	5	n/a	n/a	0	0	0	n/a	n/a	n/a	n/a	n/a
5264.198	n/a	RECOG_RESP	2632099	n/a	LTP267	ltpFR	7	8	n/a	EUROPE	541	0	n/a	n/a	n/a	0	0	0	n/a	n/a	n/a	n/a	n/a
5264.964	n/a	RECOG_CONF	2632482	n/a	LTP267	ltpFR	7	8	n/a	EUROPE	541	n/a	5	n/a	n/a	0	0	0	n/a	n/a	n/a	n/a	n/a
5266.336	n/a	RECOG_TARGET	2633168	n/a	LTP267	ltpFR	7	8	1	STAR	1373	1	5	1	n/a	0	0	0	n/a	n/a	n/a	n/a	n/a
5267.112	n/a	RECOG_RESP	2633556	n/a	LTP267	ltpFR	7	8	1	STAR	1373	1	n/a	1	n/a	0	0	0	n/a	n/a	n/a	n/a	n/a
5267.448	n/a	RECOG_CONF	2633724	n/a	LTP267	ltpFR	7	8	1	STAR	1373	n/a	5	1	n/a	0	0	0	n/a	n/a	n/a	n/a	n/a
5269.062	n/a	RECOG_TARGET	2634531	n/a	LTP267	ltpFR	7	8	1	GAZELLE	628	1	3	1	n/a	0	0	0	n/a	n/a	n/a	n/a	n/a
5269.512	n/a	RECOG_RESP	2634756	n/a	LTP267	ltpFR	7	8	1	GAZELLE	628	1	n/a	1	n/a	0	0	0	n/a	n/a	n/a	n/a	n/a
5269.878	n/a	RECOG_CONF	2634939	n/a	LTP267	ltpFR	7	8	1	GAZELLE	628	n/a	3	1	n/a	0	0	0	n/a	n/a	n/a	n/a	n/a
5271.442	n/a	RECOG_LURE	2635721	n/a	LTP267	ltpFR	7	8	n/a	CLARINET	317	0	4	n/a	n/a	0	0	0	n/a	n/a	n/a	n/a	n/a
5272.362	n/a	RECOG_RESP	2636181	n/a	LTP267	ltpFR	7	8	n/a	CLARINET	317	0	n/a	n/a	n/a	0	0	0	n/a	n/a	n/a	n/a	n/a
5272.648	n/a	RECOG_CONF	2636324	n/a	LTP267	ltpFR	7	8	n/a	CLARINET	317	n/a	4	n/a	n/a	0	0	0	n/a	n/a	n/a	n/a	n/a
5274.388	n/a	RECOG_LURE	2637194	n/a	LTP267	ltpFR	7	8	n/a	BASKET	95	0	3	n/a	n/a	0	0	0	n/a	n/a	n/a	n/a	n/a
5275.022	n/a	RECOG_RESP	2637511	n/a	LTP267	ltpFR	7	8	n/a	BASKET	95	0	n/a	n/a	n/a	0	0	0	n/a	n/a	n/a	n/a	n/a
5275.298	n/a	RECOG_CONF	2637649	n/a	LTP267	ltpFR	7	8	n/a	BASKET	95	n/a	3	n/a	n/a	0	0	0	n/a	n/a	n/a	n/a	n/a
5277.426	n/a	RECOG_TARGET	2638713	n/a	LTP267	ltpFR	7	8	0	TROUT	1511	1	5	0	n/a	0	0	0	n/a	n/a	n/a	n/a	n/a
5277.968	n/a	RECOG_RESP	2638984	n/a	LTP267	ltpFR	7	8	0	TROUT	1511	1	n/a	0	n/a	0	0	0	n/a	n/a	n/a	n/a	n/a
5278.128	n/a	RECOG_CONF	2639064	n/a	LTP267	ltpFR	7	8	0	TROUT	1511	n/a	5	0	n/a	0	0	0	n/a	n/a	n/a	n/a	n/a
5279.942	n/a	RECOG_TARGET	2639971	n/a	LTP267	ltpFR	7	8	1	BATH	98	1	4	0	n/a	0	0	0	n/a	n/a	n/a	n/a	n/a
5280.368	n/a	RECOG_RESP	2640184	n/a	LTP267	ltpFR	7	8	1	BATH	98	1	n/a	0	n/a	0	0	0	n/a	n/a	n/a	n/a	n/a
5280.708	n/a	RECOG_CONF	2640354	n/a	LTP267	ltpFR	7	8	1	BATH	98	n/a	4	0	n/a	0	0	0	n/a	n/a	n/a	n/a	n/a
5287.304	n/a	REC_START	2643652	n/a	LTP267	ltpFR	7	9	n/a	n/a	n/a	n/a	n/a	n/a	n/a	0	0	0	n/a	n/a	n/a	n/a	n/a
5287.354	n/a	RECOG_TARGET	2643677	n/a	LTP267	ltpFR	7	9	1	JEEP	753	1	5	1	n/a	0	0	0	n/a	n/a	n/a	n/a	n/a
5287.978	n/a	RECOG_RESP	2643989	n/a	LTP267	ltpFR	7	9	1	JEEP	753	1	n/a	1	n/a	0	0	0	n/a	n/a	n/a	n/a	n/a
5288.294	n/a	RECOG_CONF	2644147	n/a	LTP267	ltpFR	7	9	1	JEEP	753	n/a	5	1	n/a	0	0	0	n/a	n/a	n/a	n/a	n/a
5290.148	n/a	RECOG_LURE	2645074	n/a	LTP267	ltpFR	7	9	n/a	COIN	343	1	3	n/a	n/a	0	0	0	n/a	n/a	n/a	n/a	n/a
5290.524	n/a	RECOG_RESP	2645262	n/a	LTP267	ltpFR	7	9	n/a	COIN	343	1	n/a	n/a	n/a	0	0	0	n/a	n/a	n/a	n/a	n/a
5290.864	n/a	RECOG_CONF	2645432	n/a	LTP267	ltpFR	7	9	n/a	COIN	343	n/a	3	n/a	n/a	0	0	0	n/a	n/a	n/a	n/a	n/a
5292.77	n/a	RECOG_TARGET	2646385	n/a	LTP267	ltpFR	7	9	0	PROFESSIONAL	1130	1	5	1	n/a	0	0	0	n/a	n/a	n/a	n/a	n/a
5293.268	n/a	RECOG_RESP	2646634	n/a	LTP267	ltpFR	7	9	0	PROFESSIONAL	1130	1	n/a	1	n/a	0	0	0	n/a	n/a	n/a	n/a	n/a
5293.604	n/a	RECOG_CONF	2646802	n/a	LTP267	ltpFR	7	9	0	PROFESSIONAL	1130	n/a	5	1	n/a	0	0	0	n/a	n/a	n/a	n/a	n/a
5295.328	n/a	RECOG_TARGET	2647664	n/a	LTP267	ltpFR	7	9	0	BARK	87	1	5	0	n/a	0	0	0	n/a	n/a	n/a	n/a	n/a
5295.788	n/a	RECOG_RESP	2647894	n/a	LTP267	ltpFR	7	9	0	BARK	87	1	n/a	0	n/a	0	0	0	n/a	n/a	n/a	n/a	n/a
5296.094	n/a	RECOG_CONF	2648047	n/a	LTP267	ltpFR	7	9	0	BARK	87	n/a	5	0	n/a	0	0	0	n/a	n/a	n/a	n/a	n/a
5297.688	n/a	RECOG_TARGET	2648844	n/a	LTP267	ltpFR	7	9	1	OUTLAW	989	1	2	1	n/a	0	0	0	n/a	n/a	n/a	n/a	n/a
5298.018	n/a	RECOG_RESP	2649009	n/a	LTP267	ltpFR	7	9	1	OUTLAW	989	1	n/a	1	n/a	0	0	0	n/a	n/a	n/a	n/a	n/a
5298.294	n/a	RECOG_CONF	2649147	n/a	LTP267	ltpFR	7	9	1	OUTLAW	989	n/a	2	1	n/a	0	0	0	n/a	n/a	n/a	n/a	n/a
5299.9	n/a	RECOG_LURE	2649950	n/a	LTP267	ltpFR	7	9	n/a	GROCERY	664	1	2	n/a	n/a	0	0	0	n/a	n/a	n/a	n/a	n/a
5299.954	n/a	RECOG_RESP	2649977	n/a	LTP267	ltpFR	7	9	n/a	GROCERY	664	1	n/a	n/a	n/a	0	0	0	n/a	n/a	n/a	n/a	n/a
5300.244	n/a	RECOG_CONF	2650122	n/a	LTP267	ltpFR	7	9	n/a	GROCERY	664	n/a	2	n/a	n/a	0	0	0	n/a	n/a	n/a	n/a	n/a
5301.87	n/a	RECOG_TARGET	2650935	n/a	LTP267	ltpFR	7	9	0	MEADOW	881	1	5	1	n/a	0	0	0	n/a	n/a	n/a	n/a	n/a
5302.11	n/a	RECOG_RESP	2651055	n/a	LTP267	ltpFR	7	9	0	MEADOW	881	1	n/a	1	n/a	0	0	0	n/a	n/a	n/a	n/a	n/a
5302.414	n/a	RECOG_CONF	2651207	n/a	LTP267	ltpFR	7	9	0	MEADOW	881	n/a	5	1	n/a	0	0	0	n/a	n/a	n/a	n/a	n/a
5304.018	n/a	RECOG_TARGET	2652009	n/a	LTP267	ltpFR	7	9	0	REEF	1177	1	5	0	n/a	0	0	0	n/a	n/a	n/a	n/a	n/a
5304.064	n/a	RECOG_RESP	2652032	n/a	LTP267	ltpFR	7	9	0	REEF	1177	1	n/a	0	n/a	0	0	0	n/a	n/a	n/a	n/a	n/a
5304.334	n/a	RECOG_CONF	2652167	n/a	LTP267	ltpFR	7	9	0	REEF	1177	n/a	5	0	n/a	0	0	0	n/a	n/a	n/a	n/a	n/a
5306.292	n/a	RECOG_TARGET	2653146	n/a	LTP267	ltpFR	7	9	1	CHEMIST	292	1	3	1	n/a	0	0	0	n/a	n/a	n/a	n/a	n/a
5306.564	n/a	RECOG_RESP	2653282	n/a	LTP267	ltpFR	7	9	1	CHEMIST	292	1	n/a	1	n/a	0	0	0	n/a	n/a	n/a	n/a	n/a
5306.844	n/a	RECOG_CONF	2653422	n/a	LTP267	ltpFR	7	9	1	CHEMIST	292	n/a	3	1	n/a	0	0	0	n/a	n/a	n/a	n/a	n/a
5308.518	n/a	RECOG_LURE	2654259	n/a	LTP267	ltpFR	7	9	n/a	DICTATOR	462	1	2	n/a	n/a	0	0	0	n/a	n/a	n/a	n/a	n/a
5308.564	n/a	RECOG_RESP	2654282	n/a	LTP267	ltpFR	7	9	n/a	DICTATOR	462	1	n/a	n/a	n/a	0	0	0	n/a	n/a	n/a	n/a	n/a
5308.854	n/a	RECOG_CONF	2654427	n/a	LTP267	ltpFR	7	9	n/a	DICTATOR	462	n/a	2	n/a	n/a	0	0	0	n/a	n/a	n/a	n/a	n/a
5310.454	n/a	RECOG_TARGET	2655227	n/a	LTP267	ltpFR	7	9	1	INVENTOR	743	0	3	1	n/a	0	0	0	n/a	n/a	n/a	n/a	n/a
5310.74	n/a	RECOG_RESP	2655370	n/a	LTP267	ltpFR	7	9	1	INVENTOR	743	0	n/a	1	n/a	0	0	0	n/a	n/a	n/a	n/a	n/a
5310.944	n/a	RECOG_CONF	2655472	n/a	LTP267	ltpFR	7	9	1	INVENTOR	743	n/a	3	1	n/a	0	0	0	n/a	n/a	n/a	n/a	n/a
5312.644	n/a	RECOG_TARGET	2656322	n/a	LTP267	ltpFR	7	9	1	BRACELET	163	0	4	1	n/a	0	0	0	n/a	n/a	n/a	n/a	n/a
5312.904	n/a	RECOG_RESP	2656452	n/a	LTP267	ltpFR	7	9	1	BRACELET	163	0	n/a	1	n/a	0	0	0	n/a	n/a	n/a	n/a	n/a
5313.064	n/a	RECOG_CONF	2656532	n/a	LTP267	ltpFR	7	9	1	BRACELET	163	n/a	4	1	n/a	0	0	0	n/a	n/a	n/a	n/a	n/a
5314.942	n/a	RECOG_LURE	2657471	n/a	LTP267	ltpFR	7	9	n/a	BAND	78	1	5	n/a	n/a	0	0	0	n/a	n/a	n/a	n/a	n/a
5315.024	n/a	RECOG_RESP	2657512	n/a	LTP267	ltpFR	7	9	n/a	BAND	78	1	n/a	n/a	n/a	0	0	0	n/a	n/a	n/a	n/a	n/a
5315.334	n/a	RECOG_CONF	2657667	n/a	LTP267	ltpFR	7	9	n/a	BAND	78	n/a	5	n/a	n/a	0	0	0	n/a	n/a	n/a	n/a	n/a
5317.05	n/a	RECOG_LURE	2658525	n/a	LTP267	ltpFR	7	9	n/a	FREEWAY	603	1	3	n/a	n/a	0	0	0	n/a	n/a	n/a	n/a	n/a
5317.21	n/a	RECOG_RESP	2658605	n/a	LTP267	ltpFR	7	9	n/a	FREEWAY	603	1	n/a	n/a	n/a	0	0	0	n/a	n/a	n/a	n/a	n/a
5317.464	n/a	RECOG_CONF	2658732	n/a	LTP267	ltpFR	7	9	n/a	FREEWAY	603	n/a	3	n/a	n/a	0	0	0	n/a	n/a	n/a	n/a	n/a
5319.108	n/a	RECOG_TARGET	2659554	n/a	LTP267	ltpFR	7	9	1	TAR	1435	0	5	0	n/a	0	0	0	n/a	n/a	n/a	n/a	n/a
5319.38	n/a	RECOG_RESP	2659690	n/a	LTP267	ltpFR	7	9	1	TAR	1435	0	n/a	0	n/a	0	0	0	n/a	n/a	n/a	n/a	n/a
5320.026	n/a	RECOG_CONF	2660013	n/a	LTP267	ltpFR	7	9	1	TAR	1435	n/a	5	0	n/a	0	0	0	n/a	n/a	n/a	n/a	n/a
5321.636	n/a	RECOG_TARGET	2660818	n/a	LTP267	ltpFR	7	9	0	BROOK	177	1	3	0	n/a	0	0	0	n/a	n/a	n/a	n/a	n/a
5321.726	n/a	RECOG_RESP	2660863	n/a	LTP267	ltpFR	7	9	0	BROOK	177	1	n/a	0	n/a	0	0	0	n/a	n/a	n/a	n/a	n/a
5322.086	n/a	RECOG_CONF	2661043	n/a	LTP267	ltpFR	7	9	0	BROOK	177	n/a	3	0	n/a	0	0	0	n/a	n/a	n/a	n/a	n/a
5323.76	n/a	RECOG_TARGET	2661880	n/a	LTP267	ltpFR	7	9	0	PATRIOT	1026	1	2	1	n/a	0	0	0	n/a	n/a	n/a	n/a	n/a
5324.04	n/a	RECOG_RESP	2662020	n/a	LTP267	ltpFR	7	9	0	PATRIOT	1026	1	n/a	1	n/a	0	0	0	n/a	n/a	n/a	n/a	n/a
5324.316	n/a	RECOG_CONF	2662158	n/a	LTP267	ltpFR	7	9	0	PATRIOT	1026	n/a	2	1	n/a	0	0	0	n/a	n/a	n/a	n/a	n/a
5325.866	n/a	RECOG_TARGET	2662933	n/a	LTP267	ltpFR	7	9	1	VEIN	1554	1	1	0	n/a	0	0	0	n/a	n/a	n/a	n/a	n/a
5326.12	n/a	RECOG_RESP	2663060	n/a	LTP267	ltpFR	7	9	1	VEIN	1554	1	n/a	0	n/a	0	0	0	n/a	n/a	n/a	n/a	n/a
5326.406	n/a	RECOG_CONF	2663203	n/a	LTP267	ltpFR	7	9	1	VEIN	1554	n/a	1	0	n/a	0	0	0	n/a	n/a	n/a	n/a	n/a
5328.126	n/a	RECOG_TARGET	2664063	n/a	LTP267	ltpFR	7	9	1	BUILDER	190	1	3	1	n/a	0	0	0	n/a	n/a	n/a	n/a	n/a
5328.32	n/a	RECOG_RESP	2664160	n/a	LTP267	ltpFR	7	9	1	BUILDER	190	1	n/a	1	n/a	0	0	0	n/a	n/a	n/a	n/a	n/a
5328.666	n/a	RECOG_CONF	2664333	n/a	LTP267	ltpFR	7	9	1	BUILDER	190	n/a	3	1	n/a	0	0	0	n/a	n/a	n/a	n/a	n/a
5330.362	n/a	RECOG_LURE	2665181	n/a	LTP267	ltpFR	7	9	n/a	MILDEW	893	1	4	n/a	n/a	0	0	0	n/a	n/a	n/a	n/a	n/a
5330.526	n/a	RECOG_RESP	2665263	n/a	LTP267	ltpFR	7	9	n/a	MILDEW	893	1	n/a	n/a	n/a	0	0	0	n/a	n/a	n/a	n/a	n/a
5330.806	n/a	RECOG_CONF	2665403	n/a	LTP267	ltpFR	7	9	n/a	MILDEW	893	n/a	4	n/a	n/a	0	0	0	n/a	n/a	n/a	n/a	n/a
5334.376	n/a	REC_START	2667188	n/a	LTP267	ltpFR	7	10	n/a	n/a	n/a	n/a	n/a	n/a	n/a	0	0	0	n/a	n/a	n/a	n/a	n/a
5334.428	n/a	RECOG_TARGET	2667214	n/a	LTP267	ltpFR	7	10	1	CEILING	265	1	2	0	n/a	0	0	0	n/a	n/a	n/a	n/a	n/a
5334.846	n/a	RECOG_RESP	2667423	n/a	LTP267	ltpFR	7	10	1	CEILING	265	1	n/a	0	n/a	0	0	0	n/a	n/a	n/a	n/a	n/a
5335.156	n/a	RECOG_CONF	2667578	n/a	LTP267	ltpFR	7	10	1	CEILING	265	n/a	2	0	n/a	0	0	0	n/a	n/a	n/a	n/a	n/a
5336.836	n/a	RECOG_TARGET	2668418	n/a	LTP267	ltpFR	7	10	0	BIOLOGIST	128	1	3	1	n/a	0	0	0	n/a	n/a	n/a	n/a	n/a
5336.906	n/a	RECOG_RESP	2668453	n/a	LTP267	ltpFR	7	10	0	BIOLOGIST	128	1	n/a	1	n/a	0	0	0	n/a	n/a	n/a	n/a	n/a
5337.186	n/a	RECOG_CONF	2668593	n/a	LTP267	ltpFR	7	10	0	BIOLOGIST	128	n/a	3	1	n/a	0	0	0	n/a	n/a	n/a	n/a	n/a
5338.816	n/a	RECOG_LURE	2669408	n/a	LTP267	ltpFR	7	10	n/a	HAT	690	1	2	n/a	n/a	0	0	0	n/a	n/a	n/a	n/a	n/a
5339.002	n/a	RECOG_RESP	2669501	n/a	LTP267	ltpFR	7	10	n/a	HAT	690	1	n/a	n/a	n/a	0	0	0	n/a	n/a	n/a	n/a	n/a
5339.276	n/a	RECOG_CONF	2669638	n/a	LTP267	ltpFR	7	10	n/a	HAT	690	n/a	2	n/a	n/a	0	0	0	n/a	n/a	n/a	n/a	n/a
5340.992	n/a	RECOG_LURE	2670496	n/a	LTP267	ltpFR	7	10	n/a	CLOCK	325	0	1	n/a	n/a	0	0	0	n/a	n/a	n/a	n/a	n/a
5341.256	n/a	RECOG_RESP	2670628	n/a	LTP267	ltpFR	7	10	n/a	CLOCK	325	0	n/a	n/a	n/a	0	0	0	n/a	n/a	n/a	n/a	n/a
5341.526	n/a	RECOG_CONF	2670763	n/a	LTP267	ltpFR	7	10	n/a	CLOCK	325	n/a	1	n/a	n/a	0	0	0	n/a	n/a	n/a	n/a	n/a
5343.2	n/a	RECOG_LURE	2671600	n/a	LTP267	ltpFR	7	10	n/a	PRUNE	1134	0	3	n/a	n/a	0	0	0	n/a	n/a	n/a	n/a	n/a
5343.496	n/a	RECOG_RESP	2671748	n/a	LTP267	ltpFR	7	10	n/a	PRUNE	1134	0	n/a	n/a	n/a	0	0	0	n/a	n/a	n/a	n/a	n/a
5343.676	n/a	RECOG_CONF	2671838	n/a	LTP267	ltpFR	7	10	n/a	PRUNE	1134	n/a	3	n/a	n/a	0	0	0	n/a	n/a	n/a	n/a	n/a
5345.504	n/a	RECOG_LURE	2672752	n/a	LTP267	ltpFR	7	10	n/a	MANSION	864	0	2	n/a	n/a	0	0	0	n/a	n/a	n/a	n/a	n/a
5345.576	n/a	RECOG_RESP	2672788	n/a	LTP267	ltpFR	7	10	n/a	MANSION	864	0	n/a	n/a	n/a	0	0	0	n/a	n/a	n/a	n/a	n/a
5345.786	n/a	RECOG_CONF	2672893	n/a	LTP267	ltpFR	7	10	n/a	MANSION	864	n/a	2	n/a	n/a	0	0	0	n/a	n/a	n/a	n/a	n/a
5347.528	n/a	RECOG_TARGET	2673764	n/a	LTP267	ltpFR	7	10	0	MINK	897	0	3	0	n/a	0	0	0	n/a	n/a	n/a	n/a	n/a
5347.752	n/a	RECOG_RESP	2673876	n/a	LTP267	ltpFR	7	10	0	MINK	897	0	n/a	0	n/a	0	0	0	n/a	n/a	n/a	n/a	n/a
5347.956	n/a	RECOG_CONF	2673978	n/a	LTP267	ltpFR	7	10	0	MINK	897	n/a	3	0	n/a	0	0	0	n/a	n/a	n/a	n/a	n/a
5349.624	n/a	RECOG_TARGET	2674812	n/a	LTP267	ltpFR	7	10	0	THUMB	1462	1	2	0	n/a	0	0	0	n/a	n/a	n/a	n/a	n/a
5349.922	n/a	RECOG_RESP	2674961	n/a	LTP267	ltpFR	7	10	0	THUMB	1462	1	n/a	0	n/a	0	0	0	n/a	n/a	n/a	n/a	n/a
5350.196	n/a	RECOG_CONF	2675098	n/a	LTP267	ltpFR	7	10	0	THUMB	1462	n/a	2	0	n/a	0	0	0	n/a	n/a	n/a	n/a	n/a
5351.894	n/a	RECOG_LURE	2675947	n/a	LTP267	ltpFR	7	10	n/a	RULER	1216	1	4	n/a	n/a	0	0	0	n/a	n/a	n/a	n/a	n/a
5352.022	n/a	RECOG_RESP	2676011	n/a	LTP267	ltpFR	7	10	n/a	RULER	1216	1	n/a	n/a	n/a	0	0	0	n/a	n/a	n/a	n/a	n/a
5352.306	n/a	RECOG_CONF	2676153	n/a	LTP267	ltpFR	7	10	n/a	RULER	1216	n/a	4	n/a	n/a	0	0	0	n/a	n/a	n/a	n/a	n/a
5353.97	n/a	RECOG_TARGET	2676985	n/a	LTP267	ltpFR	7	10	1	BANKER	84	1	3	1	n/a	0	0	0	n/a	n/a	n/a	n/a	n/a
5354.316	n/a	RECOG_RESP	2677158	n/a	LTP267	ltpFR	7	10	1	BANKER	84	1	n/a	1	n/a	0	0	0	n/a	n/a	n/a	n/a	n/a
5354.596	n/a	RECOG_CONF	2677298	n/a	LTP267	ltpFR	7	10	1	BANKER	84	n/a	3	1	n/a	0	0	0	n/a	n/a	n/a	n/a	n/a
5356.128	n/a	RECOG_TARGET	2678064	n/a	LTP267	ltpFR	7	10	1	WALL	1582	0	2	1	n/a	0	0	0	n/a	n/a	n/a	n/a	n/a
5356.416	n/a	RECOG_RESP	2678208	n/a	LTP267	ltpFR	7	10	1	WALL	1582	0	n/a	1	n/a	0	0	0	n/a	n/a	n/a	n/a	n/a
5356.656	n/a	RECOG_CONF	2678328	n/a	LTP267	ltpFR	7	10	1	WALL	1582	n/a	2	1	n/a	0	0	0	n/a	n/a	n/a	n/a	n/a
5358.442	n/a	RECOG_TARGET	2679221	n/a	LTP267	ltpFR	7	10	0	DISH	474	1	4	0	n/a	0	0	0	n/a	n/a	n/a	n/a	n/a
5358.538	n/a	RECOG_RESP	2679269	n/a	LTP267	ltpFR	7	10	0	DISH	474	1	n/a	0	n/a	0	0	0	n/a	n/a	n/a	n/a	n/a
5358.868	n/a	RECOG_CONF	2679434	n/a	LTP267	ltpFR	7	10	0	DISH	474	n/a	4	0	n/a	0	0	0	n/a	n/a	n/a	n/a	n/a
5360.534	n/a	RECOG_TARGET	2680267	n/a	LTP267	ltpFR	7	10	0	ARENA	37	1	3	1	n/a	0	0	0	n/a	n/a	n/a	n/a	n/a
5360.738	n/a	RECOG_RESP	2680369	n/a	LTP267	ltpFR	7	10	0	ARENA	37	1	n/a	1	n/a	0	0	0	n/a	n/a	n/a	n/a	n/a
5361.048	n/a	RECOG_CONF	2680524	n/a	LTP267	ltpFR	7	10	0	ARENA	37	n/a	3	1	n/a	0	0	0	n/a	n/a	n/a	n/a	n/a
5362.692	n/a	RECOG_TARGET	2681346	n/a	LTP267	ltpFR	7	10	0	FIREMAN	569	1	4	1	n/a	0	0	0	n/a	n/a	n/a	n/a	n/a
5362.898	n/a	RECOG_RESP	2681449	n/a	LTP267	ltpFR	7	10	0	FIREMAN	569	1	n/a	1	n/a	0	0	0	n/a	n/a	n/a	n/a	n/a
5363.108	n/a	RECOG_CONF	2681554	n/a	LTP267	ltpFR	7	10	0	FIREMAN	569	n/a	4	1	n/a	0	0	0	n/a	n/a	n/a	n/a	n/a
5364.882	n/a	RECOG_TARGET	2682441	n/a	LTP267	ltpFR	7	10	0	ZIPPER	1636	1	5	0	n/a	0	0	0	n/a	n/a	n/a	n/a	n/a
5365.458	n/a	RECOG_RESP_VV	2682729	n/a	LTP267	ltpFR	7	10	0	ZIPPER	1636	0	n/a	0	n/a	0	0	0	n/a	n/a	n/a	n/a	n/a
5366.072	n/a	RECOG_RESP	2683036	n/a	LTP267	ltpFR	7	10	0	ZIPPER	1636	1	n/a	0	n/a	0	0	0	n/a	n/a	n/a	n/a	n/a
5366.712	n/a	RECOG_CONF	2683356	n/a	LTP267	ltpFR	7	10	0	ZIPPER	1636	n/a	5	0	n/a	0	0	0	n/a	n/a	n/a	n/a	n/a
5368.212	n/a	RECOG_TARGET	2684106	n/a	LTP267	ltpFR	7	10	1	SALAD	1224	1	4	0	n/a	0	0	0	n/a	n/a	n/a	n/a	n/a
5368.392	n/a	RECOG_RESP	2684196	n/a	LTP267	ltpFR	7	10	1	SALAD	1224	1	n/a	0	n/a	0	0	0	n/a	n/a	n/a	n/a	n/a
5368.708	n/a	RECOG_CONF	2684354	n/a	LTP267	ltpFR	7	10	1	SALAD	1224	n/a	4	0	n/a	0	0	0	n/a	n/a	n/a	n/a	n/a
5370.398	n/a	RECOG_TARGET	2685199	n/a	LTP267	ltpFR	7	10	1	CONDUCTOR	362	1	3	1	n/a	0	0	0	n/a	n/a	n/a	n/a	n/a
5371.078	n/a	RECOG_RESP	2685539	n/a	LTP267	ltpFR	7	10	1	CONDUCTOR	362	1	n/a	1	n/a	0	0	0	n/a	n/a	n/a	n/a	n/a
5371.358	n/a	RECOG_CONF	2685679	n/a	LTP267	ltpFR	7	10	1	CONDUCTOR	362	n/a	3	1	n/a	0	0	0	n/a	n/a	n/a	n/a	n/a
5373.092	n/a	RECOG_LURE	2686546	n/a	LTP267	ltpFR	7	10	n/a	MITTEN	902	1	2	n/a	n/a	0	0	0	n/a	n/a	n/a	n/a	n/a
5373.328	n/a	RECOG_RESP	2686664	n/a	LTP267	ltpFR	7	10	n/a	MITTEN	902	1	n/a	n/a	n/a	0	0	0	n/a	n/a	n/a	n/a	n/a
5373.608	n/a	RECOG_CONF	2686804	n/a	LTP267	ltpFR	7	10	n/a	MITTEN	902	n/a	2	n/a	n/a	0	0	0	n/a	n/a	n/a	n/a	n/a
5375.19	n/a	RECOG_TARGET	2687595	n/a	LTP267	ltpFR	7	10	0	GLUE	643	0	1	0	n/a	0	0	0	n/a	n/a	n/a	n/a	n/a
5375.548	n/a	RECOG_RESP	2687774	n/a	LTP267	ltpFR	7	10	0	GLUE	643	0	n/a	0	n/a	0	0	0	n/a	n/a	n/a	n/a	n/a
5375.778	n/a	RECOG_CONF	2687889	n/a	LTP267	ltpFR	7	10	0	GLUE	643	n/a	1	0	n/a	0	0	0	n/a	n/a	n/a	n/a	n/a
5377.432	n/a	RECOG_TARGET	2688716	n/a	LTP267	ltpFR	7	10	0	OCEAN	970	0	1	1	n/a	0	0	0	n/a	n/a	n/a	n/a	n/a
5377.684	n/a	RECOG_RESP	2688842	n/a	LTP267	ltpFR	7	10	0	OCEAN	970	0	n/a	1	n/a	0	0	0	n/a	n/a	n/a	n/a	n/a
5377.928	n/a	RECOG_CONF	2688964	n/a	LTP267	ltpFR	7	10	0	OCEAN	970	n/a	1	1	n/a	0	0	0	n/a	n/a	n/a	n/a	n/a
5381.31	n/a	REC_START	2690655	n/a	LTP267	ltpFR	7	11	n/a	n/a	n/a	n/a	n/a	n/a	n/a	0	0	0	n/a	n/a	n/a	n/a	n/a
5381.364	n/a	RECOG_TARGET	2690682	n/a	LTP267	ltpFR	7	11	0	SLEEVE	1324	0	1	0	n/a	0	0	0	n/a	n/a	n/a	n/a	n/a
5382.09	n/a	RECOG_RESP	2691045	n/a	LTP267	ltpFR	7	11	0	SLEEVE	1324	0	n/a	0	n/a	0	0	0	n/a	n/a	n/a	n/a	n/a
5382.33	n/a	RECOG_CONF	2691165	n/a	LTP267	ltpFR	7	11	0	SLEEVE	1324	n/a	1	0	n/a	0	0	0	n/a	n/a	n/a	n/a	n/a
5384.04	n/a	RECOG_TARGET	2692020	n/a	LTP267	ltpFR	7	11	0	TICK	1463	1	3	0	n/a	0	0	0	n/a	n/a	n/a	n/a	n/a
5384.134	n/a	RECOG_RESP	2692067	n/a	LTP267	ltpFR	7	11	0	TICK	1463	1	n/a	0	n/a	0	0	0	n/a	n/a	n/a	n/a	n/a
5384.5	n/a	RECOG_CONF	2692250	n/a	LTP267	ltpFR	7	11	0	TICK	1463	n/a	3	0	n/a	0	0	0	n/a	n/a	n/a	n/a	n/a
5385.998	n/a	RECOG_TARGET	2692999	n/a	LTP267	ltpFR	7	11	0	DRYER	503	1	3	1	n/a	0	0	0	n/a	n/a	n/a	n/a	n/a
5386.284	n/a	RECOG_RESP	2693142	n/a	LTP267	ltpFR	7	11	0	DRYER	503	1	n/a	1	n/a	0	0	0	n/a	n/a	n/a	n/a	n/a
5386.58	n/a	RECOG_CONF	2693290	n/a	LTP267	ltpFR	7	11	0	DRYER	503	n/a	3	1	n/a	0	0	0	n/a	n/a	n/a	n/a	n/a
5388.072	n/a	RECOG_LURE	2694036	n/a	LTP267	ltpFR	7	11	n/a	BABY	64	1	2	n/a	n/a	0	0	0	n/a	n/a	n/a	n/a	n/a
5388.29	n/a	RECOG_RESP	2694145	n/a	LTP267	ltpFR	7	11	n/a	BABY	64	1	n/a	n/a	n/a	0	0	0	n/a	n/a	n/a	n/a	n/a
5388.66	n/a	RECOG_CONF	2694330	n/a	LTP267	ltpFR	7	11	n/a	BABY	64	n/a	2	n/a	n/a	0	0	0	n/a	n/a	n/a	n/a	n/a
5390.214	n/a	RECOG_TARGET	2695107	n/a	LTP267	ltpFR	7	11	1	TILE	1468	1	2	0	n/a	0	0	0	n/a	n/a	n/a	n/a	n/a
5390.504	n/a	RECOG_RESP	2695252	n/a	LTP267	ltpFR	7	11	1	TILE	1468	1	n/a	0	n/a	0	0	0	n/a	n/a	n/a	n/a	n/a
5390.82	n/a	RECOG_CONF	2695410	n/a	LTP267	ltpFR	7	11	1	TILE	1468	n/a	2	0	n/a	0	0	0	n/a	n/a	n/a	n/a	n/a
5392.204	n/a	RECOG_LURE	2696102	n/a	LTP267	ltpFR	7	11	n/a	LAVA	804	0	4	n/a	n/a	0	0	0	n/a	n/a	n/a	n/a	n/a
5394.73	n/a	RECOG_RESP	2697365	n/a	LTP267	ltpFR	7	11	n/a	LAVA	804	0	n/a	n/a	n/a	0	0	0	n/a	n/a	n/a	n/a	n/a
5395.12	n/a	RECOG_CONF	2697560	n/a	LTP267	ltpFR	7	11	n/a	LAVA	804	n/a	4	n/a	n/a	0	0	0	n/a	n/a	n/a	n/a	n/a
5397.002	n/a	RECOG_TARGET	2698501	n/a	LTP267	ltpFR	7	11	0	BOARD	143	0	2	1	n/a	0	0	0	n/a	n/a	n/a	n/a	n/a
5397.216	n/a	RECOG_RESP	2698608	n/a	LTP267	ltpFR	7	11	0	BOARD	143	0	n/a	1	n/a	0	0	0	n/a	n/a	n/a	n/a	n/a
5397.52	n/a	RECOG_CONF	2698760	n/a	LTP267	ltpFR	7	11	0	BOARD	143	n/a	2	1	n/a	0	0	0	n/a	n/a	n/a	n/a	n/a
5399.266	n/a	RECOG_LURE	2699633	n/a	LTP267	ltpFR	7	11	n/a	VELVET	1555	1	3	n/a	n/a	0	0	0	n/a	n/a	n/a	n/a	n/a
5399.44	n/a	RECOG_RESP	2699720	n/a	LTP267	ltpFR	7	11	n/a	VELVET	1555	1	n/a	n/a	n/a	0	0	0	n/a	n/a	n/a	n/a	n/a
5399.77	n/a	RECOG_CONF	2699885	n/a	LTP267	ltpFR	7	11	n/a	VELVET	1555	n/a	3	n/a	n/a	0	0	0	n/a	n/a	n/a	n/a	n/a
5401.34	n/a	RECOG_TARGET	2700670	n/a	LTP267	ltpFR	7	11	1	TENT	1449	1	2	0	n/a	0	0	0	n/a	n/a	n/a	n/a	n/a
5401.58	n/a	RECOG_RESP	2700790	n/a	LTP267	ltpFR	7	11	1	TENT	1449	1	n/a	0	n/a	0	0	0	n/a	n/a	n/a	n/a	n/a
5401.9	n/a	RECOG_CONF	2700950	n/a	LTP267	ltpFR	7	11	1	TENT	1449	n/a	2	0	n/a	0	0	0	n/a	n/a	n/a	n/a	n/a
5403.61	n/a	RECOG_TARGET	2701805	n/a	LTP267	ltpFR	7	11	1	RECEIPT	1173	1	1	0	n/a	0	0	0	n/a	n/a	n/a	n/a	n/a
5403.62	n/a	RECOG_RESP	2701810	n/a	LTP267	ltpFR	7	11	1	RECEIPT	1173	1	n/a	0	n/a	0	0	0	n/a	n/a	n/a	n/a	n/a
5404.01	n/a	RECOG_CONF	2702005	n/a	LTP267	ltpFR	7	11	1	RECEIPT	1173	n/a	1	0	n/a	0	0	0	n/a	n/a	n/a	n/a	n/a
5405.722	n/a	RECOG_LURE	2702861	n/a	LTP267	ltpFR	7	11	n/a	SHUTTER	1300	n/a	4	n/a	n/a	0	0	0	n/a	n/a	n/a	n/a	n/a
5406.01	n/a	RECOG_CONF	2703005	n/a	LTP267	ltpFR	7	11	n/a	SHUTTER	1300	n/a	4	n/a	n/a	0	0	0	n/a	n/a	n/a	n/a	n/a
5407.864	n/a	RECOG_TARGET	2703932	n/a	LTP267	ltpFR	7	11	0	ROOSTER	1209	1	2	1	n/a	0	0	0	n/a	n/a	n/a	n/a	n/a
5407.99	n/a	RECOG_RESP	2703995	n/a	LTP267	ltpFR	7	11	0	ROOSTER	1209	1	n/a	1	n/a	0	0	0	n/a	n/a	n/a	n/a	n/a
5408.26	n/a	RECOG_CONF	2704130	n/a	LTP267	ltpFR	7	11	0	ROOSTER	1209	n/a	2	1	n/a	0	0	0	n/a	n/a	n/a	n/a	n/a
5410.0	n/a	RECOG_TARGET	2705000	n/a	LTP267	ltpFR	7	11	0	JEANS	752	n/a	1	1	n/a	0	0	0	n/a	n/a	n/a	n/a	n/a
5410.25	n/a	RECOG_CONF	2705125	n/a	LTP267	ltpFR	7	11	0	JEANS	752	n/a	1	1	n/a	0	0	0	n/a	n/a	n/a	n/a	n/a
5411.912	n/a	RECOG_LURE	2705956	n/a	LTP267	ltpFR	7	11	n/a	PELT	1040	1	3	n/a	n/a	0	0	0	n/a	n/a	n/a	n/a	n/a
5411.966	n/a	RECOG_RESP	2705983	n/a	LTP267	ltpFR	7	11	n/a	PELT	1040	1	n/a	n/a	n/a	0	0	0	n/a	n/a	n/a	n/a	n/a
5412.25	n/a	RECOG_CONF	2706125	n/a	LTP267	ltpFR	7	11	n/a	PELT	1040	n/a	3	n/a	n/a	0	0	0	n/a	n/a	n/a	n/a	n/a
5413.87	n/a	RECOG_LURE	2706935	n/a	LTP267	ltpFR	7	11	n/a	LABYRINTH	791	n/a	2	n/a	n/a	0	0	0	n/a	n/a	n/a	n/a	n/a
5414.13	n/a	RECOG_CONF	2707065	n/a	LTP267	ltpFR	7	11	n/a	LABYRINTH	791	n/a	2	n/a	n/a	0	0	0	n/a	n/a	n/a	n/a	n/a
5415.81	n/a	RECOG_LURE	2707905	n/a	LTP267	ltpFR	7	11	n/a	DOUGHNUT	490	0	1	n/a	n/a	0	0	0	n/a	n/a	n/a	n/a	n/a
5415.846	n/a	RECOG_RESP	2707923	n/a	LTP267	ltpFR	7	11	n/a	DOUGHNUT	490	0	n/a	n/a	n/a	0	0	0	n/a	n/a	n/a	n/a	n/a
5416.122	n/a	RECOG_CONF	2708061	n/a	LTP267	ltpFR	7	11	n/a	DOUGHNUT	490	n/a	1	n/a	n/a	0	0	0	n/a	n/a	n/a	n/a	n/a
5417.786	n/a	RECOG_TARGET	2708893	n/a	LTP267	ltpFR	7	11	1	SPIT	1354	0	2	1	n/a	0	0	0	n/a	n/a	n/a	n/a	n/a
5418.006	n/a	RECOG_RESP	2709003	n/a	LTP267	ltpFR	7	11	1	SPIT	1354	0	n/a	1	n/a	0	0	0	n/a	n/a	n/a	n/a	n/a
5418.252	n/a	RECOG_CONF	2709126	n/a	LTP267	ltpFR	7	11	1	SPIT	1354	n/a	2	1	n/a	0	0	0	n/a	n/a	n/a	n/a	n/a
5419.842	n/a	RECOG_LURE	2709921	n/a	LTP267	ltpFR	7	11	n/a	CITRUS	313	1	2	n/a	n/a	0	0	0	n/a	n/a	n/a	n/a	n/a
5420.082	n/a	RECOG_RESP	2710041	n/a	LTP267	ltpFR	7	11	n/a	CITRUS	313	1	n/a	n/a	n/a	0	0	0	n/a	n/a	n/a	n/a	n/a
5420.362	n/a	RECOG_CONF	2710181	n/a	LTP267	ltpFR	7	11	n/a	CITRUS	313	n/a	2	n/a	n/a	0	0	0	n/a	n/a	n/a	n/a	n/a
5422.068	n/a	RECOG_TARGET	2711034	n/a	LTP267	ltpFR	7	11	1	MONUMENT	913	0	1	1	n/a	0	0	0	n/a	n/a	n/a	n/a	n/a
5422.126	n/a	RECOG_RESP	2711063	n/a	LTP267	ltpFR	7	11	1	MONUMENT	913	0	n/a	1	n/a	0	0	0	n/a	n/a	n/a	n/a	n/a
5422.392	n/a	RECOG_CONF	2711196	n/a	LTP267	ltpFR	7	11	1	MONUMENT	913	n/a	1	1	n/a	0	0	0	n/a	n/a	n/a	n/a	n/a
5424.122	n/a	RECOG_LURE	2712061	n/a	LTP267	ltpFR	7	11	n/a	TANK	1432	0	1	n/a	n/a	0	0	0	n/a	n/a	n/a	n/a	n/a
5424.182	n/a	RECOG_RESP	2712091	n/a	LTP267	ltpFR	7	11	n/a	TANK	1432	0	n/a	n/a	n/a	0	0	0	n/a	n/a	n/a	n/a	n/a
5424.442	n/a	RECOG_CONF	2712221	n/a	LTP267	ltpFR	7	11	n/a	TANK	1432	n/a	1	n/a	n/a	0	0	0	n/a	n/a	n/a	n/a	n/a
5428.566	n/a	REC_START	2714283	n/a	LTP267	ltpFR	7	12	n/a	n/a	n/a	n/a	n/a	n/a	n/a	0	0	0	n/a	n/a	n/a	n/a	n/a
5428.61	n/a	RECOG_TARGET	2714305	n/a	LTP267	ltpFR	7	12	0	FRUIT	610	0	2	1	n/a	0	0	0	n/a	n/a	n/a	n/a	n/a
5429.23	n/a	RECOG_RESP	2714615	n/a	LTP267	ltpFR	7	12	0	FRUIT	610	0	n/a	1	n/a	0	0	0	n/a	n/a	n/a	n/a	n/a
5429.496	n/a	RECOG_CONF	2714748	n/a	LTP267	ltpFR	7	12	0	FRUIT	610	n/a	2	1	n/a	0	0	0	n/a	n/a	n/a	n/a	n/a
5431.336	n/a	RECOG_TARGET	2715668	n/a	LTP267	ltpFR	7	12	1	TORTOISE	1486	1	3	1	n/a	0	0	0	n/a	n/a	n/a	n/a	n/a
5432.026	n/a	RECOG_RESP	2716013	n/a	LTP267	ltpFR	7	12	1	TORTOISE	1486	1	n/a	1	n/a	0	0	0	n/a	n/a	n/a	n/a	n/a
5432.416	n/a	RECOG_CONF	2716208	n/a	LTP267	ltpFR	7	12	1	TORTOISE	1486	n/a	3	1	n/a	0	0	0	n/a	n/a	n/a	n/a	n/a
5434.082	n/a	RECOG_TARGET	2717041	n/a	LTP267	ltpFR	7	12	1	CAPTAIN	239	1	4	1	n/a	0	0	0	n/a	n/a	n/a	n/a	n/a
5434.262	n/a	RECOG_RESP	2717131	n/a	LTP267	ltpFR	7	12	1	CAPTAIN	239	1	n/a	1	n/a	0	0	0	n/a	n/a	n/a	n/a	n/a
5434.596	n/a	RECOG_CONF	2717298	n/a	LTP267	ltpFR	7	12	1	CAPTAIN	239	n/a	4	1	n/a	0	0	0	n/a	n/a	n/a	n/a	n/a
5436.256	n/a	RECOG_LURE	2718128	n/a	LTP267	ltpFR	7	12	n/a	EGYPT	519	1	4	n/a	n/a	0	0	0	n/a	n/a	n/a	n/a	n/a
5436.502	n/a	RECOG_RESP	2718251	n/a	LTP267	ltpFR	7	12	n/a	EGYPT	519	1	n/a	n/a	n/a	0	0	0	n/a	n/a	n/a	n/a	n/a
5436.746	n/a	RECOG_CONF	2718373	n/a	LTP267	ltpFR	7	12	n/a	EGYPT	519	n/a	4	n/a	n/a	0	0	0	n/a	n/a	n/a	n/a	n/a
5438.432	n/a	RECOG_TARGET	2719216	n/a	LTP267	ltpFR	7	12	1	COP	376	1	2	1	n/a	0	0	0	n/a	n/a	n/a	n/a	n/a
5438.692	n/a	RECOG_RESP	2719346	n/a	LTP267	ltpFR	7	12	1	COP	376	1	n/a	1	n/a	0	0	0	n/a	n/a	n/a	n/a	n/a
5439.026	n/a	RECOG_CONF	2719513	n/a	LTP267	ltpFR	7	12	1	COP	376	n/a	2	1	n/a	0	0	0	n/a	n/a	n/a	n/a	n/a
5440.674	n/a	RECOG_LURE	2720337	n/a	LTP267	ltpFR	7	12	n/a	CAT	257	1	1	n/a	n/a	0	0	0	n/a	n/a	n/a	n/a	n/a
5440.852	n/a	RECOG_RESP	2720426	n/a	LTP267	ltpFR	7	12	n/a	CAT	257	1	n/a	n/a	n/a	0	0	0	n/a	n/a	n/a	n/a	n/a
5441.176	n/a	RECOG_CONF	2720588	n/a	LTP267	ltpFR	7	12	n/a	CAT	257	n/a	1	n/a	n/a	0	0	0	n/a	n/a	n/a	n/a	n/a
5442.846	n/a	RECOG_TARGET	2721423	n/a	LTP267	ltpFR	7	12	1	ATTORNEY	58	0	1	1	n/a	0	0	0	n/a	n/a	n/a	n/a	n/a
5443.546	n/a	RECOG_RESP	2721773	n/a	LTP267	ltpFR	7	12	1	ATTORNEY	58	0	n/a	1	n/a	0	0	0	n/a	n/a	n/a	n/a	n/a
5443.846	n/a	RECOG_CONF	2721923	n/a	LTP267	ltpFR	7	12	1	ATTORNEY	58	n/a	1	1	n/a	0	0	0	n/a	n/a	n/a	n/a	n/a
5445.52	n/a	RECOG_LURE	2722760	n/a	LTP267	ltpFR	7	12	n/a	RECEPTIONIST	1174	1	3	n/a	n/a	0	0	0	n/a	n/a	n/a	n/a	n/a
5445.802	n/a	RECOG_RESP	2722901	n/a	LTP267	ltpFR	7	12	n/a	RECEPTIONIST	1174	1	n/a	n/a	n/a	0	0	0	n/a	n/a	n/a	n/a	n/a
5446.096	n/a	RECOG_CONF	2723048	n/a	LTP267	ltpFR	7	12	n/a	RECEPTIONIST	1174	n/a	3	n/a	n/a	0	0	0	n/a	n/a	n/a	n/a	n/a
5447.9	n/a	RECOG_LURE	2723950	n/a	LTP267	ltpFR	7	12	n/a	PENDULUM	1043	1	2	n/a	n/a	0	0	0	n/a	n/a	n/a	n/a	n/a
5448.136	n/a	RECOG_RESP	2724068	n/a	LTP267	ltpFR	7	12	n/a	PENDULUM	1043	1	n/a	n/a	n/a	0	0	0	n/a	n/a	n/a	n/a	n/a
5448.416	n/a	RECOG_CONF	2724208	n/a	LTP267	ltpFR	7	12	n/a	PENDULUM	1043	n/a	2	n/a	n/a	0	0	0	n/a	n/a	n/a	n/a	n/a
5450.108	n/a	RECOG_LURE	2725054	n/a	LTP267	ltpFR	7	12	n/a	POT	1114	1	5	n/a	n/a	0	0	0	n/a	n/a	n/a	n/a	n/a
5450.252	n/a	RECOG_RESP	2725126	n/a	LTP267	ltpFR	7	12	n/a	POT	1114	1	n/a	n/a	n/a	0	0	0	n/a	n/a	n/a	n/a	n/a
5450.516	n/a	RECOG_CONF	2725258	n/a	LTP267	ltpFR	7	12	n/a	POT	1114	n/a	5	n/a	n/a	0	0	0	n/a	n/a	n/a	n/a	n/a
5452.166	n/a	RECOG_LURE	2726083	n/a	LTP267	ltpFR	7	12	n/a	ATMOSPHERE	54	1	3	n/a	n/a	0	0	0	n/a	n/a	n/a	n/a	n/a
5452.442	n/a	RECOG_RESP	2726221	n/a	LTP267	ltpFR	7	12	n/a	ATMOSPHERE	54	1	n/a	n/a	n/a	0	0	0	n/a	n/a	n/a	n/a	n/a
5452.668	n/a	RECOG_CONF	2726334	n/a	LTP267	ltpFR	7	12	n/a	ATMOSPHERE	54	n/a	3	n/a	n/a	0	0	0	n/a	n/a	n/a	n/a	n/a
5454.336	n/a	RECOG_TARGET	2727168	n/a	LTP267	ltpFR	7	12	0	RICE	1190	0	5	0	n/a	0	0	0	n/a	n/a	n/a	n/a	n/a
5455.048	n/a	RECOG_RESP	2727524	n/a	LTP267	ltpFR	7	12	0	RICE	1190	0	n/a	0	n/a	0	0	0	n/a	n/a	n/a	n/a	n/a
5455.258	n/a	RECOG_CONF	2727629	n/a	LTP267	ltpFR	7	12	0	RICE	1190	n/a	5	0	n/a	0	0	0	n/a	n/a	n/a	n/a	n/a
5457.036	n/a	RECOG_TARGET	2728518	n/a	LTP267	ltpFR	7	12	0	CLOSET	326	1	3	1	n/a	0	0	0	n/a	n/a	n/a	n/a	n/a
5457.152	n/a	RECOG_RESP	2728576	n/a	LTP267	ltpFR	7	12	0	CLOSET	326	1	n/a	1	n/a	0	0	0	n/a	n/a	n/a	n/a	n/a
5457.508	n/a	RECOG_CONF	2728754	n/a	LTP267	ltpFR	7	12	0	CLOSET	326	n/a	3	1	n/a	0	0	0	n/a	n/a	n/a	n/a	n/a
5459.044	n/a	RECOG_TARGET	2729522	n/a	LTP267	ltpFR	7	12	0	SURF	1412	1	5	1	n/a	0	0	0	n/a	n/a	n/a	n/a	n/a
5459.248	n/a	RECOG_RESP	2729624	n/a	LTP267	ltpFR	7	12	0	SURF	1412	1	n/a	1	n/a	0	0	0	n/a	n/a	n/a	n/a	n/a
5459.518	n/a	RECOG_CONF	2729759	n/a	LTP267	ltpFR	7	12	0	SURF	1412	n/a	5	1	n/a	0	0	0	n/a	n/a	n/a	n/a	n/a
5461.05	n/a	RECOG_TARGET	2730525	n/a	LTP267	ltpFR	7	12	0	PUPIL	1143	1	2	1	n/a	0	0	0	n/a	n/a	n/a	n/a	n/a
5461.242	n/a	RECOG_RESP	2730621	n/a	LTP267	ltpFR	7	12	0	PUPIL	1143	1	n/a	1	n/a	0	0	0	n/a	n/a	n/a	n/a	n/a
5461.518	n/a	RECOG_CONF	2730759	n/a	LTP267	ltpFR	7	12	0	PUPIL	1143	n/a	2	1	n/a	0	0	0	n/a	n/a	n/a	n/a	n/a
5463.176	n/a	RECOG_TARGET	2731588	n/a	LTP267	ltpFR	7	12	1	CENT	270	1	5	0	n/a	0	0	0	n/a	n/a	n/a	n/a	n/a
5463.238	n/a	RECOG_RESP	2731619	n/a	LTP267	ltpFR	7	12	1	CENT	270	1	n/a	0	n/a	0	0	0	n/a	n/a	n/a	n/a	n/a
5463.538	n/a	RECOG_CONF	2731769	n/a	LTP267	ltpFR	7	12	1	CENT	270	n/a	5	0	n/a	0	0	0	n/a	n/a	n/a	n/a	n/a
5465.116	n/a	RECOG_LURE	2732558	n/a	LTP267	ltpFR	7	12	n/a	AUTOMOBILE	62	1	3	n/a	n/a	0	0	0	n/a	n/a	n/a	n/a	n/a
5465.342	n/a	RECOG_RESP	2732671	n/a	LTP267	ltpFR	7	12	n/a	AUTOMOBILE	62	1	n/a	n/a	n/a	0	0	0	n/a	n/a	n/a	n/a	n/a
5465.598	n/a	RECOG_CONF	2732799	n/a	LTP267	ltpFR	7	12	n/a	AUTOMOBILE	62	n/a	3	n/a	n/a	0	0	0	n/a	n/a	n/a	n/a	n/a
5467.308	n/a	RECOG_LURE	2733654	n/a	LTP267	ltpFR	7	12	n/a	SCARF	1246	1	4	n/a	n/a	0	0	0	n/a	n/a	n/a	n/a	n/a
5467.358	n/a	RECOG_RESP	2733679	n/a	LTP267	ltpFR	7	12	n/a	SCARF	1246	1	n/a	n/a	n/a	0	0	0	n/a	n/a	n/a	n/a	n/a
5467.628	n/a	RECOG_CONF	2733814	n/a	LTP267	ltpFR	7	12	n/a	SCARF	1246	n/a	4	n/a	n/a	0	0	0	n/a	n/a	n/a	n/a	n/a
5469.348	n/a	RECOG_TARGET	2734674	n/a	LTP267	ltpFR	7	12	1	WALRUS	1585	n/a	1	0	n/a	0	0	0	n/a	n/a	n/a	n/a	n/a
5469.648	n/a	RECOG_CONF	2734824	n/a	LTP267	ltpFR	7	12	1	WALRUS	1585	n/a	1	0	n/a	0	0	0	n/a	n/a	n/a	n/a	n/a
5471.234	n/a	RECOG_LURE	2735617	n/a	LTP267	ltpFR	7	12	n/a	COMB	351	1	3	n/a	n/a	0	0	0	n/a	n/a	n/a	n/a	n/a
5471.444	n/a	RECOG_RESP	2735722	n/a	LTP267	ltpFR	7	12	n/a	COMB	351	1	n/a	n/a	n/a	0	0	0	n/a	n/a	n/a	n/a	n/a
5471.738	n/a	RECOG_CONF	2735869	n/a	LTP267	ltpFR	7	12	n/a	COMB	351	n/a	3	n/a	n/a	0	0	0	n/a	n/a	n/a	n/a	n/a
5476.882	n/a	REC_START	2738441	n/a	LTP267	ltpFR	7	13	n/a	n/a	n/a	n/a	n/a	n/a	n/a	0	0	0	n/a	n/a	n/a	n/a	n/a
5476.928	n/a	RECOG_LURE	2738464	n/a	LTP267	ltpFR	7	13	n/a	HALL	677	1	2	n/a	n/a	0	0	0	n/a	n/a	n/a	n/a	n/a
5477.272	n/a	RECOG_RESP	2738636	n/a	LTP267	ltpFR	7	13	n/a	HALL	677	1	n/a	n/a	n/a	0	0	0	n/a	n/a	n/a	n/a	n/a
5477.512	n/a	RECOG_CONF	2738756	n/a	LTP267	ltpFR	7	13	n/a	HALL	677	n/a	2	n/a	n/a	0	0	0	n/a	n/a	n/a	n/a	n/a
5479.554	n/a	RECOG_TARGET	2739777	n/a	LTP267	ltpFR	7	13	1	DETECTIVE	454	1	3	1	n/a	0	0	0	n/a	n/a	n/a	n/a	n/a
5479.622	n/a	RECOG_RESP	2739811	n/a	LTP267	ltpFR	7	13	1	DETECTIVE	454	1	n/a	1	n/a	0	0	0	n/a	n/a	n/a	n/a	n/a
5479.932	n/a	RECOG_CONF	2739966	n/a	LTP267	ltpFR	7	13	1	DETECTIVE	454	n/a	3	1	n/a	0	0	0	n/a	n/a	n/a	n/a	n/a
5481.462	n/a	RECOG_TARGET	2740731	n/a	LTP267	ltpFR	7	13	1	GARAGE	621	1	4	1	n/a	0	0	0	n/a	n/a	n/a	n/a	n/a
5481.622	n/a	RECOG_RESP	2740811	n/a	LTP267	ltpFR	7	13	1	GARAGE	621	1	n/a	1	n/a	0	0	0	n/a	n/a	n/a	n/a	n/a
5481.892	n/a	RECOG_CONF	2740946	n/a	LTP267	ltpFR	7	13	1	GARAGE	621	n/a	4	1	n/a	0	0	0	n/a	n/a	n/a	n/a	n/a
5483.52	n/a	RECOG_LURE	2741760	n/a	LTP267	ltpFR	7	13	n/a	CASKET	255	1	5	n/a	n/a	0	0	0	n/a	n/a	n/a	n/a	n/a
5483.646	n/a	RECOG_RESP	2741823	n/a	LTP267	ltpFR	7	13	n/a	CASKET	255	1	n/a	n/a	n/a	0	0	0	n/a	n/a	n/a	n/a	n/a
5483.942	n/a	RECOG_CONF	2741971	n/a	LTP267	ltpFR	7	13	n/a	CASKET	255	n/a	5	n/a	n/a	0	0	0	n/a	n/a	n/a	n/a	n/a
5485.422	n/a	RECOG_TARGET	2742711	n/a	LTP267	ltpFR	7	13	0	JUG	762	1	3	0	n/a	0	0	0	n/a	n/a	n/a	n/a	n/a
5485.622	n/a	RECOG_RESP	2742811	n/a	LTP267	ltpFR	7	13	0	JUG	762	1	n/a	0	n/a	0	0	0	n/a	n/a	n/a	n/a	n/a
5485.872	n/a	RECOG_CONF	2742936	n/a	LTP267	ltpFR	7	13	0	JUG	762	n/a	3	0	n/a	0	0	0	n/a	n/a	n/a	n/a	n/a
5487.552	n/a	RECOG_TARGET	2743776	n/a	LTP267	ltpFR	7	13	0	TIDE	1465	1	2	0	n/a	0	0	0	n/a	n/a	n/a	n/a	n/a
5487.796	n/a	RECOG_RESP	2743898	n/a	LTP267	ltpFR	7	13	0	TIDE	1465	1	n/a	0	n/a	0	0	0	n/a	n/a	n/a	n/a	n/a
5488.062	n/a	RECOG_CONF	2744031	n/a	LTP267	ltpFR	7	13	0	TIDE	1465	n/a	2	0	n/a	0	0	0	n/a	n/a	n/a	n/a	n/a
5489.842	n/a	RECOG_LURE	2744921	n/a	LTP267	ltpFR	7	13	n/a	REBEL	1172	1	4	n/a	n/a	0	0	0	n/a	n/a	n/a	n/a	n/a
5489.996	n/a	RECOG_RESP	2744998	n/a	LTP267	ltpFR	7	13	n/a	REBEL	1172	1	n/a	n/a	n/a	0	0	0	n/a	n/a	n/a	n/a	n/a
5490.232	n/a	RECOG_CONF	2745116	n/a	LTP267	ltpFR	7	13	n/a	REBEL	1172	n/a	4	n/a	n/a	0	0	0	n/a	n/a	n/a	n/a	n/a
5492.002	n/a	RECOG_TARGET	2746001	n/a	LTP267	ltpFR	7	13	0	HOSE	720	1	3	1	n/a	0	0	0	n/a	n/a	n/a	n/a	n/a
5492.258	n/a	RECOG_RESP	2746129	n/a	LTP267	ltpFR	7	13	0	HOSE	720	1	n/a	1	n/a	0	0	0	n/a	n/a	n/a	n/a	n/a
5492.472	n/a	RECOG_CONF	2746236	n/a	LTP267	ltpFR	7	13	0	HOSE	720	n/a	3	1	n/a	0	0	0	n/a	n/a	n/a	n/a	n/a
5494.228	n/a	RECOG_TARGET	2747114	n/a	LTP267	ltpFR	7	13	1	CURB	426	0	4	0	n/a	0	0	0	n/a	n/a	n/a	n/a	n/a
5494.762	n/a	RECOG_RESP	2747381	n/a	LTP267	ltpFR	7	13	1	CURB	426	0	n/a	0	n/a	0	0	0	n/a	n/a	n/a	n/a	n/a
5494.942	n/a	RECOG_CONF	2747471	n/a	LTP267	ltpFR	7	13	1	CURB	426	n/a	4	0	n/a	0	0	0	n/a	n/a	n/a	n/a	n/a
5496.666	n/a	RECOG_TARGET	2748333	n/a	LTP267	ltpFR	7	13	0	MISSILE	900	1	4	1	n/a	0	0	0	n/a	n/a	n/a	n/a	n/a
5496.808	n/a	RECOG_RESP	2748404	n/a	LTP267	ltpFR	7	13	0	MISSILE	900	1	n/a	1	n/a	0	0	0	n/a	n/a	n/a	n/a	n/a
5497.082	n/a	RECOG_CONF	2748541	n/a	LTP267	ltpFR	7	13	0	MISSILE	900	n/a	4	1	n/a	0	0	0	n/a	n/a	n/a	n/a	n/a
5498.644	n/a	RECOG_TARGET	2749322	n/a	LTP267	ltpFR	7	13	1	STRANGER	1389	1	5	1	n/a	0	0	0	n/a	n/a	n/a	n/a	n/a
5498.848	n/a	RECOG_RESP	2749424	n/a	LTP267	ltpFR	7	13	1	STRANGER	1389	1	n/a	1	n/a	0	0	0	n/a	n/a	n/a	n/a	n/a
5499.142	n/a	RECOG_CONF	2749571	n/a	LTP267	ltpFR	7	13	1	STRANGER	1389	n/a	5	1	n/a	0	0	0	n/a	n/a	n/a	n/a	n/a
5500.72	n/a	RECOG_TARGET	2750360	n/a	LTP267	ltpFR	7	13	0	MULE	931	1	2	1	n/a	0	0	0	n/a	n/a	n/a	n/a	n/a
5500.908	n/a	RECOG_RESP	2750454	n/a	LTP267	ltpFR	7	13	0	MULE	931	1	n/a	1	n/a	0	0	0	n/a	n/a	n/a	n/a	n/a
5501.162	n/a	RECOG_CONF	2750581	n/a	LTP267	ltpFR	7	13	0	MULE	931	n/a	2	1	n/a	0	0	0	n/a	n/a	n/a	n/a	n/a
5502.826	n/a	RECOG_TARGET	2751413	n/a	LTP267	ltpFR	7	13	0	DIAMOND	458	1	5	0	n/a	0	0	0	n/a	n/a	n/a	n/a	n/a
5503.252	n/a	RECOG_RESP	2751626	n/a	LTP267	ltpFR	7	13	0	DIAMOND	458	1	n/a	0	n/a	0	0	0	n/a	n/a	n/a	n/a	n/a
5503.542	n/a	RECOG_CONF	2751771	n/a	LTP267	ltpFR	7	13	0	DIAMOND	458	n/a	5	0	n/a	0	0	0	n/a	n/a	n/a	n/a	n/a
5505.672	n/a	RECOG_TARGET	2752836	n/a	LTP267	ltpFR	7	13	1	COOLER	375	1	5	0	n/a	0	0	0	n/a	n/a	n/a	n/a	n/a
5506.252	n/a	RECOG_RESP	2753126	n/a	LTP267	ltpFR	7	13	1	COOLER	375	1	n/a	0	n/a	0	0	0	n/a	n/a	n/a	n/a	n/a
5506.462	n/a	RECOG_CONF	2753231	n/a	LTP267	ltpFR	7	13	1	COOLER	375	n/a	5	0	n/a	0	0	0	n/a	n/a	n/a	n/a	n/a
5508.36	n/a	RECOG_LURE	2754180	n/a	LTP267	ltpFR	7	13	n/a	GATE	625	1	5	n/a	n/a	0	0	0	n/a	n/a	n/a	n/a	n/a
5508.498	n/a	RECOG_RESP	2754249	n/a	LTP267	ltpFR	7	13	n/a	GATE	625	1	n/a	n/a	n/a	0	0	0	n/a	n/a	n/a	n/a	n/a
5508.792	n/a	RECOG_CONF	2754396	n/a	LTP267	ltpFR	7	13	n/a	GATE	625	n/a	5	n/a	n/a	0	0	0	n/a	n/a	n/a	n/a	n/a
5510.3	n/a	RECOG_TARGET	2755150	n/a	LTP267	ltpFR	7	13	1	CAP	236	1	2	0	n/a	0	0	0	n/a	n/a	n/a	n/a	n/a
5510.614	n/a	RECOG_RESP	2755307	n/a	LTP267	ltpFR	7	13	1	CAP	236	1	n/a	0	n/a	0	0	0	n/a	n/a	n/a	n/a	n/a
5510.854	n/a	RECOG_CONF	2755427	n/a	LTP267	ltpFR	7	13	1	CAP	236	n/a	2	0	n/a	0	0	0	n/a	n/a	n/a	n/a	n/a
5512.592	n/a	RECOG_TARGET	2756296	n/a	LTP267	ltpFR	7	13	1	COMPANION	357	1	4	1	n/a	0	0	0	n/a	n/a	n/a	n/a	n/a
5512.664	n/a	RECOG_RESP	2756332	n/a	LTP267	ltpFR	7	13	1	COMPANION	357	1	n/a	1	n/a	0	0	0	n/a	n/a	n/a	n/a	n/a
5512.964	n/a	RECOG_CONF	2756482	n/a	LTP267	ltpFR	7	13	1	COMPANION	357	n/a	4	1	n/a	0	0	0	n/a	n/a	n/a	n/a	n/a
5514.656	n/a	RECOG_TARGET	2757328	n/a	LTP267	ltpFR	7	13	0	PUDDLE	1140	n/a	3	1	n/a	0	0	0	n/a	n/a	n/a	n/a	n/a
5514.844	n/a	RECOG_CONF	2757422	n/a	LTP267	ltpFR	7	13	0	PUDDLE	1140	n/a	3	1	n/a	0	0	0	n/a	n/a	n/a	n/a	n/a
5516.798	n/a	RECOG_LURE	2758399	n/a	LTP267	ltpFR	7	13	n/a	PROTRACTOR	1133	1	2	n/a	n/a	0	0	0	n/a	n/a	n/a	n/a	n/a
5516.858	n/a	RECOG_RESP	2758429	n/a	LTP267	ltpFR	7	13	n/a	PROTRACTOR	1133	1	n/a	n/a	n/a	0	0	0	n/a	n/a	n/a	n/a	n/a
5517.114	n/a	RECOG_CONF	2758557	n/a	LTP267	ltpFR	7	13	n/a	PROTRACTOR	1133	n/a	2	n/a	n/a	0	0	0	n/a	n/a	n/a	n/a	n/a
5518.716	n/a	RECOG_LURE	2759358	n/a	LTP267	ltpFR	7	13	n/a	BANK	83	0	3	n/a	n/a	0	0	0	n/a	n/a	n/a	n/a	n/a
5519.094	n/a	RECOG_RESP	2759547	n/a	LTP267	ltpFR	7	13	n/a	BANK	83	0	n/a	n/a	n/a	0	0	0	n/a	n/a	n/a	n/a	n/a
5519.304	n/a	RECOG_CONF	2759652	n/a	LTP267	ltpFR	7	13	n/a	BANK	83	n/a	3	n/a	n/a	0	0	0	n/a	n/a	n/a	n/a	n/a
5522.95	n/a	REC_START	2761475	n/a	LTP267	ltpFR	7	14	n/a	n/a	n/a	n/a	n/a	n/a	n/a	0	0	0	n/a	n/a	n/a	n/a	n/a
5523.004	n/a	RECOG_TARGET	2761502	n/a	LTP267	ltpFR	7	14	0	COD	340	1	5	1	n/a	0	0	0	n/a	n/a	n/a	n/a	n/a
5523.776	n/a	RECOG_RESP	2761888	n/a	LTP267	ltpFR	7	14	0	COD	340	1	n/a	1	n/a	0	0	0	n/a	n/a	n/a	n/a	n/a
5524.08	n/a	RECOG_CONF	2762040	n/a	LTP267	ltpFR	7	14	0	COD	340	n/a	5	1	n/a	0	0	0	n/a	n/a	n/a	n/a	n/a
5525.664	n/a	RECOG_LURE	2762832	n/a	LTP267	ltpFR	7	14	n/a	ROBBER	1197	0	3	n/a	n/a	0	0	0	n/a	n/a	n/a	n/a	n/a
5526.05	n/a	RECOG_RESP	2763025	n/a	LTP267	ltpFR	7	14	n/a	ROBBER	1197	0	n/a	n/a	n/a	0	0	0	n/a	n/a	n/a	n/a	n/a
5526.27	n/a	RECOG_CONF	2763135	n/a	LTP267	ltpFR	7	14	n/a	ROBBER	1197	n/a	3	n/a	n/a	0	0	0	n/a	n/a	n/a	n/a	n/a
5528.002	n/a	RECOG_LURE	2764001	n/a	LTP267	ltpFR	7	14	n/a	BLUEPRINT	142	1	2	n/a	n/a	0	0	0	n/a	n/a	n/a	n/a	n/a
5528.136	n/a	RECOG_RESP	2764068	n/a	LTP267	ltpFR	7	14	n/a	BLUEPRINT	142	1	n/a	n/a	n/a	0	0	0	n/a	n/a	n/a	n/a	n/a
5528.412	n/a	RECOG_CONF	2764206	n/a	LTP267	ltpFR	7	14	n/a	BLUEPRINT	142	n/a	2	n/a	n/a	0	0	0	n/a	n/a	n/a	n/a	n/a
5530.098	n/a	RECOG_TARGET	2765049	n/a	LTP267	ltpFR	7	14	1	PUMP	1141	0	1	0	n/a	0	0	0	n/a	n/a	n/a	n/a	n/a
5530.322	n/a	RECOG_RESP	2765161	n/a	LTP267	ltpFR	7	14	1	PUMP	1141	0	n/a	0	n/a	0	0	0	n/a	n/a	n/a	n/a	n/a
5530.582	n/a	RECOG_CONF	2765291	n/a	LTP267	ltpFR	7	14	1	PUMP	1141	n/a	1	0	n/a	0	0	0	n/a	n/a	n/a	n/a	n/a
5532.252	n/a	RECOG_TARGET	2766126	n/a	LTP267	ltpFR	7	14	0	LOUNGE	845	1	5	1	n/a	0	0	0	n/a	n/a	n/a	n/a	n/a
5532.286	n/a	RECOG_RESP	2766143	n/a	LTP267	ltpFR	7	14	0	LOUNGE	845	1	n/a	1	n/a	0	0	0	n/a	n/a	n/a	n/a	n/a
5532.592	n/a	RECOG_CONF	2766296	n/a	LTP267	ltpFR	7	14	0	LOUNGE	845	n/a	5	1	n/a	0	0	0	n/a	n/a	n/a	n/a	n/a
5534.276	n/a	RECOG_TARGET	2767138	n/a	LTP267	ltpFR	7	14	0	SNACK	1331	1	3	1	n/a	0	0	0	n/a	n/a	n/a	n/a	n/a
5534.516	n/a	RECOG_RESP	2767258	n/a	LTP267	ltpFR	7	14	0	SNACK	1331	1	n/a	1	n/a	0	0	0	n/a	n/a	n/a	n/a	n/a
5534.772	n/a	RECOG_CONF	2767386	n/a	LTP267	ltpFR	7	14	0	SNACK	1331	n/a	3	1	n/a	0	0	0	n/a	n/a	n/a	n/a	n/a
5536.338	n/a	RECOG_LURE	2768169	n/a	LTP267	ltpFR	7	14	n/a	DICTIONARY	463	1	4	n/a	n/a	0	0	0	n/a	n/a	n/a	n/a	n/a
5536.556	n/a	RECOG_RESP	2768278	n/a	LTP267	ltpFR	7	14	n/a	DICTIONARY	463	1	n/a	n/a	n/a	0	0	0	n/a	n/a	n/a	n/a	n/a
5536.832	n/a	RECOG_CONF	2768416	n/a	LTP267	ltpFR	7	14	n/a	DICTIONARY	463	n/a	4	n/a	n/a	0	0	0	n/a	n/a	n/a	n/a	n/a
5538.33	n/a	RECOG_TARGET	2769165	n/a	LTP267	ltpFR	7	14	0	SERPENT	1270	1	4	0	n/a	0	0	0	n/a	n/a	n/a	n/a	n/a
5538.646	n/a	RECOG_RESP	2769323	n/a	LTP267	ltpFR	7	14	0	SERPENT	1270	1	n/a	0	n/a	0	0	0	n/a	n/a	n/a	n/a	n/a
5538.972	n/a	RECOG_CONF	2769486	n/a	LTP267	ltpFR	7	14	0	SERPENT	1270	n/a	4	0	n/a	0	0	0	n/a	n/a	n/a	n/a	n/a
5540.722	n/a	RECOG_TARGET	2770361	n/a	LTP267	ltpFR	7	14	1	WHISKERS	1605	1	4	0	n/a	0	0	0	n/a	n/a	n/a	n/a	n/a
5540.792	n/a	RECOG_RESP	2770396	n/a	LTP267	ltpFR	7	14	1	WHISKERS	1605	1	n/a	0	n/a	0	0	0	n/a	n/a	n/a	n/a	n/a
5541.102	n/a	RECOG_CONF	2770551	n/a	LTP267	ltpFR	7	14	1	WHISKERS	1605	n/a	4	0	n/a	0	0	0	n/a	n/a	n/a	n/a	n/a
5542.658	n/a	RECOG_TARGET	2771329	n/a	LTP267	ltpFR	7	14	0	VEHICLE	1553	1	5	1	n/a	0	0	0	n/a	n/a	n/a	n/a	n/a
5542.846	n/a	RECOG_RESP	2771423	n/a	LTP267	ltpFR	7	14	0	VEHICLE	1553	1	n/a	1	n/a	0	0	0	n/a	n/a	n/a	n/a	n/a
5543.172	n/a	RECOG_CONF	2771586	n/a	LTP267	ltpFR	7	14	0	VEHICLE	1553	n/a	5	1	n/a	0	0	0	n/a	n/a	n/a	n/a	n/a
5544.788	n/a	RECOG_TARGET	2772394	n/a	LTP267	ltpFR	7	14	1	SUBMARINE	1398	0	1	1	n/a	0	0	0	n/a	n/a	n/a	n/a	n/a
5544.886	n/a	RECOG_RESP	2772443	n/a	LTP267	ltpFR	7	14	1	SUBMARINE	1398	0	n/a	1	n/a	0	0	0	n/a	n/a	n/a	n/a	n/a
5545.132	n/a	RECOG_CONF	2772566	n/a	LTP267	ltpFR	7	14	1	SUBMARINE	1398	n/a	1	1	n/a	0	0	0	n/a	n/a	n/a	n/a	n/a
5546.822	n/a	RECOG_LURE	2773411	n/a	LTP267	ltpFR	7	14	n/a	CHIPMUNK	304	1	5	n/a	n/a	0	0	0	n/a	n/a	n/a	n/a	n/a
5546.972	n/a	RECOG_RESP	2773486	n/a	LTP267	ltpFR	7	14	n/a	CHIPMUNK	304	1	n/a	n/a	n/a	0	0	0	n/a	n/a	n/a	n/a	n/a
5547.262	n/a	RECOG_CONF	2773631	n/a	LTP267	ltpFR	7	14	n/a	CHIPMUNK	304	n/a	5	n/a	n/a	0	0	0	n/a	n/a	n/a	n/a	n/a
5548.914	n/a	RECOG_TARGET	2774457	n/a	LTP267	ltpFR	7	14	1	SILK	1307	1	3	0	n/a	0	0	0	n/a	n/a	n/a	n/a	n/a
5549.358	n/a	RECOG_RESP	2774679	n/a	LTP267	ltpFR	7	14	1	SILK	1307	1	n/a	0	n/a	0	0	0	n/a	n/a	n/a	n/a	n/a
5549.672	n/a	RECOG_CONF	2774836	n/a	LTP267	ltpFR	7	14	1	SILK	1307	n/a	3	0	n/a	0	0	0	n/a	n/a	n/a	n/a	n/a
5551.296	n/a	RECOG_TARGET	2775648	n/a	LTP267	ltpFR	7	14	1	FOLDER	588	1	3	1	n/a	0	0	0	n/a	n/a	n/a	n/a	n/a
5551.658	n/a	RECOG_RESP	2775829	n/a	LTP267	ltpFR	7	14	1	FOLDER	588	1	n/a	1	n/a	0	0	0	n/a	n/a	n/a	n/a	n/a
5551.962	n/a	RECOG_CONF	2775981	n/a	LTP267	ltpFR	7	14	1	FOLDER	588	n/a	3	1	n/a	0	0	0	n/a	n/a	n/a	n/a	n/a
5553.52	n/a	RECOG_TARGET	2776760	n/a	LTP267	ltpFR	7	14	1	HERD	705	1	2	0	n/a	0	0	0	n/a	n/a	n/a	n/a	n/a
5553.772	n/a	RECOG_RESP	2776886	n/a	LTP267	ltpFR	7	14	1	HERD	705	1	n/a	0	n/a	0	0	0	n/a	n/a	n/a	n/a	n/a
5554.062	n/a	RECOG_CONF	2777031	n/a	LTP267	ltpFR	7	14	1	HERD	705	n/a	2	0	n/a	0	0	0	n/a	n/a	n/a	n/a	n/a
5555.696	n/a	RECOG_TARGET	2777848	n/a	LTP267	ltpFR	7	14	0	UNDERWEAR	1537	1	5	0	n/a	0	0	0	n/a	n/a	n/a	n/a	n/a
5555.962	n/a	RECOG_RESP	2777981	n/a	LTP267	ltpFR	7	14	0	UNDERWEAR	1537	1	n/a	0	n/a	0	0	0	n/a	n/a	n/a	n/a	n/a
5556.232	n/a	RECOG_CONF	2778116	n/a	LTP267	ltpFR	7	14	0	UNDERWEAR	1537	n/a	5	0	n/a	0	0	0	n/a	n/a	n/a	n/a	n/a
5557.886	n/a	RECOG_TARGET	2778943	n/a	LTP267	ltpFR	7	14	0	CONCERT	360	1	5	1	n/a	0	0	0	n/a	n/a	n/a	n/a	n/a
5558.218	n/a	RECOG_RESP	2779109	n/a	LTP267	ltpFR	7	14	0	CONCERT	360	1	n/a	1	n/a	0	0	0	n/a	n/a	n/a	n/a	n/a
5558.602	n/a	RECOG_CONF	2779301	n/a	LTP267	ltpFR	7	14	0	CONCERT	360	n/a	5	1	n/a	0	0	0	n/a	n/a	n/a	n/a	n/a
5560.28	n/a	RECOG_TARGET	2780140	n/a	LTP267	ltpFR	7	14	1	FRIEND	606	1	5	1	n/a	0	0	0	n/a	n/a	n/a	n/a	n/a
5560.592	n/a	RECOG_RESP	2780296	n/a	LTP267	ltpFR	7	14	1	FRIEND	606	1	n/a	1	n/a	0	0	0	n/a	n/a	n/a	n/a	n/a
5560.862	n/a	RECOG_CONF	2780431	n/a	LTP267	ltpFR	7	14	1	FRIEND	606	n/a	5	1	n/a	0	0	0	n/a	n/a	n/a	n/a	n/a
5562.634	n/a	RECOG_TARGET	2781317	n/a	LTP267	ltpFR	7	14	0	NAPKIN	937	1	3	0	n/a	0	0	0	n/a	n/a	n/a	n/a	n/a
5562.978	n/a	RECOG_RESP	2781489	n/a	LTP267	ltpFR	7	14	0	NAPKIN	937	1	n/a	0	n/a	0	0	0	n/a	n/a	n/a	n/a	n/a
5563.282	n/a	RECOG_CONF	2781641	n/a	LTP267	ltpFR	7	14	0	NAPKIN	937	n/a	3	0	n/a	0	0	0	n/a	n/a	n/a	n/a	n/a
5564.858	n/a	RECOG_TARGET	2782429	n/a	LTP267	ltpFR	7	14	0	KING	777	1	3	1	n/a	0	0	0	n/a	n/a	n/a	n/a	n/a
5565.212	n/a	RECOG_RESP	2782606	n/a	LTP267	ltpFR	7	14	0	KING	777	1	n/a	1	n/a	0	0	0	n/a	n/a	n/a	n/a	n/a
5565.512	n/a	RECOG_CONF	2782756	n/a	LTP267	ltpFR	7	14	0	KING	777	n/a	3	1	n/a	0	0	0	n/a	n/a	n/a	n/a	n/a
5567.854	n/a	SESS_END	2783927	n/a	LTP267	ltpFR	7	14	n/a	n/a	n/a	n/a	n/a	n/a	n/a	0	0	0	n/a	n/a	n/a	n/a	n/a
