onset	duration	trial_type	sample	stim_file	subject	experiment	session	trial	task	item_name	item_num	recog_resp	recog_conf	resp	color_r	color_g	color_b	case	font
599.242	n/a	SESS_START	299621	n/a	LTP282	ltpFR	0	n/a	n/a	n/a	n/a	0	3	n/a	n/a	n/a	n/a	n/a	n/a
747.566	n/a	WORD	373783	wordpools/wasnorm_wordpool_less_exclusions.txt	LTP282	ltpFR	0	1	-1	SECRETARY	1265	1	n/a	-1	1.0	1.0	1	upper	Verdana.ttf
751.734	n/a	WORD	375867	wordpools/wasnorm_wordpool_less_exclusions.txt	LTP282	ltpFR	0	1	-1	KITE	779	n/a	n/a	-1	1.0	1.0	1	upper	Verdana.ttf
755.68	n/a	WORD	377840	wordpools/wasnorm_wordpool_less_exclusions.txt	LTP282	ltpFR	0	1	-1	NAVIGATOR	938	n/a	n/a	-1	1.0	1.0	1	upper	Verdana.ttf
759.714	n/a	WORD	379857	wordpools/wasnorm_wordpool_less_exclusions.txt	LTP282	ltpFR	0	1	-1	SCREW	1254	n/a	n/a	-1	1.0	1.0	1	upper	Verdana.ttf
763.544	n/a	WORD	381772	wordpools/wasnorm_wordpool_less_exclusions.txt	LTP282	ltpFR	0	1	-1	CHISEL	305	n/a	n/a	-1	1.0	1.0	1	upper	Verdana.ttf
767.442	n/a	WORD	383721	wordpools/wasnorm_wordpool_less_exclusions.txt	LTP282	ltpFR	0	1	-1	CORN	381	n/a	n/a	-1	1.0	1.0	1	upper	Verdana.ttf
771.39	n/a	WORD	385695	wordpools/wasnorm_wordpool_less_exclusions.txt	LTP282	ltpFR	0	1	-1	SNACK	1331	n/a	n/a	-1	1.0	1.0	1	upper	Verdana.ttf
775.558	n/a	WORD	387779	wordpools/wasnorm_wordpool_less_exclusions.txt	LTP282	ltpFR	0	1	-1	LIBRARY	816	n/a	n/a	-1	1.0	1.0	1	upper	Verdana.ttf
779.538	n/a	WORD	389769	wordpools/wasnorm_wordpool_less_exclusions.txt	LTP282	ltpFR	0	1	-1	FURNITURE	616	n/a	n/a	-1	1.0	1.0	1	upper	Verdana.ttf
783.42	n/a	WORD	391710	wordpools/wasnorm_wordpool_less_exclusions.txt	LTP282	ltpFR	0	1	-1	ROD	1203	n/a	n/a	-1	1.0	1.0	1	upper	Verdana.ttf
787.436	n/a	WORD	393718	wordpools/wasnorm_wordpool_less_exclusions.txt	LTP282	ltpFR	0	1	-1	BRIEFCASE	175	n/a	n/a	-1	1.0	1.0	1	upper	Verdana.ttf
791.434	n/a	WORD	395717	wordpools/wasnorm_wordpool_less_exclusions.txt	LTP282	ltpFR	0	1	-1	SOCIETY	1338	n/a	n/a	-1	1.0	1.0	1	upper	Verdana.ttf
795.5	n/a	WORD	397750	wordpools/wasnorm_wordpool_less_exclusions.txt	LTP282	ltpFR	0	1	-1	BOOK	149	n/a	n/a	-1	1.0	1.0	1	upper	Verdana.ttf
799.546	n/a	WORD	399773	wordpools/wasnorm_wordpool_less_exclusions.txt	LTP282	ltpFR	0	1	-1	POLE	1097	n/a	n/a	-1	1.0	1.0	1	upper	Verdana.ttf
803.664	n/a	WORD	401832	wordpools/wasnorm_wordpool_less_exclusions.txt	LTP282	ltpFR	0	1	-1	BOXER	160	n/a	n/a	-1	1.0	1.0	1	upper	Verdana.ttf
807.78	n/a	WORD	403890	wordpools/wasnorm_wordpool_less_exclusions.txt	LTP282	ltpFR	0	1	-1	MOON	914	n/a	n/a	-1	1.0	1.0	1	upper	Verdana.ttf
813.804	n/a	REC_START	406902	n/a	LTP282	ltpFR	0	1	n/a	n/a	n/a	n/a	n/a	n/a	n/a	n/a	n/a	n/a	n/a
815.774	n/a	REC_WORD	407887	wordpools/wasnorm_wordpool_less_exclusions.txt	LTP282	ltpFR	0	1	-1	BOXER	160	n/a	n/a	-1	n/a	n/a	n/a	n/a	n/a
816.534	n/a	REC_WORD	408267	wordpools/wasnorm_wordpool_less_exclusions.txt	LTP282	ltpFR	0	1	-1	MOON	914	n/a	n/a	-1	n/a	n/a	n/a	n/a	n/a
818.25	n/a	REC_WORD	409125	wordpools/wasnorm_wordpool_less_exclusions.txt	LTP282	ltpFR	0	1	-1	KITE	779	n/a	n/a	-1	n/a	n/a	n/a	n/a	n/a
819.114	n/a	REC_WORD	409557	wordpools/wasnorm_wordpool_less_exclusions.txt	LTP282	ltpFR	0	1	-1	SECRETARY	1265	n/a	n/a	-1	n/a	n/a	n/a	n/a	n/a
820.374	n/a	REC_WORD	410187	wordpools/wasnorm_wordpool_less_exclusions.txt	LTP282	ltpFR	0	1	-1	NAVIGATOR	938	n/a	n/a	-1	n/a	n/a	n/a	n/a	n/a
821.746	n/a	REC_WORD	410873	wordpools/wasnorm_wordpool_less_exclusions.txt	LTP282	ltpFR	0	1	-1	SCREW	1254	n/a	n/a	-1	n/a	n/a	n/a	n/a	n/a
823.668	n/a	REC_WORD	411834	wordpools/wasnorm_wordpool_less_exclusions.txt	LTP282	ltpFR	0	1	-1	ROD	1203	n/a	n/a	-1	n/a	n/a	n/a	n/a	n/a
825.064	n/a	REC_WORD	412532	wordpools/wasnorm_wordpool_less_exclusions.txt	LTP282	ltpFR	0	1	-1	BRIEFCASE	175	n/a	n/a	-1	n/a	n/a	n/a	n/a	n/a
835.176	n/a	REC_WORD	417588	wordpools/wasnorm_wordpool_less_exclusions.txt	LTP282	ltpFR	0	1	-1	CHISEL	305	n/a	n/a	-1	n/a	n/a	n/a	n/a	n/a
847.848	n/a	REC_WORD	423924	wordpools/wasnorm_wordpool_less_exclusions.txt	LTP282	ltpFR	0	1	-1	BOXER	160	n/a	n/a	-1	n/a	n/a	n/a	n/a	n/a
881.786	n/a	REC_WORD	440893	wordpools/wasnorm_wordpool_less_exclusions.txt	LTP282	ltpFR	0	1	-1	SNACK	1331	n/a	n/a	-1	n/a	n/a	n/a	n/a	n/a
898.276	n/a	WORD	449138	wordpools/wasnorm_wordpool_less_exclusions.txt	LTP282	ltpFR	0	2	-1	COAT	333	n/a	n/a	-1	1.0	1.0	1	upper	Verdana.ttf
902.392	n/a	WORD	451196	wordpools/wasnorm_wordpool_less_exclusions.txt	LTP282	ltpFR	0	2	-1	DECK	443	n/a	n/a	-1	1.0	1.0	1	upper	Verdana.ttf
906.524	n/a	WORD	453262	wordpools/wasnorm_wordpool_less_exclusions.txt	LTP282	ltpFR	0	2	-1	VESSEL	1558	n/a	n/a	-1	1.0	1.0	1	upper	Verdana.ttf
910.522	n/a	WORD	455261	wordpools/wasnorm_wordpool_less_exclusions.txt	LTP282	ltpFR	0	2	-1	CAKE	219	n/a	n/a	-1	1.0	1.0	1	upper	Verdana.ttf
914.688	n/a	WORD	457344	wordpools/wasnorm_wordpool_less_exclusions.txt	LTP282	ltpFR	0	2	-1	DAM	436	n/a	n/a	-1	1.0	1.0	1	upper	Verdana.ttf
918.804	n/a	WORD	459402	wordpools/wasnorm_wordpool_less_exclusions.txt	LTP282	ltpFR	0	2	-1	ATTORNEY	58	n/a	n/a	-1	1.0	1.0	1	upper	Verdana.ttf
922.888	n/a	WORD	461444	wordpools/wasnorm_wordpool_less_exclusions.txt	LTP282	ltpFR	0	2	-1	PASTA	1021	n/a	n/a	-1	1.0	1.0	1	upper	Verdana.ttf
927.104	n/a	WORD	463552	wordpools/wasnorm_wordpool_less_exclusions.txt	LTP282	ltpFR	0	2	-1	BLUEBERRY	140	n/a	n/a	-1	1.0	1.0	1	upper	Verdana.ttf
931.134	n/a	WORD	465567	wordpools/wasnorm_wordpool_less_exclusions.txt	LTP282	ltpFR	0	2	-1	FIG	563	n/a	n/a	-1	1.0	1.0	1	upper	Verdana.ttf
935.134	n/a	WORD	467567	wordpools/wasnorm_wordpool_less_exclusions.txt	LTP282	ltpFR	0	2	-1	WASHER	1592	n/a	n/a	-1	1.0	1.0	1	upper	Verdana.ttf
939.35	n/a	WORD	469675	wordpools/wasnorm_wordpool_less_exclusions.txt	LTP282	ltpFR	0	2	-1	BASEMENT	94	n/a	n/a	-1	1.0	1.0	1	upper	Verdana.ttf
943.316	n/a	WORD	471658	wordpools/wasnorm_wordpool_less_exclusions.txt	LTP282	ltpFR	0	2	-1	SKILLET	1317	n/a	n/a	-1	1.0	1.0	1	upper	Verdana.ttf
947.162	n/a	WORD	473581	wordpools/wasnorm_wordpool_less_exclusions.txt	LTP282	ltpFR	0	2	-1	PEARL	1034	n/a	n/a	-1	1.0	1.0	1	upper	Verdana.ttf
951.01	n/a	WORD	475505	wordpools/wasnorm_wordpool_less_exclusions.txt	LTP282	ltpFR	0	2	-1	OYSTER	995	n/a	n/a	-1	1.0	1.0	1	upper	Verdana.ttf
954.926	n/a	WORD	477463	wordpools/wasnorm_wordpool_less_exclusions.txt	LTP282	ltpFR	0	2	-1	COURT	391	n/a	n/a	-1	1.0	1.0	1	upper	Verdana.ttf
959.008	n/a	WORD	479504	wordpools/wasnorm_wordpool_less_exclusions.txt	LTP282	ltpFR	0	2	-1	WELL	1600	n/a	n/a	-1	1.0	1.0	1	upper	Verdana.ttf
964.998	n/a	REC_START	482499	n/a	LTP282	ltpFR	0	2	n/a	n/a	n/a	n/a	n/a	n/a	n/a	n/a	n/a	n/a	n/a
966.738	n/a	REC_WORD	483369	wordpools/wasnorm_wordpool_less_exclusions.txt	LTP282	ltpFR	0	2	-1	WELL	1600	n/a	n/a	-1	n/a	n/a	n/a	n/a	n/a
967.66	n/a	REC_WORD	483830	wordpools/wasnorm_wordpool_less_exclusions.txt	LTP282	ltpFR	0	2	-1	COURT	391	n/a	n/a	-1	n/a	n/a	n/a	n/a	n/a
968.832	n/a	REC_WORD	484416	wordpools/wasnorm_wordpool_less_exclusions.txt	LTP282	ltpFR	0	2	-1	BLUEBERRY	140	n/a	n/a	-1	n/a	n/a	n/a	n/a	n/a
970.008	n/a	REC_WORD	485004	wordpools/wasnorm_wordpool_less_exclusions.txt	LTP282	ltpFR	0	2	-1	PASTA	1021	n/a	n/a	-1	n/a	n/a	n/a	n/a	n/a
970.976	n/a	REC_WORD	485488	wordpools/wasnorm_wordpool_less_exclusions.txt	LTP282	ltpFR	0	2	-1	FIG	563	n/a	n/a	-1	n/a	n/a	n/a	n/a	n/a
972.546	n/a	REC_WORD	486273	wordpools/wasnorm_wordpool_less_exclusions.txt	LTP282	ltpFR	0	2	-1	WASHER	1592	n/a	n/a	-1	n/a	n/a	n/a	n/a	n/a
973.974	n/a	REC_WORD	486987	wordpools/wasnorm_wordpool_less_exclusions.txt	LTP282	ltpFR	0	2	-1	BASEMENT	94	n/a	n/a	-1	n/a	n/a	n/a	n/a	n/a
976.736	n/a	REC_WORD	488368	wordpools/wasnorm_wordpool_less_exclusions.txt	LTP282	ltpFR	0	2	-1	COAT	333	n/a	n/a	-1	n/a	n/a	n/a	n/a	n/a
979.4	n/a	REC_WORD	489700	wordpools/wasnorm_wordpool_less_exclusions.txt	LTP282	ltpFR	0	2	-1	DECK	443	n/a	n/a	-1	n/a	n/a	n/a	n/a	n/a
981.044	n/a	REC_WORD	490522	wordpools/wasnorm_wordpool_less_exclusions.txt	LTP282	ltpFR	0	2	-1	CAKE	219	n/a	n/a	-1	n/a	n/a	n/a	n/a	n/a
988.876	n/a	REC_WORD	494438	wordpools/wasnorm_wordpool_less_exclusions.txt	LTP282	ltpFR	0	2	-1	PEARL	1034	n/a	n/a	-1	n/a	n/a	n/a	n/a	n/a
989.766	n/a	REC_WORD	494883	wordpools/wasnorm_wordpool_less_exclusions.txt	LTP282	ltpFR	0	2	-1	OYSTER	995	n/a	n/a	-1	n/a	n/a	n/a	n/a	n/a
1026.276	n/a	REC_WORD	513138	wordpools/wasnorm_wordpool_less_exclusions.txt	LTP282	ltpFR	0	2	-1	VESSEL	1558	n/a	n/a	-1	n/a	n/a	n/a	n/a	n/a
1061.082	n/a	WORD	530541	wordpools/wasnorm_wordpool_less_exclusions.txt	LTP282	ltpFR	0	3	-1	CELERY	266	n/a	n/a	-1	1.0	1.0	1	upper	Verdana.ttf
1065.248	n/a	WORD	532624	wordpools/wasnorm_wordpool_less_exclusions.txt	LTP282	ltpFR	0	3	-1	CELLAR	267	n/a	n/a	-1	1.0	1.0	1	upper	Verdana.ttf
1069.112	n/a	WORD	534556	wordpools/wasnorm_wordpool_less_exclusions.txt	LTP282	ltpFR	0	3	-1	SWING	1421	n/a	n/a	-1	1.0	1.0	1	upper	Verdana.ttf
1073.328	n/a	WORD	536664	wordpools/wasnorm_wordpool_less_exclusions.txt	LTP282	ltpFR	0	3	-1	JUG	762	n/a	n/a	-1	1.0	1.0	1	upper	Verdana.ttf
1077.378	n/a	WORD	538689	wordpools/wasnorm_wordpool_less_exclusions.txt	LTP282	ltpFR	0	3	-1	BRIDGE	174	n/a	n/a	-1	1.0	1.0	1	upper	Verdana.ttf
1081.342	n/a	WORD	540671	wordpools/wasnorm_wordpool_less_exclusions.txt	LTP282	ltpFR	0	3	-1	VENUS	1557	n/a	n/a	-1	1.0	1.0	1	upper	Verdana.ttf
1085.274	n/a	WORD	542637	wordpools/wasnorm_wordpool_less_exclusions.txt	LTP282	ltpFR	0	3	-1	HOSE	720	n/a	n/a	-1	1.0	1.0	1	upper	Verdana.ttf
1089.256	n/a	WORD	544628	wordpools/wasnorm_wordpool_less_exclusions.txt	LTP282	ltpFR	0	3	-1	TURKEY	1520	n/a	n/a	-1	1.0	1.0	1	upper	Verdana.ttf
1093.154	n/a	WORD	546577	wordpools/wasnorm_wordpool_less_exclusions.txt	LTP282	ltpFR	0	3	-1	DAUGHTER	442	n/a	n/a	-1	1.0	1.0	1	upper	Verdana.ttf
1097.188	n/a	WORD	548594	wordpools/wasnorm_wordpool_less_exclusions.txt	LTP282	ltpFR	0	3	-1	TROMBONE	1508	n/a	n/a	-1	1.0	1.0	1	upper	Verdana.ttf
1101.234	n/a	WORD	550617	wordpools/wasnorm_wordpool_less_exclusions.txt	LTP282	ltpFR	0	3	-1	ORCHESTRA	981	n/a	n/a	-1	1.0	1.0	1	upper	Verdana.ttf
1105.082	n/a	WORD	552541	wordpools/wasnorm_wordpool_less_exclusions.txt	LTP282	ltpFR	0	3	-1	KEEPER	769	n/a	n/a	-1	1.0	1.0	1	upper	Verdana.ttf
1109.114	n/a	WORD	554557	wordpools/wasnorm_wordpool_less_exclusions.txt	LTP282	ltpFR	0	3	-1	MAYONNAISE	880	n/a	n/a	-1	1.0	1.0	1	upper	Verdana.ttf
1113.164	n/a	WORD	556582	wordpools/wasnorm_wordpool_less_exclusions.txt	LTP282	ltpFR	0	3	-1	CONTRACTOR	369	n/a	n/a	-1	1.0	1.0	1	upper	Verdana.ttf
1117.346	n/a	WORD	558673	wordpools/wasnorm_wordpool_less_exclusions.txt	LTP282	ltpFR	0	3	-1	FRANCE	601	n/a	n/a	-1	1.0	1.0	1	upper	Verdana.ttf
1121.562	n/a	WORD	560781	wordpools/wasnorm_wordpool_less_exclusions.txt	LTP282	ltpFR	0	3	-1	SNORKEL	1336	n/a	n/a	-1	1.0	1.0	1	upper	Verdana.ttf
1127.402	n/a	REC_START	563701	n/a	LTP282	ltpFR	0	3	n/a	n/a	n/a	n/a	n/a	n/a	n/a	n/a	n/a	n/a	n/a
1128.494	n/a	REC_WORD	564247	wordpools/wasnorm_wordpool_less_exclusions.txt	LTP282	ltpFR	0	3	-1	SNORKEL	1336	n/a	n/a	-1	n/a	n/a	n/a	n/a	n/a
1129.686	n/a	REC_WORD	564843	wordpools/wasnorm_wordpool_less_exclusions.txt	LTP282	ltpFR	0	3	-1	FRANCE	601	n/a	n/a	-1	n/a	n/a	n/a	n/a	n/a
1131.896	n/a	REC_WORD	565948	wordpools/wasnorm_wordpool_less_exclusions.txt	LTP282	ltpFR	0	3	-1	TROMBONE	1508	n/a	n/a	-1	n/a	n/a	n/a	n/a	n/a
1133.628	n/a	REC_WORD	566814	wordpools/wasnorm_wordpool_less_exclusions.txt	LTP282	ltpFR	0	3	-1	ORCHESTRA	981	n/a	n/a	-1	n/a	n/a	n/a	n/a	n/a
1135.044	n/a	REC_WORD_VV	567522	wordpools/wasnorm_wordpool_less_exclusions.txt	LTP282	ltpFR	0	3	n/a	<>	-1	n/a	n/a	n/a	n/a	n/a	n/a	n/a	n/a
1135.474	n/a	REC_WORD	567737	wordpools/wasnorm_wordpool_less_exclusions.txt	LTP282	ltpFR	0	3	-1	DAUGHTER	442	n/a	n/a	-1	n/a	n/a	n/a	n/a	n/a
1136.526	n/a	REC_WORD	568263	wordpools/wasnorm_wordpool_less_exclusions.txt	LTP282	ltpFR	0	3	-1	CONTRACTOR	369	n/a	n/a	-1	n/a	n/a	n/a	n/a	n/a
1138.494	n/a	REC_WORD	569247	wordpools/wasnorm_wordpool_less_exclusions.txt	LTP282	ltpFR	0	3	-1	CELERY	266	n/a	n/a	-1	n/a	n/a	n/a	n/a	n/a
1139.72	n/a	REC_WORD	569860	wordpools/wasnorm_wordpool_less_exclusions.txt	LTP282	ltpFR	0	3	-1	CELLAR	267	n/a	n/a	-1	n/a	n/a	n/a	n/a	n/a
1144.498	n/a	REC_WORD	572249	wordpools/wasnorm_wordpool_less_exclusions.txt	LTP282	ltpFR	0	3	-1	JUG	762	n/a	n/a	-1	n/a	n/a	n/a	n/a	n/a
1146.296	n/a	REC_WORD	573148	wordpools/wasnorm_wordpool_less_exclusions.txt	LTP282	ltpFR	0	3	-1	HOSE	720	n/a	n/a	-1	n/a	n/a	n/a	n/a	n/a
1187.62	n/a	REC_WORD	593810	wordpools/wasnorm_wordpool_less_exclusions.txt	LTP282	ltpFR	0	3	-1	BRIDGE	174	n/a	n/a	-1	n/a	n/a	n/a	n/a	n/a
1190.408	n/a	REC_WORD	595204	wordpools/wasnorm_wordpool_less_exclusions.txt	LTP282	ltpFR	0	3	-1	VENUS	1557	n/a	n/a	-1	n/a	n/a	n/a	n/a	n/a
1209.95	n/a	WORD	604975	wordpools/wasnorm_wordpool_less_exclusions.txt	LTP282	ltpFR	0	4	-1	BROOK	177	n/a	n/a	-1	1.0	1.0	1	upper	Verdana.ttf
1213.882	n/a	WORD	606941	wordpools/wasnorm_wordpool_less_exclusions.txt	LTP282	ltpFR	0	4	-1	MOTH	920	n/a	n/a	-1	1.0	1.0	1	upper	Verdana.ttf
1218.014	n/a	WORD	609007	wordpools/wasnorm_wordpool_less_exclusions.txt	LTP282	ltpFR	0	4	-1	SCREEN	1253	n/a	n/a	-1	1.0	1.0	1	upper	Verdana.ttf
1222.146	n/a	WORD	611073	wordpools/wasnorm_wordpool_less_exclusions.txt	LTP282	ltpFR	0	4	-1	DOUGHNUT	490	n/a	n/a	-1	1.0	1.0	1	upper	Verdana.ttf
1226.028	n/a	WORD	613014	wordpools/wasnorm_wordpool_less_exclusions.txt	LTP282	ltpFR	0	4	-1	BLUEPRINT	142	n/a	n/a	-1	1.0	1.0	1	upper	Verdana.ttf
1229.876	n/a	WORD	614938	wordpools/wasnorm_wordpool_less_exclusions.txt	LTP282	ltpFR	0	4	-1	BEETLE	116	n/a	n/a	-1	1.0	1.0	1	upper	Verdana.ttf
1233.708	n/a	WORD	616854	wordpools/wasnorm_wordpool_less_exclusions.txt	LTP282	ltpFR	0	4	-1	SAUSAGE	1238	n/a	n/a	-1	1.0	1.0	1	upper	Verdana.ttf
1237.788	n/a	WORD	618894	wordpools/wasnorm_wordpool_less_exclusions.txt	LTP282	ltpFR	0	4	-1	SHEARS	1276	n/a	n/a	-1	1.0	1.0	1	upper	Verdana.ttf
1241.92	n/a	WORD	620960	wordpools/wasnorm_wordpool_less_exclusions.txt	LTP282	ltpFR	0	4	-1	PAPER	1011	n/a	n/a	-1	1.0	1.0	1	upper	Verdana.ttf
1245.838	n/a	WORD	622919	wordpools/wasnorm_wordpool_less_exclusions.txt	LTP282	ltpFR	0	4	-1	MOAT	903	n/a	n/a	-1	1.0	1.0	1	upper	Verdana.ttf
1249.904	n/a	WORD	624952	wordpools/wasnorm_wordpool_less_exclusions.txt	LTP282	ltpFR	0	4	-1	VALVE	1546	n/a	n/a	-1	1.0	1.0	1	upper	Verdana.ttf
1253.968	n/a	WORD	626984	wordpools/wasnorm_wordpool_less_exclusions.txt	LTP282	ltpFR	0	4	-1	TAXI	1438	n/a	n/a	-1	1.0	1.0	1	upper	Verdana.ttf
1258.0	n/a	WORD	629000	wordpools/wasnorm_wordpool_less_exclusions.txt	LTP282	ltpFR	0	4	-1	EMERALD	528	n/a	n/a	-1	1.0	1.0	1	upper	Verdana.ttf
1261.882	n/a	WORD	630941	wordpools/wasnorm_wordpool_less_exclusions.txt	LTP282	ltpFR	0	4	-1	CAFE	216	n/a	n/a	-1	1.0	1.0	1	upper	Verdana.ttf
1265.848	n/a	WORD	632924	wordpools/wasnorm_wordpool_less_exclusions.txt	LTP282	ltpFR	0	4	-1	BISON	131	n/a	n/a	-1	1.0	1.0	1	upper	Verdana.ttf
1269.746	n/a	WORD	634873	wordpools/wasnorm_wordpool_less_exclusions.txt	LTP282	ltpFR	0	4	-1	VET	1560	n/a	n/a	-1	1.0	1.0	1	upper	Verdana.ttf
1275.602	n/a	REC_START	637801	n/a	LTP282	ltpFR	0	4	n/a	n/a	n/a	n/a	n/a	n/a	n/a	n/a	n/a	n/a	n/a
1277.364	n/a	REC_WORD	638682	wordpools/wasnorm_wordpool_less_exclusions.txt	LTP282	ltpFR	0	4	-1	MOAT	903	n/a	n/a	-1	n/a	n/a	n/a	n/a	n/a
1278.518	n/a	REC_WORD	639259	wordpools/wasnorm_wordpool_less_exclusions.txt	LTP282	ltpFR	0	4	-1	VALVE	1546	n/a	n/a	-1	n/a	n/a	n/a	n/a	n/a
1279.694	n/a	REC_WORD	639847	wordpools/wasnorm_wordpool_less_exclusions.txt	LTP282	ltpFR	0	4	-1	EMERALD	528	n/a	n/a	-1	n/a	n/a	n/a	n/a	n/a
1282.28	n/a	REC_WORD	641140	wordpools/wasnorm_wordpool_less_exclusions.txt	LTP282	ltpFR	0	4	-1	BISON	131	n/a	n/a	-1	n/a	n/a	n/a	n/a	n/a
1283.348	n/a	REC_WORD	641674	wordpools/wasnorm_wordpool_less_exclusions.txt	LTP282	ltpFR	0	4	-1	TAXI	1438	n/a	n/a	-1	n/a	n/a	n/a	n/a	n/a
1284.58	n/a	REC_WORD	642290	wordpools/wasnorm_wordpool_less_exclusions.txt	LTP282	ltpFR	0	4	-1	CAFE	216	n/a	n/a	-1	n/a	n/a	n/a	n/a	n/a
1286.756	n/a	REC_WORD	643378	wordpools/wasnorm_wordpool_less_exclusions.txt	LTP282	ltpFR	0	4	-1	BROOK	177	n/a	n/a	-1	n/a	n/a	n/a	n/a	n/a
1288.474	n/a	REC_WORD	644237	wordpools/wasnorm_wordpool_less_exclusions.txt	LTP282	ltpFR	0	4	-1	MOTH	920	n/a	n/a	-1	n/a	n/a	n/a	n/a	n/a
1290.388	n/a	REC_WORD	645194	wordpools/wasnorm_wordpool_less_exclusions.txt	LTP282	ltpFR	0	4	-1	SCREEN	1253	n/a	n/a	-1	n/a	n/a	n/a	n/a	n/a
1315.538	n/a	REC_WORD	657769	wordpools/wasnorm_wordpool_less_exclusions.txt	LTP282	ltpFR	0	4	-1	EMERALD	528	n/a	n/a	-1	n/a	n/a	n/a	n/a	n/a
1873.236	n/a	WORD	936618	wordpools/wasnorm_wordpool_less_exclusions.txt	LTP282	ltpFR	0	5	0	LODGE	839	n/a	n/a	1	0.57763671875	0.412841796875	1	lower	zerothre.ttf
1877.252	n/a	WORD	938626	wordpools/wasnorm_wordpool_less_exclusions.txt	LTP282	ltpFR	0	5	0	WAVE	1596	n/a	n/a	1	0.57763671875	0.412841796875	1	lower	zerothre.ttf
1881.148	n/a	WORD	940574	wordpools/wasnorm_wordpool_less_exclusions.txt	LTP282	ltpFR	0	5	0	KEG	770	n/a	n/a	1	0.57763671875	0.412841796875	1	lower	zerothre.ttf
1885.214	n/a	WORD	942607	wordpools/wasnorm_wordpool_less_exclusions.txt	LTP282	ltpFR	0	5	0	VICTOR	1563	n/a	n/a	1	0.57763671875	0.412841796875	1	lower	zerothre.ttf
1889.28	n/a	WORD	944640	wordpools/wasnorm_wordpool_less_exclusions.txt	LTP282	ltpFR	0	5	0	VINEGAR	1569	n/a	n/a	0	0.57763671875	0.412841796875	1	lower	zerothre.ttf
1893.462	n/a	WORD	946731	wordpools/wasnorm_wordpool_less_exclusions.txt	LTP282	ltpFR	0	5	0	BOTTLE	153	n/a	n/a	0	0.57763671875	0.412841796875	1	lower	zerothre.ttf
1897.544	n/a	WORD	948772	wordpools/wasnorm_wordpool_less_exclusions.txt	LTP282	ltpFR	0	5	0	NET	946	n/a	n/a	1	0.57763671875	0.412841796875	1	lower	zerothre.ttf
1901.61	n/a	WORD	950805	wordpools/wasnorm_wordpool_less_exclusions.txt	LTP282	ltpFR	0	5	0	SHRIMP	1297	n/a	n/a	0	0.57763671875	0.412841796875	1	lower	zerothre.ttf
1905.676	n/a	WORD	952838	wordpools/wasnorm_wordpool_less_exclusions.txt	LTP282	ltpFR	0	5	0	BARTENDER	92	n/a	n/a	1	0.57763671875	0.412841796875	1	lower	zerothre.ttf
1909.69	n/a	WORD	954845	wordpools/wasnorm_wordpool_less_exclusions.txt	LTP282	ltpFR	0	5	0	SWAMP	1416	n/a	n/a	1	0.57763671875	0.412841796875	1	lower	zerothre.ttf
1913.74	n/a	WORD	956870	wordpools/wasnorm_wordpool_less_exclusions.txt	LTP282	ltpFR	0	5	0	FAUCET	555	n/a	n/a	0	0.57763671875	0.412841796875	1	lower	zerothre.ttf
1917.89	n/a	WORD	958945	wordpools/wasnorm_wordpool_less_exclusions.txt	LTP282	ltpFR	0	5	0	TENT	1449	n/a	n/a	1	0.57763671875	0.412841796875	1	lower	zerothre.ttf
1921.838	n/a	WORD	960919	wordpools/wasnorm_wordpool_less_exclusions.txt	LTP282	ltpFR	0	5	0	TERRITORY	1452	n/a	n/a	1	0.57763671875	0.412841796875	1	lower	zerothre.ttf
1926.004	n/a	WORD	963002	wordpools/wasnorm_wordpool_less_exclusions.txt	LTP282	ltpFR	0	5	0	WINNER	1615	n/a	n/a	1	0.57763671875	0.412841796875	1	lower	zerothre.ttf
1930.22	n/a	WORD	965110	wordpools/wasnorm_wordpool_less_exclusions.txt	LTP282	ltpFR	0	5	0	APPLE	33	n/a	n/a	0	0.57763671875	0.412841796875	1	lower	zerothre.ttf
1934.352	n/a	WORD	967176	wordpools/wasnorm_wordpool_less_exclusions.txt	LTP282	ltpFR	0	5	0	PORTRAIT	1111	n/a	n/a	1	0.57763671875	0.412841796875	1	lower	zerothre.ttf
1940.258	n/a	REC_START	970129	n/a	LTP282	ltpFR	0	5	n/a	n/a	n/a	n/a	n/a	n/a	n/a	n/a	n/a	n/a	n/a
1941.584	n/a	REC_WORD	970792	wordpools/wasnorm_wordpool_less_exclusions.txt	LTP282	ltpFR	0	5	0	PORTRAIT	1111	n/a	n/a	1	n/a	n/a	n/a	n/a	n/a
1943.012	n/a	REC_WORD	971506	wordpools/wasnorm_wordpool_less_exclusions.txt	LTP282	ltpFR	0	5	0	KEG	770	n/a	n/a	1	n/a	n/a	n/a	n/a	n/a
1944.208	n/a	REC_WORD	972104	wordpools/wasnorm_wordpool_less_exclusions.txt	LTP282	ltpFR	0	5	0	VINEGAR	1569	n/a	n/a	0	n/a	n/a	n/a	n/a	n/a
1946.786	n/a	REC_WORD	973393	wordpools/wasnorm_wordpool_less_exclusions.txt	LTP282	ltpFR	0	5	0	TERRITORY	1452	n/a	n/a	1	n/a	n/a	n/a	n/a	n/a
1948.334	n/a	REC_WORD	974167	wordpools/wasnorm_wordpool_less_exclusions.txt	LTP282	ltpFR	0	5	0	BARTENDER	92	n/a	n/a	1	n/a	n/a	n/a	n/a	n/a
1949.45	n/a	REC_WORD	974725	wordpools/wasnorm_wordpool_less_exclusions.txt	LTP282	ltpFR	0	5	0	FAUCET	555	n/a	n/a	0	n/a	n/a	n/a	n/a	n/a
1956.878	n/a	REC_WORD	978439	wordpools/wasnorm_wordpool_less_exclusions.txt	LTP282	ltpFR	0	5	0	SWAMP	1416	n/a	n/a	1	n/a	n/a	n/a	n/a	n/a
1985.888	n/a	REC_WORD	992944	wordpools/wasnorm_wordpool_less_exclusions.txt	LTP282	ltpFR	0	5	0	WAVE	1596	n/a	n/a	1	n/a	n/a	n/a	n/a	n/a
2037.144	n/a	WORD	1018572	wordpools/wasnorm_wordpool_less_exclusions.txt	LTP282	ltpFR	0	6	0	ANTENNA	28	n/a	n/a	1	0.57763671875	0.412841796875	1	lower	zerothre.ttf
2041.092	n/a	WORD	1020546	wordpools/wasnorm_wordpool_less_exclusions.txt	LTP282	ltpFR	0	6	0	SERVER	1272	n/a	n/a	1	0.57763671875	0.412841796875	1	lower	zerothre.ttf
2045.008	n/a	WORD	1022504	wordpools/wasnorm_wordpool_less_exclusions.txt	LTP282	ltpFR	0	6	0	WITCH	1617	n/a	n/a	1	0.57763671875	0.412841796875	1	lower	zerothre.ttf
2049.158	n/a	WORD	1024579	wordpools/wasnorm_wordpool_less_exclusions.txt	LTP282	ltpFR	0	6	0	BANDANNA	80	n/a	n/a	0	0.57763671875	0.412841796875	1	lower	zerothre.ttf
2053.24	n/a	WORD	1026620	wordpools/wasnorm_wordpool_less_exclusions.txt	LTP282	ltpFR	0	6	0	PROTRACTOR	1133	n/a	n/a	0	0.57763671875	0.412841796875	1	lower	zerothre.ttf
2057.422	n/a	WORD	1028711	wordpools/wasnorm_wordpool_less_exclusions.txt	LTP282	ltpFR	0	6	0	SWEATER	1419	n/a	n/a	0	0.57763671875	0.412841796875	1	lower	zerothre.ttf
2061.42	n/a	WORD	1030710	wordpools/wasnorm_wordpool_less_exclusions.txt	LTP282	ltpFR	0	6	0	QUILT	1151	n/a	n/a	1	0.57763671875	0.412841796875	1	lower	zerothre.ttf
2065.47	n/a	WORD	1032735	wordpools/wasnorm_wordpool_less_exclusions.txt	LTP282	ltpFR	0	6	0	WIRE	1616	n/a	n/a	0	0.57763671875	0.412841796875	1	lower	zerothre.ttf
2069.452	n/a	WORD	1034726	wordpools/wasnorm_wordpool_less_exclusions.txt	LTP282	ltpFR	0	6	0	COLLAR	345	n/a	n/a	0	0.57763671875	0.412841796875	1	lower	zerothre.ttf
2073.484	n/a	WORD	1036742	wordpools/wasnorm_wordpool_less_exclusions.txt	LTP282	ltpFR	0	6	0	BLOUSE	139	n/a	n/a	0	0.57763671875	0.412841796875	1	lower	zerothre.ttf
2077.464	n/a	WORD	1038732	wordpools/wasnorm_wordpool_less_exclusions.txt	LTP282	ltpFR	0	6	0	WAITER	1580	n/a	n/a	1	0.57763671875	0.412841796875	1	lower	zerothre.ttf
2081.28	n/a	WORD	1040640	wordpools/wasnorm_wordpool_less_exclusions.txt	LTP282	ltpFR	0	6	0	KNUCKLE	789	n/a	n/a	0	0.57763671875	0.412841796875	1	lower	zerothre.ttf
2085.444	n/a	WORD	1042722	wordpools/wasnorm_wordpool_less_exclusions.txt	LTP282	ltpFR	0	6	0	CLAW	319	n/a	n/a	0	0.57763671875	0.412841796875	1	lower	zerothre.ttf
2089.344	n/a	WORD	1044672	wordpools/wasnorm_wordpool_less_exclusions.txt	LTP282	ltpFR	0	6	0	WINDSHIELD	1612	n/a	n/a	1	0.57763671875	0.412841796875	1	lower	zerothre.ttf
2093.426	n/a	WORD	1046713	wordpools/wasnorm_wordpool_less_exclusions.txt	LTP282	ltpFR	0	6	0	WRENCH	1625	n/a	n/a	0	0.57763671875	0.412841796875	1	lower	zerothre.ttf
2097.324	n/a	WORD	1048662	wordpools/wasnorm_wordpool_less_exclusions.txt	LTP282	ltpFR	0	6	0	BILL	126	n/a	n/a	0	0.57763671875	0.412841796875	1	lower	zerothre.ttf
2103.182	n/a	REC_START	1051591	n/a	LTP282	ltpFR	0	6	n/a	n/a	n/a	n/a	n/a	n/a	n/a	n/a	n/a	n/a	n/a
2105.084	n/a	REC_WORD	1052542	wordpools/wasnorm_wordpool_less_exclusions.txt	LTP282	ltpFR	0	6	0	BILL	126	n/a	n/a	0	n/a	n/a	n/a	n/a	n/a
2106.096	n/a	REC_WORD	1053048	wordpools/wasnorm_wordpool_less_exclusions.txt	LTP282	ltpFR	0	6	0	WINDSHIELD	1612	n/a	n/a	1	n/a	n/a	n/a	n/a	n/a
2107.344	n/a	REC_WORD	1053672	wordpools/wasnorm_wordpool_less_exclusions.txt	LTP282	ltpFR	0	6	0	CLAW	319	n/a	n/a	0	n/a	n/a	n/a	n/a	n/a
2108.392	n/a	REC_WORD	1054196	wordpools/wasnorm_wordpool_less_exclusions.txt	LTP282	ltpFR	0	6	0	WRENCH	1625	n/a	n/a	0	n/a	n/a	n/a	n/a	n/a
2110.386	n/a	REC_WORD	1055193	wordpools/wasnorm_wordpool_less_exclusions.txt	LTP282	ltpFR	0	6	0	WITCH	1617	n/a	n/a	1	n/a	n/a	n/a	n/a	n/a
2111.392	n/a	REC_WORD	1055696	wordpools/wasnorm_wordpool_less_exclusions.txt	LTP282	ltpFR	0	6	0	BANDANNA	80	n/a	n/a	0	n/a	n/a	n/a	n/a	n/a
2113.044	n/a	REC_WORD	1056522	wordpools/wasnorm_wordpool_less_exclusions.txt	LTP282	ltpFR	0	6	0	BLOUSE	139	n/a	n/a	0	n/a	n/a	n/a	n/a	n/a
2116.128	n/a	REC_WORD	1058064	wordpools/wasnorm_wordpool_less_exclusions.txt	LTP282	ltpFR	0	6	0	SWEATER	1419	n/a	n/a	0	n/a	n/a	n/a	n/a	n/a
2117.408	n/a	REC_WORD	1058704	wordpools/wasnorm_wordpool_less_exclusions.txt	LTP282	ltpFR	0	6	0	QUILT	1151	n/a	n/a	1	n/a	n/a	n/a	n/a	n/a
2121.196	n/a	REC_WORD	1060598	wordpools/wasnorm_wordpool_less_exclusions.txt	LTP282	ltpFR	0	6	0	WAITER	1580	n/a	n/a	1	n/a	n/a	n/a	n/a	n/a
2122.52	n/a	REC_WORD	1061260	wordpools/wasnorm_wordpool_less_exclusions.txt	LTP282	ltpFR	0	6	0	SERVER	1272	n/a	n/a	1	n/a	n/a	n/a	n/a	n/a
2155.238	n/a	REC_WORD	1077619	wordpools/wasnorm_wordpool_less_exclusions.txt	LTP282	ltpFR	0	6	0	BILL	126	n/a	n/a	0	n/a	n/a	n/a	n/a	n/a
2177.358	n/a	REC_WORD	1088679	wordpools/wasnorm_wordpool_less_exclusions.txt	LTP282	ltpFR	0	6	0	WINDSHIELD	1612	n/a	n/a	1	n/a	n/a	n/a	n/a	n/a
2194.06	n/a	WORD	1097030	wordpools/wasnorm_wordpool_less_exclusions.txt	LTP282	ltpFR	0	7	0	THIGH	1457	n/a	n/a	1	0.57763671875	0.412841796875	1	lower	zerothre.ttf
2198.06	n/a	WORD	1099030	wordpools/wasnorm_wordpool_less_exclusions.txt	LTP282	ltpFR	0	7	0	SALMON	1227	n/a	n/a	1	0.57763671875	0.412841796875	1	lower	zerothre.ttf
2202.276	n/a	WORD	1101138	wordpools/wasnorm_wordpool_less_exclusions.txt	LTP282	ltpFR	0	7	0	BARREL	91	n/a	n/a	1	0.57763671875	0.412841796875	1	lower	zerothre.ttf
2206.208	n/a	WORD	1103104	wordpools/wasnorm_wordpool_less_exclusions.txt	LTP282	ltpFR	0	7	0	SALOON	1228	n/a	n/a	1	0.57763671875	0.412841796875	1	lower	zerothre.ttf
2210.406	n/a	WORD	1105203	wordpools/wasnorm_wordpool_less_exclusions.txt	LTP282	ltpFR	0	7	0	PATIO	1025	n/a	n/a	1	0.57763671875	0.412841796875	1	lower	zerothre.ttf
2214.456	n/a	WORD	1107228	wordpools/wasnorm_wordpool_less_exclusions.txt	LTP282	ltpFR	0	7	0	CRAB	397	n/a	n/a	0	0.57763671875	0.412841796875	1	lower	zerothre.ttf
2218.538	n/a	WORD	1109269	wordpools/wasnorm_wordpool_less_exclusions.txt	LTP282	ltpFR	0	7	0	SCENERY	1247	n/a	n/a	1	0.57763671875	0.412841796875	1	lower	zerothre.ttf
2222.72	n/a	WORD	1111360	wordpools/wasnorm_wordpool_less_exclusions.txt	LTP282	ltpFR	0	7	0	WEED	1599	n/a	n/a	0	0.57763671875	0.412841796875	1	lower	zerothre.ttf
2226.568	n/a	WORD	1113284	wordpools/wasnorm_wordpool_less_exclusions.txt	LTP282	ltpFR	0	7	0	SEAFOOD	1260	n/a	n/a	0	0.57763671875	0.412841796875	1	lower	zerothre.ttf
2230.7	n/a	WORD	1115350	wordpools/wasnorm_wordpool_less_exclusions.txt	LTP282	ltpFR	0	7	0	PEAR	1033	n/a	n/a	0	0.57763671875	0.412841796875	1	lower	zerothre.ttf
2234.566	n/a	WORD	1117283	wordpools/wasnorm_wordpool_less_exclusions.txt	LTP282	ltpFR	0	7	0	SHOP	1290	n/a	n/a	1	0.57763671875	0.412841796875	1	lower	zerothre.ttf
2238.482	n/a	WORD	1119241	wordpools/wasnorm_wordpool_less_exclusions.txt	LTP282	ltpFR	0	7	0	ASTEROID	50	n/a	n/a	1	0.57763671875	0.412841796875	1	lower	zerothre.ttf
2242.496	n/a	WORD	1121248	wordpools/wasnorm_wordpool_less_exclusions.txt	LTP282	ltpFR	0	7	0	ARCHITECT	36	n/a	n/a	1	0.57763671875	0.412841796875	1	lower	zerothre.ttf
2246.462	n/a	WORD	1123231	wordpools/wasnorm_wordpool_less_exclusions.txt	LTP282	ltpFR	0	7	0	ANCHOR	21	n/a	n/a	1	0.57763671875	0.412841796875	1	lower	zerothre.ttf
2250.61	n/a	WORD	1125305	wordpools/wasnorm_wordpool_less_exclusions.txt	LTP282	ltpFR	0	7	0	VIKING	1565	n/a	n/a	1	0.57763671875	0.412841796875	1	lower	zerothre.ttf
2254.71	n/a	WORD	1127355	wordpools/wasnorm_wordpool_less_exclusions.txt	LTP282	ltpFR	0	7	0	SUPERMARKET	1409	n/a	n/a	1	0.57763671875	0.412841796875	1	lower	zerothre.ttf
2260.666	n/a	REC_START	1130333	n/a	LTP282	ltpFR	0	7	n/a	n/a	n/a	n/a	n/a	n/a	n/a	n/a	n/a	n/a	n/a
2261.888	n/a	REC_WORD	1130944	wordpools/wasnorm_wordpool_less_exclusions.txt	LTP282	ltpFR	0	7	0	SUPERMARKET	1409	n/a	n/a	1	n/a	n/a	n/a	n/a	n/a
2263.292	n/a	REC_WORD	1131646	wordpools/wasnorm_wordpool_less_exclusions.txt	LTP282	ltpFR	0	7	0	ANCHOR	21	n/a	n/a	1	n/a	n/a	n/a	n/a	n/a
2264.16	n/a	REC_WORD	1132080	wordpools/wasnorm_wordpool_less_exclusions.txt	LTP282	ltpFR	0	7	0	VIKING	1565	n/a	n/a	1	n/a	n/a	n/a	n/a	n/a
2265.966	n/a	REC_WORD	1132983	wordpools/wasnorm_wordpool_less_exclusions.txt	LTP282	ltpFR	0	7	0	ARCHITECT	36	n/a	n/a	1	n/a	n/a	n/a	n/a	n/a
2267.196	n/a	REC_WORD	1133598	wordpools/wasnorm_wordpool_less_exclusions.txt	LTP282	ltpFR	0	7	0	SCENERY	1247	n/a	n/a	1	n/a	n/a	n/a	n/a	n/a
2268.498	n/a	REC_WORD	1134249	wordpools/wasnorm_wordpool_less_exclusions.txt	LTP282	ltpFR	0	7	0	WEED	1599	n/a	n/a	0	n/a	n/a	n/a	n/a	n/a
2269.638	n/a	REC_WORD	1134819	wordpools/wasnorm_wordpool_less_exclusions.txt	LTP282	ltpFR	0	7	0	THIGH	1457	n/a	n/a	1	n/a	n/a	n/a	n/a	n/a
2271.442	n/a	REC_WORD	1135721	wordpools/wasnorm_wordpool_less_exclusions.txt	LTP282	ltpFR	0	7	0	SALMON	1227	n/a	n/a	1	n/a	n/a	n/a	n/a	n/a
2275.4	n/a	REC_WORD	1137700	wordpools/wasnorm_wordpool_less_exclusions.txt	LTP282	ltpFR	0	7	0	SEAFOOD	1260	n/a	n/a	0	n/a	n/a	n/a	n/a	n/a
2276.93	n/a	REC_WORD	1138465	wordpools/wasnorm_wordpool_less_exclusions.txt	LTP282	ltpFR	0	7	0	CRAB	397	n/a	n/a	0	n/a	n/a	n/a	n/a	n/a
2303.23	n/a	REC_WORD	1151615	wordpools/wasnorm_wordpool_less_exclusions.txt	LTP282	ltpFR	0	7	0	PEAR	1033	n/a	n/a	0	n/a	n/a	n/a	n/a	n/a
2353.186	n/a	WORD	1176593	wordpools/wasnorm_wordpool_less_exclusions.txt	LTP282	ltpFR	0	8	0	BLACKBERRY	132	n/a	n/a	0	0.57763671875	0.412841796875	1	lower	zerothre.ttf
2357.386	n/a	WORD	1178693	wordpools/wasnorm_wordpool_less_exclusions.txt	LTP282	ltpFR	0	8	0	KEYBOARD	774	n/a	n/a	1	0.57763671875	0.412841796875	1	lower	zerothre.ttf
2361.268	n/a	WORD	1180634	wordpools/wasnorm_wordpool_less_exclusions.txt	LTP282	ltpFR	0	8	0	CORK	380	n/a	n/a	0	0.57763671875	0.412841796875	1	lower	zerothre.ttf
2365.316	n/a	WORD	1182658	wordpools/wasnorm_wordpool_less_exclusions.txt	LTP282	ltpFR	0	8	0	STATUE	1374	n/a	n/a	1	0.57763671875	0.412841796875	1	lower	zerothre.ttf
2369.382	n/a	WORD	1184691	wordpools/wasnorm_wordpool_less_exclusions.txt	LTP282	ltpFR	0	8	0	MARSH	874	n/a	n/a	1	0.57763671875	0.412841796875	1	lower	zerothre.ttf
2373.28	n/a	WORD	1186640	wordpools/wasnorm_wordpool_less_exclusions.txt	LTP282	ltpFR	0	8	0	RIVER	1194	n/a	n/a	1	0.57763671875	0.412841796875	1	lower	zerothre.ttf
2377.412	n/a	WORD	1188706	wordpools/wasnorm_wordpool_less_exclusions.txt	LTP282	ltpFR	0	8	0	CHERRY	293	n/a	n/a	0	0.57763671875	0.412841796875	1	lower	zerothre.ttf
2381.46	n/a	WORD	1190730	wordpools/wasnorm_wordpool_less_exclusions.txt	LTP282	ltpFR	0	8	0	BAND	78	n/a	n/a	1	0.57763671875	0.412841796875	1	lower	zerothre.ttf
2385.54	n/a	WORD	1192770	wordpools/wasnorm_wordpool_less_exclusions.txt	LTP282	ltpFR	0	8	0	FOX	598	n/a	n/a	1	0.57763671875	0.412841796875	1	lower	zerothre.ttf
2389.558	n/a	WORD	1194779	wordpools/wasnorm_wordpool_less_exclusions.txt	LTP282	ltpFR	0	8	0	GOAT	644	n/a	n/a	1	0.57763671875	0.412841796875	1	lower	zerothre.ttf
2393.608	n/a	WORD	1196804	wordpools/wasnorm_wordpool_less_exclusions.txt	LTP282	ltpFR	0	8	0	GEM	629	n/a	n/a	0	0.57763671875	0.412841796875	1	lower	zerothre.ttf
2397.622	n/a	WORD	1198811	wordpools/wasnorm_wordpool_less_exclusions.txt	LTP282	ltpFR	0	8	0	RATTLE	1170	n/a	n/a	0	0.57763671875	0.412841796875	1	lower	zerothre.ttf
2401.788	n/a	WORD	1200894	wordpools/wasnorm_wordpool_less_exclusions.txt	LTP282	ltpFR	0	8	0	REPTILE	1185	n/a	n/a	0	0.57763671875	0.412841796875	1	lower	zerothre.ttf
2405.77	n/a	WORD	1202885	wordpools/wasnorm_wordpool_less_exclusions.txt	LTP282	ltpFR	0	8	0	CHESS	294	n/a	n/a	1	0.57763671875	0.412841796875	1	lower	zerothre.ttf
2409.902	n/a	WORD	1204951	wordpools/wasnorm_wordpool_less_exclusions.txt	LTP282	ltpFR	0	8	0	CANVAS	234	n/a	n/a	1	0.57763671875	0.412841796875	1	lower	zerothre.ttf
2413.8	n/a	WORD	1206900	wordpools/wasnorm_wordpool_less_exclusions.txt	LTP282	ltpFR	0	8	0	GREASE	660	n/a	n/a	0	0.57763671875	0.412841796875	1	lower	zerothre.ttf
2419.79	n/a	REC_START	1209895	n/a	LTP282	ltpFR	0	8	n/a	n/a	n/a	n/a	n/a	n/a	n/a	n/a	n/a	n/a	n/a
2421.77	n/a	REC_WORD	1210885	wordpools/wasnorm_wordpool_less_exclusions.txt	LTP282	ltpFR	0	8	0	GREASE	660	n/a	n/a	0	n/a	n/a	n/a	n/a	n/a
2422.776	n/a	REC_WORD	1211388	wordpools/wasnorm_wordpool_less_exclusions.txt	LTP282	ltpFR	0	8	0	CANVAS	234	n/a	n/a	1	n/a	n/a	n/a	n/a	n/a
2423.784	n/a	REC_WORD	1211892	wordpools/wasnorm_wordpool_less_exclusions.txt	LTP282	ltpFR	0	8	0	REPTILE	1185	n/a	n/a	0	n/a	n/a	n/a	n/a	n/a
2425.078	n/a	REC_WORD	1212539	wordpools/wasnorm_wordpool_less_exclusions.txt	LTP282	ltpFR	0	8	0	RATTLE	1170	n/a	n/a	0	n/a	n/a	n/a	n/a	n/a
2428.196	n/a	REC_WORD	1214098	wordpools/wasnorm_wordpool_less_exclusions.txt	LTP282	ltpFR	0	8	0	CHERRY	293	n/a	n/a	0	n/a	n/a	n/a	n/a	n/a
2429.398	n/a	REC_WORD	1214699	wordpools/wasnorm_wordpool_less_exclusions.txt	LTP282	ltpFR	0	8	0	BLACKBERRY	132	n/a	n/a	0	n/a	n/a	n/a	n/a	n/a
2430.892	n/a	REC_WORD	1215446	wordpools/wasnorm_wordpool_less_exclusions.txt	LTP282	ltpFR	0	8	0	KEYBOARD	774	n/a	n/a	1	n/a	n/a	n/a	n/a	n/a
2434.738	n/a	REC_WORD	1217369	wordpools/wasnorm_wordpool_less_exclusions.txt	LTP282	ltpFR	0	8	0	SWAMP	1416	n/a	n/a	1	n/a	n/a	n/a	n/a	n/a
2438.092	n/a	REC_WORD	1219046	wordpools/wasnorm_wordpool_less_exclusions.txt	LTP282	ltpFR	0	8	0	GOAT	644	n/a	n/a	1	n/a	n/a	n/a	n/a	n/a
2451.374	n/a	REC_WORD	1225687	wordpools/wasnorm_wordpool_less_exclusions.txt	LTP282	ltpFR	0	8	0	GEM	629	n/a	n/a	0	n/a	n/a	n/a	n/a	n/a
2460.478	n/a	REC_WORD	1230239	wordpools/wasnorm_wordpool_less_exclusions.txt	LTP282	ltpFR	0	8	0	STATUE	1374	n/a	n/a	1	n/a	n/a	n/a	n/a	n/a
2495.546	n/a	REST_REWET	1247773	n/a	LTP282	ltpFR	0	8	n/a	n/a	n/a	n/a	n/a	n/a	n/a	n/a	n/a	n/a	n/a
2685.388	n/a	WORD	1342694	wordpools/wasnorm_wordpool_less_exclusions.txt	LTP282	ltpFR	0	9	1	PONY	1102	n/a	n/a	1	0.422607421875	0.5869140625	0	upper	amplitud.ttf
2689.488	n/a	WORD	1344744	wordpools/wasnorm_wordpool_less_exclusions.txt	LTP282	ltpFR	0	9	1	BEAVER	109	n/a	n/a	1	0.422607421875	0.5869140625	0	upper	amplitud.ttf
2693.57	n/a	WORD	1346785	wordpools/wasnorm_wordpool_less_exclusions.txt	LTP282	ltpFR	0	9	1	PERCH	1048	n/a	n/a	0	0.422607421875	0.5869140625	0	upper	amplitud.ttf
2697.652	n/a	WORD	1348826	wordpools/wasnorm_wordpool_less_exclusions.txt	LTP282	ltpFR	0	9	1	FEATHER	557	n/a	n/a	0	0.422607421875	0.5869140625	0	upper	amplitud.ttf
2701.534	n/a	WORD	1350767	wordpools/wasnorm_wordpool_less_exclusions.txt	LTP282	ltpFR	0	9	1	BLACKBOARD	133	n/a	n/a	0	0.422607421875	0.5869140625	0	upper	amplitud.ttf
2705.364	n/a	WORD	1352682	wordpools/wasnorm_wordpool_less_exclusions.txt	LTP282	ltpFR	0	9	1	DIPLOMA	470	n/a	n/a	0	0.422607421875	0.5869140625	0	upper	amplitud.ttf
2709.58	n/a	WORD	1354790	wordpools/wasnorm_wordpool_less_exclusions.txt	LTP282	ltpFR	0	9	1	TYPIST	1532	n/a	n/a	1	0.422607421875	0.5869140625	0	upper	amplitud.ttf
2713.446	n/a	WORD	1356723	wordpools/wasnorm_wordpool_less_exclusions.txt	LTP282	ltpFR	0	9	1	VEHICLE	1553	n/a	n/a	0	0.422607421875	0.5869140625	0	upper	amplitud.ttf
2717.444	n/a	WORD	1358722	wordpools/wasnorm_wordpool_less_exclusions.txt	LTP282	ltpFR	0	9	1	PUBLICATION	1136	n/a	n/a	0	0.422607421875	0.5869140625	0	upper	amplitud.ttf
2721.36	n/a	WORD	1360680	wordpools/wasnorm_wordpool_less_exclusions.txt	LTP282	ltpFR	0	9	1	CANDLE	229	n/a	n/a	0	0.422607421875	0.5869140625	0	upper	amplitud.ttf
2725.24	n/a	WORD	1362620	wordpools/wasnorm_wordpool_less_exclusions.txt	LTP282	ltpFR	0	9	1	BEARD	107	n/a	n/a	0	0.422607421875	0.5869140625	0	upper	amplitud.ttf
2729.358	n/a	WORD	1364679	wordpools/wasnorm_wordpool_less_exclusions.txt	LTP282	ltpFR	0	9	1	CHEST	295	n/a	n/a	1	0.422607421875	0.5869140625	0	upper	amplitud.ttf
2733.338	n/a	WORD	1366669	wordpools/wasnorm_wordpool_less_exclusions.txt	LTP282	ltpFR	0	9	1	BULB	192	n/a	n/a	0	0.422607421875	0.5869140625	0	upper	amplitud.ttf
2737.454	n/a	WORD	1368727	wordpools/wasnorm_wordpool_less_exclusions.txt	LTP282	ltpFR	0	9	1	CLERK	321	n/a	n/a	1	0.422607421875	0.5869140625	0	upper	amplitud.ttf
2741.554	n/a	WORD	1370777	wordpools/wasnorm_wordpool_less_exclusions.txt	LTP282	ltpFR	0	9	1	ANT	25	n/a	n/a	1	0.422607421875	0.5869140625	0	upper	amplitud.ttf
2745.602	n/a	WORD	1372801	wordpools/wasnorm_wordpool_less_exclusions.txt	LTP282	ltpFR	0	9	1	NOVEL	960	n/a	n/a	0	0.422607421875	0.5869140625	0	upper	amplitud.ttf
2751.426	n/a	REC_START	1375713	n/a	LTP282	ltpFR	0	9	n/a	n/a	n/a	n/a	n/a	n/a	n/a	n/a	n/a	n/a	n/a
2753.37	n/a	REC_WORD	1376685	wordpools/wasnorm_wordpool_less_exclusions.txt	LTP282	ltpFR	0	9	1	NOVEL	960	n/a	n/a	0	n/a	n/a	n/a	n/a	n/a
2754.702	n/a	REC_WORD	1377351	wordpools/wasnorm_wordpool_less_exclusions.txt	LTP282	ltpFR	0	9	1	TYPIST	1532	n/a	n/a	1	n/a	n/a	n/a	n/a	n/a
2758.326	n/a	REC_WORD	1379163	wordpools/wasnorm_wordpool_less_exclusions.txt	LTP282	ltpFR	0	9	1	ANT	25	n/a	n/a	1	n/a	n/a	n/a	n/a	n/a
2760.326	n/a	REC_WORD	1380163	wordpools/wasnorm_wordpool_less_exclusions.txt	LTP282	ltpFR	0	9	1	CHEST	295	n/a	n/a	1	n/a	n/a	n/a	n/a	n/a
2762.136	n/a	REC_WORD	1381068	wordpools/wasnorm_wordpool_less_exclusions.txt	LTP282	ltpFR	0	9	1	BEAVER	109	n/a	n/a	1	n/a	n/a	n/a	n/a	n/a
2763.328	n/a	REC_WORD	1381664	wordpools/wasnorm_wordpool_less_exclusions.txt	LTP282	ltpFR	0	9	1	PONY	1102	n/a	n/a	1	n/a	n/a	n/a	n/a	n/a
2764.36	n/a	REC_WORD	1382180	wordpools/wasnorm_wordpool_less_exclusions.txt	LTP282	ltpFR	0	9	1	FEATHER	557	n/a	n/a	0	n/a	n/a	n/a	n/a	n/a
2766.004	n/a	REC_WORD	1383002	wordpools/wasnorm_wordpool_less_exclusions.txt	LTP282	ltpFR	0	9	1	BEARD	107	n/a	n/a	0	n/a	n/a	n/a	n/a	n/a
2774.956	n/a	REC_WORD	1387478	wordpools/wasnorm_wordpool_less_exclusions.txt	LTP282	ltpFR	0	9	1	BLACKBOARD	133	n/a	n/a	0	n/a	n/a	n/a	n/a	n/a
2833.688	n/a	WORD	1416844	wordpools/wasnorm_wordpool_less_exclusions.txt	LTP282	ltpFR	0	10	1	WINE	1613	n/a	n/a	0	0.422607421875	0.5869140625	0	upper	amplitud.ttf
2837.654	n/a	WORD	1418827	wordpools/wasnorm_wordpool_less_exclusions.txt	LTP282	ltpFR	0	10	1	COTTAGE	384	n/a	n/a	0	0.422607421875	0.5869140625	0	upper	amplitud.ttf
2841.802	n/a	WORD	1420901	wordpools/wasnorm_wordpool_less_exclusions.txt	LTP282	ltpFR	0	10	1	DUST	508	n/a	n/a	0	0.422607421875	0.5869140625	0	upper	amplitud.ttf
2845.818	n/a	WORD	1422909	wordpools/wasnorm_wordpool_less_exclusions.txt	LTP282	ltpFR	0	10	1	RIB	1188	n/a	n/a	1	0.422607421875	0.5869140625	0	upper	amplitud.ttf
2850.002	n/a	WORD	1425001	wordpools/wasnorm_wordpool_less_exclusions.txt	LTP282	ltpFR	0	10	1	WART	1590	n/a	n/a	1	0.422607421875	0.5869140625	0	upper	amplitud.ttf
2853.882	n/a	WORD	1426941	wordpools/wasnorm_wordpool_less_exclusions.txt	LTP282	ltpFR	0	10	1	DIGGER	464	n/a	n/a	0	0.422607421875	0.5869140625	0	upper	amplitud.ttf
2857.83	n/a	WORD	1428915	wordpools/wasnorm_wordpool_less_exclusions.txt	LTP282	ltpFR	0	10	1	MICROWAVE	892	n/a	n/a	0	0.422607421875	0.5869140625	0	upper	amplitud.ttf
2861.696	n/a	WORD	1430848	wordpools/wasnorm_wordpool_less_exclusions.txt	LTP282	ltpFR	0	10	1	MOP	916	n/a	n/a	0	0.422607421875	0.5869140625	0	upper	amplitud.ttf
2865.528	n/a	WORD	1432764	wordpools/wasnorm_wordpool_less_exclusions.txt	LTP282	ltpFR	0	10	1	HORSE	719	n/a	n/a	1	0.422607421875	0.5869140625	0	upper	amplitud.ttf
2869.476	n/a	WORD	1434738	wordpools/wasnorm_wordpool_less_exclusions.txt	LTP282	ltpFR	0	10	1	POSSUM	1112	n/a	n/a	1	0.422607421875	0.5869140625	0	upper	amplitud.ttf
2873.572	n/a	WORD	1436786	wordpools/wasnorm_wordpool_less_exclusions.txt	LTP282	ltpFR	0	10	1	BUFFALO	186	n/a	n/a	1	0.422607421875	0.5869140625	0	upper	amplitud.ttf
2877.622	n/a	WORD	1438811	wordpools/wasnorm_wordpool_less_exclusions.txt	LTP282	ltpFR	0	10	1	STEAM	1375	n/a	n/a	0	0.422607421875	0.5869140625	0	upper	amplitud.ttf
2881.704	n/a	WORD	1440852	wordpools/wasnorm_wordpool_less_exclusions.txt	LTP282	ltpFR	0	10	1	NEWSPAPER	948	n/a	n/a	0	0.422607421875	0.5869140625	0	upper	amplitud.ttf
2885.67	n/a	WORD	1442835	wordpools/wasnorm_wordpool_less_exclusions.txt	LTP282	ltpFR	0	10	1	OATS	968	n/a	n/a	0	0.422607421875	0.5869140625	0	upper	amplitud.ttf
2889.536	n/a	WORD	1444768	wordpools/wasnorm_wordpool_less_exclusions.txt	LTP282	ltpFR	0	10	1	COW	393	n/a	n/a	1	0.422607421875	0.5869140625	0	upper	amplitud.ttf
2893.702	n/a	WORD	1446851	wordpools/wasnorm_wordpool_less_exclusions.txt	LTP282	ltpFR	0	10	1	FARMER	553	n/a	n/a	1	0.422607421875	0.5869140625	0	upper	amplitud.ttf
2899.458	n/a	REC_START	1449729	n/a	LTP282	ltpFR	0	10	n/a	n/a	n/a	n/a	n/a	n/a	n/a	n/a	n/a	n/a	n/a
2901.328	n/a	REC_WORD	1450664	wordpools/wasnorm_wordpool_less_exclusions.txt	LTP282	ltpFR	0	10	1	COW	393	n/a	n/a	1	n/a	n/a	n/a	n/a	n/a
2902.364	n/a	REC_WORD	1451182	wordpools/wasnorm_wordpool_less_exclusions.txt	LTP282	ltpFR	0	10	1	HORSE	719	n/a	n/a	1	n/a	n/a	n/a	n/a	n/a
2903.574	n/a	REC_WORD	1451787	wordpools/wasnorm_wordpool_less_exclusions.txt	LTP282	ltpFR	0	10	1	BUFFALO	186	n/a	n/a	1	n/a	n/a	n/a	n/a	n/a
2904.542	n/a	REC_WORD	1452271	wordpools/wasnorm_wordpool_less_exclusions.txt	LTP282	ltpFR	0	10	1	FARMER	553	n/a	n/a	1	n/a	n/a	n/a	n/a	n/a
2906.778	n/a	REC_WORD	1453389	wordpools/wasnorm_wordpool_less_exclusions.txt	LTP282	ltpFR	0	10	1	COTTAGE	384	n/a	n/a	0	n/a	n/a	n/a	n/a	n/a
2907.838	n/a	REC_WORD	1453919	wordpools/wasnorm_wordpool_less_exclusions.txt	LTP282	ltpFR	0	10	1	STEAM	1375	n/a	n/a	0	n/a	n/a	n/a	n/a	n/a
2910.62	n/a	REC_WORD	1455310	wordpools/wasnorm_wordpool_less_exclusions.txt	LTP282	ltpFR	0	10	1	OATS	968	n/a	n/a	0	n/a	n/a	n/a	n/a	n/a
2912.268	n/a	REC_WORD	1456134	wordpools/wasnorm_wordpool_less_exclusions.txt	LTP282	ltpFR	0	10	1	MOP	916	n/a	n/a	0	n/a	n/a	n/a	n/a	n/a
2913.698	n/a	REC_WORD	1456849	wordpools/wasnorm_wordpool_less_exclusions.txt	LTP282	ltpFR	0	10	1	DUST	508	n/a	n/a	0	n/a	n/a	n/a	n/a	n/a
2915.698	n/a	REC_WORD	1457849	wordpools/wasnorm_wordpool_less_exclusions.txt	LTP282	ltpFR	0	10	1	RIB	1188	n/a	n/a	1	n/a	n/a	n/a	n/a	n/a
2926.488	n/a	REC_WORD	1463244	wordpools/wasnorm_wordpool_less_exclusions.txt	LTP282	ltpFR	0	10	1	WINE	1613	n/a	n/a	0	n/a	n/a	n/a	n/a	n/a
2955.622	n/a	REC_WORD	1477811	wordpools/wasnorm_wordpool_less_exclusions.txt	LTP282	ltpFR	0	10	1	FARMER	553	n/a	n/a	1	n/a	n/a	n/a	n/a	n/a
2988.162	n/a	WORD	1494081	wordpools/wasnorm_wordpool_less_exclusions.txt	LTP282	ltpFR	0	11	1	ORCHID	982	n/a	n/a	1	0.422607421875	0.5869140625	0	upper	amplitud.ttf
2992.11	n/a	WORD	1496055	wordpools/wasnorm_wordpool_less_exclusions.txt	LTP282	ltpFR	0	11	1	RABBIT	1152	n/a	n/a	1	0.422607421875	0.5869140625	0	upper	amplitud.ttf
2996.11	n/a	WORD	1498055	wordpools/wasnorm_wordpool_less_exclusions.txt	LTP282	ltpFR	0	11	1	CAFETERIA	217	n/a	n/a	0	0.422607421875	0.5869140625	0	upper	amplitud.ttf
3000.174	n/a	WORD	1500087	wordpools/wasnorm_wordpool_less_exclusions.txt	LTP282	ltpFR	0	11	1	FOREHEAD	592	n/a	n/a	1	0.422607421875	0.5869140625	0	upper	amplitud.ttf
3004.238	n/a	WORD	1502119	wordpools/wasnorm_wordpool_less_exclusions.txt	LTP282	ltpFR	0	11	1	BUNNY	198	n/a	n/a	1	0.422607421875	0.5869140625	0	upper	amplitud.ttf
3008.356	n/a	WORD	1504178	wordpools/wasnorm_wordpool_less_exclusions.txt	LTP282	ltpFR	0	11	1	BROCCOLI	176	n/a	n/a	1	0.422607421875	0.5869140625	0	upper	amplitud.ttf
3012.438	n/a	WORD	1506219	wordpools/wasnorm_wordpool_less_exclusions.txt	LTP282	ltpFR	0	11	1	BRUNETTE	181	n/a	n/a	1	0.422607421875	0.5869140625	0	upper	amplitud.ttf
3016.572	n/a	WORD	1508286	wordpools/wasnorm_wordpool_less_exclusions.txt	LTP282	ltpFR	0	11	1	DORM	488	n/a	n/a	0	0.422607421875	0.5869140625	0	upper	amplitud.ttf
3020.486	n/a	WORD	1510243	wordpools/wasnorm_wordpool_less_exclusions.txt	LTP282	ltpFR	0	11	1	CABINET	212	n/a	n/a	0	0.422607421875	0.5869140625	0	upper	amplitud.ttf
3024.518	n/a	WORD	1512259	wordpools/wasnorm_wordpool_less_exclusions.txt	LTP282	ltpFR	0	11	1	COP	376	n/a	n/a	1	0.422607421875	0.5869140625	0	upper	amplitud.ttf
3028.716	n/a	WORD	1514358	wordpools/wasnorm_wordpool_less_exclusions.txt	LTP282	ltpFR	0	11	1	WHALE	1601	n/a	n/a	1	0.422607421875	0.5869140625	0	upper	amplitud.ttf
3032.716	n/a	WORD	1516358	wordpools/wasnorm_wordpool_less_exclusions.txt	LTP282	ltpFR	0	11	1	PIKE	1067	n/a	n/a	1	0.422607421875	0.5869140625	0	upper	amplitud.ttf
3036.782	n/a	WORD	1518391	wordpools/wasnorm_wordpool_less_exclusions.txt	LTP282	ltpFR	0	11	1	PUMPKIN	1142	n/a	n/a	1	0.422607421875	0.5869140625	0	upper	amplitud.ttf
3040.848	n/a	WORD	1520424	wordpools/wasnorm_wordpool_less_exclusions.txt	LTP282	ltpFR	0	11	1	PEACH	1031	n/a	n/a	1	0.422607421875	0.5869140625	0	upper	amplitud.ttf
3045.03	n/a	WORD	1522515	wordpools/wasnorm_wordpool_less_exclusions.txt	LTP282	ltpFR	0	11	1	CHAPEL	280	n/a	n/a	0	0.422607421875	0.5869140625	0	upper	amplitud.ttf
3048.962	n/a	WORD	1524481	wordpools/wasnorm_wordpool_less_exclusions.txt	LTP282	ltpFR	0	11	1	SODA	1341	n/a	n/a	0	0.422607421875	0.5869140625	0	upper	amplitud.ttf
3054.634	n/a	REC_START	1527317	n/a	LTP282	ltpFR	0	11	n/a	n/a	n/a	n/a	n/a	n/a	n/a	n/a	n/a	n/a	n/a
3056.398	n/a	REC_WORD	1528199	wordpools/wasnorm_wordpool_less_exclusions.txt	LTP282	ltpFR	0	11	1	SODA	1341	n/a	n/a	0	n/a	n/a	n/a	n/a	n/a
3057.47	n/a	REC_WORD	1528735	wordpools/wasnorm_wordpool_less_exclusions.txt	LTP282	ltpFR	0	11	1	PUMPKIN	1142	n/a	n/a	1	n/a	n/a	n/a	n/a	n/a
3059.354	n/a	REC_WORD	1529677	wordpools/wasnorm_wordpool_less_exclusions.txt	LTP282	ltpFR	0	11	1	PIKE	1067	n/a	n/a	1	n/a	n/a	n/a	n/a	n/a
3062.44	n/a	REC_WORD	1531220	wordpools/wasnorm_wordpool_less_exclusions.txt	LTP282	ltpFR	0	11	1	CAFETERIA	217	n/a	n/a	0	n/a	n/a	n/a	n/a	n/a
3064.254	n/a	REC_WORD	1532127	wordpools/wasnorm_wordpool_less_exclusions.txt	LTP282	ltpFR	0	11	1	CHAPEL	280	n/a	n/a	0	n/a	n/a	n/a	n/a	n/a
3066.748	n/a	REC_WORD	1533374	wordpools/wasnorm_wordpool_less_exclusions.txt	LTP282	ltpFR	0	11	1	RABBIT	1152	n/a	n/a	1	n/a	n/a	n/a	n/a	n/a
3068.532	n/a	REC_WORD	1534266	wordpools/wasnorm_wordpool_less_exclusions.txt	LTP282	ltpFR	0	11	1	BUNNY	198	n/a	n/a	1	n/a	n/a	n/a	n/a	n/a
3075.962	n/a	REC_WORD	1537981	wordpools/wasnorm_wordpool_less_exclusions.txt	LTP282	ltpFR	0	11	1	WHALE	1601	n/a	n/a	1	n/a	n/a	n/a	n/a	n/a
3077.364	n/a	REC_WORD	1538682	wordpools/wasnorm_wordpool_less_exclusions.txt	LTP282	ltpFR	0	11	1	COP	376	n/a	n/a	1	n/a	n/a	n/a	n/a	n/a
3081.486	n/a	REC_WORD	1540743	wordpools/wasnorm_wordpool_less_exclusions.txt	LTP282	ltpFR	0	11	1	PIKE	1067	n/a	n/a	1	n/a	n/a	n/a	n/a	n/a
3086.644	n/a	REC_WORD	1543322	wordpools/wasnorm_wordpool_less_exclusions.txt	LTP282	ltpFR	0	11	1	DORM	488	n/a	n/a	0	n/a	n/a	n/a	n/a	n/a
3089.72	n/a	REC_WORD	1544860	wordpools/wasnorm_wordpool_less_exclusions.txt	LTP282	ltpFR	0	11	1	CAFETERIA	217	n/a	n/a	0	n/a	n/a	n/a	n/a	n/a
3106.634	n/a	REC_WORD	1553317	wordpools/wasnorm_wordpool_less_exclusions.txt	LTP282	ltpFR	0	11	1	BRUNETTE	181	n/a	n/a	1	n/a	n/a	n/a	n/a	n/a
3157.542	n/a	WORD	1578771	wordpools/wasnorm_wordpool_less_exclusions.txt	LTP282	ltpFR	0	12	1	DETECTIVE	454	n/a	n/a	1	0.422607421875	0.5869140625	0	upper	amplitud.ttf
3161.758	n/a	WORD	1580879	wordpools/wasnorm_wordpool_less_exclusions.txt	LTP282	ltpFR	0	12	1	BADGE	68	n/a	n/a	0	0.422607421875	0.5869140625	0	upper	amplitud.ttf
3165.958	n/a	WORD	1582979	wordpools/wasnorm_wordpool_less_exclusions.txt	LTP282	ltpFR	0	12	1	CUE	422	n/a	n/a	0	0.422607421875	0.5869140625	0	upper	amplitud.ttf
3169.99	n/a	WORD	1584995	wordpools/wasnorm_wordpool_less_exclusions.txt	LTP282	ltpFR	0	12	1	STREAM	1392	n/a	n/a	0	0.422607421875	0.5869140625	0	upper	amplitud.ttf
3173.838	n/a	WORD	1586919	wordpools/wasnorm_wordpool_less_exclusions.txt	LTP282	ltpFR	0	12	1	VALLEY	1545	n/a	n/a	0	0.422607421875	0.5869140625	0	upper	amplitud.ttf
3177.804	n/a	WORD	1588902	wordpools/wasnorm_wordpool_less_exclusions.txt	LTP282	ltpFR	0	12	1	SANDPAPER	1231	n/a	n/a	0	0.422607421875	0.5869140625	0	upper	amplitud.ttf
3181.986	n/a	WORD	1590993	wordpools/wasnorm_wordpool_less_exclusions.txt	LTP282	ltpFR	0	12	1	WAND	1586	n/a	n/a	0	0.422607421875	0.5869140625	0	upper	amplitud.ttf
3185.85	n/a	WORD	1592925	wordpools/wasnorm_wordpool_less_exclusions.txt	LTP282	ltpFR	0	12	1	BUGLE	189	n/a	n/a	0	0.422607421875	0.5869140625	0	upper	amplitud.ttf
3189.75	n/a	WORD	1594875	wordpools/wasnorm_wordpool_less_exclusions.txt	LTP282	ltpFR	0	12	1	SAXOPHONE	1240	n/a	n/a	0	0.422607421875	0.5869140625	0	upper	amplitud.ttf
3193.832	n/a	WORD	1596916	wordpools/wasnorm_wordpool_less_exclusions.txt	LTP282	ltpFR	0	12	1	PARROT	1015	n/a	n/a	1	0.422607421875	0.5869140625	0	upper	amplitud.ttf
3197.948	n/a	WORD	1598974	wordpools/wasnorm_wordpool_less_exclusions.txt	LTP282	ltpFR	0	12	1	POET	1095	n/a	n/a	1	0.422607421875	0.5869140625	0	upper	amplitud.ttf
3201.812	n/a	WORD	1600906	wordpools/wasnorm_wordpool_less_exclusions.txt	LTP282	ltpFR	0	12	1	LUMBER	848	n/a	n/a	1	0.422607421875	0.5869140625	0	upper	amplitud.ttf
3205.728	n/a	WORD	1602864	wordpools/wasnorm_wordpool_less_exclusions.txt	LTP282	ltpFR	0	12	1	MARINE	869	n/a	n/a	0	0.422607421875	0.5869140625	0	upper	amplitud.ttf
3209.894	n/a	WORD	1604947	wordpools/wasnorm_wordpool_less_exclusions.txt	LTP282	ltpFR	0	12	1	DOVE	491	n/a	n/a	1	0.422607421875	0.5869140625	0	upper	amplitud.ttf
3214.11	n/a	WORD	1607055	wordpools/wasnorm_wordpool_less_exclusions.txt	LTP282	ltpFR	0	12	1	TICK	1463	n/a	n/a	1	0.422607421875	0.5869140625	0	upper	amplitud.ttf
3218.056	n/a	WORD	1609028	wordpools/wasnorm_wordpool_less_exclusions.txt	LTP282	ltpFR	0	12	1	NICKEL	950	n/a	n/a	0	0.422607421875	0.5869140625	0	upper	amplitud.ttf
3223.88	n/a	REC_START	1611940	n/a	LTP282	ltpFR	0	12	n/a	n/a	n/a	n/a	n/a	n/a	n/a	n/a	n/a	n/a	n/a
3225.546	n/a	REC_WORD	1612773	wordpools/wasnorm_wordpool_less_exclusions.txt	LTP282	ltpFR	0	12	1	NICKEL	950	n/a	n/a	0	n/a	n/a	n/a	n/a	n/a
3226.524	n/a	REC_WORD	1613262	wordpools/wasnorm_wordpool_less_exclusions.txt	LTP282	ltpFR	0	12	1	DOVE	491	n/a	n/a	1	n/a	n/a	n/a	n/a	n/a
3227.29	n/a	REC_WORD	1613645	wordpools/wasnorm_wordpool_less_exclusions.txt	LTP282	ltpFR	0	12	1	TICK	1463	n/a	n/a	1	n/a	n/a	n/a	n/a	n/a
3229.116	n/a	REC_WORD	1614558	wordpools/wasnorm_wordpool_less_exclusions.txt	LTP282	ltpFR	0	12	1	MARINE	869	n/a	n/a	0	n/a	n/a	n/a	n/a	n/a
3230.418	n/a	REC_WORD	1615209	wordpools/wasnorm_wordpool_less_exclusions.txt	LTP282	ltpFR	0	12	1	PARROT	1015	n/a	n/a	1	n/a	n/a	n/a	n/a	n/a
3231.442	n/a	REC_WORD	1615721	wordpools/wasnorm_wordpool_less_exclusions.txt	LTP282	ltpFR	0	12	1	POET	1095	n/a	n/a	1	n/a	n/a	n/a	n/a	n/a
3234.358	n/a	REC_WORD	1617179	wordpools/wasnorm_wordpool_less_exclusions.txt	LTP282	ltpFR	0	12	1	WAND	1586	n/a	n/a	0	n/a	n/a	n/a	n/a	n/a
3236.414	n/a	REC_WORD	1618207	wordpools/wasnorm_wordpool_less_exclusions.txt	LTP282	ltpFR	0	12	1	VALLEY	1545	n/a	n/a	0	n/a	n/a	n/a	n/a	n/a
3245.138	n/a	REC_WORD	1622569	wordpools/wasnorm_wordpool_less_exclusions.txt	LTP282	ltpFR	0	12	1	BUGLE	189	n/a	n/a	0	n/a	n/a	n/a	n/a	n/a
3246.114	n/a	REC_WORD	1623057	wordpools/wasnorm_wordpool_less_exclusions.txt	LTP282	ltpFR	0	12	1	SAXOPHONE	1240	n/a	n/a	0	n/a	n/a	n/a	n/a	n/a
3269.29	n/a	REC_WORD	1634645	wordpools/wasnorm_wordpool_less_exclusions.txt	LTP282	ltpFR	0	12	1	STREAM	1392	n/a	n/a	0	n/a	n/a	n/a	n/a	n/a
3275.348	n/a	REC_WORD	1637674	wordpools/wasnorm_wordpool_less_exclusions.txt	LTP282	ltpFR	0	12	1	NICKEL	950	n/a	n/a	0	n/a	n/a	n/a	n/a	n/a
3317.772	n/a	WORD	1658886	wordpools/wasnorm_wordpool_less_exclusions.txt	LTP282	ltpFR	0	13	1	CHIPMUNK	304	n/a	n/a	1	0.422607421875	0.5869140625	0	upper	amplitud.ttf
3321.67	n/a	WORD	1660835	wordpools/wasnorm_wordpool_less_exclusions.txt	LTP282	ltpFR	0	13	1	ALMOND	18	n/a	n/a	0	0.422607421875	0.5869140625	0	upper	amplitud.ttf
3325.852	n/a	WORD	1662926	wordpools/wasnorm_wordpool_less_exclusions.txt	LTP282	ltpFR	0	13	0	STOMACH	1384	n/a	n/a	0	0.57763671875	0.412841796875	1	lower	zerothre.ttf
3329.734	n/a	WORD	1664867	wordpools/wasnorm_wordpool_less_exclusions.txt	LTP282	ltpFR	0	13	0	ABDOMEN	1	n/a	n/a	1	0.57763671875	0.412841796875	1	lower	zerothre.ttf
3333.916	n/a	WORD	1666958	wordpools/wasnorm_wordpool_less_exclusions.txt	LTP282	ltpFR	0	13	0	CAT	257	n/a	n/a	0	0.57763671875	0.412841796875	1	lower	zerothre.ttf
3337.982	n/a	WORD	1668991	wordpools/wasnorm_wordpool_less_exclusions.txt	LTP282	ltpFR	0	13	0	WALRUS	1585	n/a	n/a	1	0.57763671875	0.412841796875	1	lower	zerothre.ttf
3342.148	n/a	WORD	1671074	wordpools/wasnorm_wordpool_less_exclusions.txt	LTP282	ltpFR	0	13	0	HOOD	714	n/a	n/a	0	0.57763671875	0.412841796875	1	lower	zerothre.ttf
3346.346	n/a	WORD	1673173	wordpools/wasnorm_wordpool_less_exclusions.txt	LTP282	ltpFR	0	13	0	OCTOPUS	971	n/a	n/a	0	0.57763671875	0.412841796875	1	lower	zerothre.ttf
3350.23	n/a	WORD	1675115	wordpools/wasnorm_wordpool_less_exclusions.txt	LTP282	ltpFR	0	13	1	TUNA	1518	n/a	n/a	1	0.422607421875	0.5869140625	0	upper	amplitud.ttf
3354.06	n/a	WORD	1677030	wordpools/wasnorm_wordpool_less_exclusions.txt	LTP282	ltpFR	0	13	1	LAVA	804	n/a	n/a	0	0.422607421875	0.5869140625	0	upper	amplitud.ttf
3358.226	n/a	WORD	1679113	wordpools/wasnorm_wordpool_less_exclusions.txt	LTP282	ltpFR	0	13	1	DIME	466	n/a	n/a	0	0.422607421875	0.5869140625	0	upper	amplitud.ttf
3362.242	n/a	WORD	1681121	wordpools/wasnorm_wordpool_less_exclusions.txt	LTP282	ltpFR	0	13	1	RADIATOR	1156	n/a	n/a	0	0.422607421875	0.5869140625	0	upper	amplitud.ttf
3366.29	n/a	WORD	1683145	wordpools/wasnorm_wordpool_less_exclusions.txt	LTP282	ltpFR	0	13	0	SPHINX	1349	n/a	n/a	1	0.57763671875	0.412841796875	1	lower	zerothre.ttf
3370.122	n/a	WORD	1685061	wordpools/wasnorm_wordpool_less_exclusions.txt	LTP282	ltpFR	0	13	0	BANK	83	n/a	n/a	1	0.57763671875	0.412841796875	1	lower	zerothre.ttf
3373.952	n/a	WORD	1686976	wordpools/wasnorm_wordpool_less_exclusions.txt	LTP282	ltpFR	0	13	1	BARN	89	n/a	n/a	0	0.422607421875	0.5869140625	0	upper	amplitud.ttf
3377.902	n/a	WORD	1688951	wordpools/wasnorm_wordpool_less_exclusions.txt	LTP282	ltpFR	0	13	1	FATHER	554	n/a	n/a	1	0.422607421875	0.5869140625	0	upper	amplitud.ttf
3383.758	n/a	REC_START	1691879	n/a	LTP282	ltpFR	0	13	n/a	n/a	n/a	n/a	n/a	n/a	n/a	n/a	n/a	n/a	n/a
3386.644	n/a	REC_WORD	1693322	wordpools/wasnorm_wordpool_less_exclusions.txt	LTP282	ltpFR	0	13	1	BARN	89	n/a	n/a	0	n/a	n/a	n/a	n/a	n/a
3387.466	n/a	REC_WORD	1693733	wordpools/wasnorm_wordpool_less_exclusions.txt	LTP282	ltpFR	0	13	1	FATHER	554	n/a	n/a	1	n/a	n/a	n/a	n/a	n/a
3388.486	n/a	REC_WORD	1694243	wordpools/wasnorm_wordpool_less_exclusions.txt	LTP282	ltpFR	0	13	0	SPHINX	1349	n/a	n/a	1	n/a	n/a	n/a	n/a	n/a
3389.982	n/a	REC_WORD	1694991	wordpools/wasnorm_wordpool_less_exclusions.txt	LTP282	ltpFR	0	13	1	DIME	466	n/a	n/a	0	n/a	n/a	n/a	n/a	n/a
3390.904	n/a	REC_WORD	1695452	wordpools/wasnorm_wordpool_less_exclusions.txt	LTP282	ltpFR	0	13	0	HOOD	714	n/a	n/a	0	n/a	n/a	n/a	n/a	n/a
3392.378	n/a	REC_WORD	1696189	wordpools/wasnorm_wordpool_less_exclusions.txt	LTP282	ltpFR	0	13	0	CAT	257	n/a	n/a	0	n/a	n/a	n/a	n/a	n/a
3394.722	n/a	REC_WORD	1697361	wordpools/wasnorm_wordpool_less_exclusions.txt	LTP282	ltpFR	0	13	0	WALRUS	1585	n/a	n/a	1	n/a	n/a	n/a	n/a	n/a
3422.812	n/a	REC_WORD	1711406	wordpools/wasnorm_wordpool_less_exclusions.txt	LTP282	ltpFR	0	13	0	OCTOPUS	971	n/a	n/a	0	n/a	n/a	n/a	n/a	n/a
3431.414	n/a	REC_WORD	1715707	wordpools/wasnorm_wordpool_less_exclusions.txt	LTP282	ltpFR	0	13	0	STOMACH	1384	n/a	n/a	0	n/a	n/a	n/a	n/a	n/a
3432.322	n/a	REC_WORD	1716161	wordpools/wasnorm_wordpool_less_exclusions.txt	LTP282	ltpFR	0	13	0	ABDOMEN	1	n/a	n/a	1	n/a	n/a	n/a	n/a	n/a
3491.954	n/a	WORD	1745977	wordpools/wasnorm_wordpool_less_exclusions.txt	LTP282	ltpFR	0	14	0	INSTRUCTOR	741	n/a	n/a	1	0.57763671875	0.412841796875	1	lower	zerothre.ttf
3495.886	n/a	WORD	1747943	wordpools/wasnorm_wordpool_less_exclusions.txt	LTP282	ltpFR	0	14	0	CEREAL	272	n/a	n/a	0	0.57763671875	0.412841796875	1	lower	zerothre.ttf
3499.918	n/a	WORD	1749959	wordpools/wasnorm_wordpool_less_exclusions.txt	LTP282	ltpFR	0	14	1	CANAL	226	n/a	n/a	0	0.422607421875	0.5869140625	0	upper	amplitud.ttf
3504.0	n/a	WORD	1752000	wordpools/wasnorm_wordpool_less_exclusions.txt	LTP282	ltpFR	0	14	1	SPRINKLE	1359	n/a	n/a	0	0.422607421875	0.5869140625	0	upper	amplitud.ttf
3507.914	n/a	WORD	1753957	wordpools/wasnorm_wordpool_less_exclusions.txt	LTP282	ltpFR	0	14	1	RICE	1190	n/a	n/a	0	0.422607421875	0.5869140625	0	upper	amplitud.ttf
3511.93	n/a	WORD	1755965	wordpools/wasnorm_wordpool_less_exclusions.txt	LTP282	ltpFR	0	14	1	CABIN	211	n/a	n/a	0	0.422607421875	0.5869140625	0	upper	amplitud.ttf
3516.146	n/a	WORD	1758073	wordpools/wasnorm_wordpool_less_exclusions.txt	LTP282	ltpFR	0	14	0	FROG	608	n/a	n/a	0	0.57763671875	0.412841796875	1	lower	zerothre.ttf
3520.028	n/a	WORD	1760014	wordpools/wasnorm_wordpool_less_exclusions.txt	LTP282	ltpFR	0	14	0	RESTAURANT	1187	n/a	n/a	0	0.57763671875	0.412841796875	1	lower	zerothre.ttf
3524.16	n/a	WORD	1762080	wordpools/wasnorm_wordpool_less_exclusions.txt	LTP282	ltpFR	0	14	0	SIRLOIN	1311	n/a	n/a	0	0.57763671875	0.412841796875	1	lower	zerothre.ttf
3528.074	n/a	WORD	1764037	wordpools/wasnorm_wordpool_less_exclusions.txt	LTP282	ltpFR	0	14	0	PLASTER	1085	n/a	n/a	0	0.57763671875	0.412841796875	1	lower	zerothre.ttf
3531.94	n/a	WORD	1765970	wordpools/wasnorm_wordpool_less_exclusions.txt	LTP282	ltpFR	0	14	0	COMMANDER	354	n/a	n/a	1	0.57763671875	0.412841796875	1	lower	zerothre.ttf
3536.09	n/a	WORD	1768045	wordpools/wasnorm_wordpool_less_exclusions.txt	LTP282	ltpFR	0	14	0	PRIEST	1122	n/a	n/a	1	0.57763671875	0.412841796875	1	lower	zerothre.ttf
3540.206	n/a	WORD	1770103	wordpools/wasnorm_wordpool_less_exclusions.txt	LTP282	ltpFR	0	14	1	MONK	910	n/a	n/a	1	0.422607421875	0.5869140625	0	upper	amplitud.ttf
3544.42	n/a	WORD	1772210	wordpools/wasnorm_wordpool_less_exclusions.txt	LTP282	ltpFR	0	14	1	MOUSE	925	n/a	n/a	1	0.422607421875	0.5869140625	0	upper	amplitud.ttf
3548.488	n/a	WORD	1774244	wordpools/wasnorm_wordpool_less_exclusions.txt	LTP282	ltpFR	0	14	1	SKIRT	1319	n/a	n/a	0	0.422607421875	0.5869140625	0	upper	amplitud.ttf
3552.418	n/a	WORD	1776209	wordpools/wasnorm_wordpool_less_exclusions.txt	LTP282	ltpFR	0	14	1	LEADER	807	n/a	n/a	1	0.422607421875	0.5869140625	0	upper	amplitud.ttf
3558.326	n/a	REC_START	1779163	n/a	LTP282	ltpFR	0	14	n/a	n/a	n/a	n/a	n/a	n/a	n/a	n/a	n/a	n/a	n/a
3559.964	n/a	REC_WORD	1779982	wordpools/wasnorm_wordpool_less_exclusions.txt	LTP282	ltpFR	0	14	1	LEADER	807	n/a	n/a	1	n/a	n/a	n/a	n/a	n/a
3560.608	n/a	REC_WORD	1780304	wordpools/wasnorm_wordpool_less_exclusions.txt	LTP282	ltpFR	0	14	1	SKIRT	1319	n/a	n/a	0	n/a	n/a	n/a	n/a	n/a
3561.81	n/a	REC_WORD	1780905	wordpools/wasnorm_wordpool_less_exclusions.txt	LTP282	ltpFR	0	14	1	MOUSE	925	n/a	n/a	1	n/a	n/a	n/a	n/a	n/a
3562.67	n/a	REC_WORD	1781335	wordpools/wasnorm_wordpool_less_exclusions.txt	LTP282	ltpFR	0	14	1	MONK	910	n/a	n/a	1	n/a	n/a	n/a	n/a	n/a
3564.388	n/a	REC_WORD	1782194	wordpools/wasnorm_wordpool_less_exclusions.txt	LTP282	ltpFR	0	14	0	COMMANDER	354	n/a	n/a	1	n/a	n/a	n/a	n/a	n/a
3565.672	n/a	REC_WORD	1782836	wordpools/wasnorm_wordpool_less_exclusions.txt	LTP282	ltpFR	0	14	0	PRIEST	1122	n/a	n/a	1	n/a	n/a	n/a	n/a	n/a
3566.77	n/a	REC_WORD	1783385	wordpools/wasnorm_wordpool_less_exclusions.txt	LTP282	ltpFR	0	14	0	CEREAL	272	n/a	n/a	0	n/a	n/a	n/a	n/a	n/a
3569.508	n/a	REC_WORD	1784754	wordpools/wasnorm_wordpool_less_exclusions.txt	LTP282	ltpFR	0	14	0	PLASTER	1085	n/a	n/a	0	n/a	n/a	n/a	n/a	n/a
3660.246	n/a	WORD	1830123	wordpools/wasnorm_wordpool_less_exclusions.txt	LTP282	ltpFR	0	15	1	GARDEN	623	n/a	n/a	1	0.422607421875	0.5869140625	0	upper	amplitud.ttf
3664.28	n/a	WORD	1832140	wordpools/wasnorm_wordpool_less_exclusions.txt	LTP282	ltpFR	0	15	1	RECEPTIONIST	1174	n/a	n/a	1	0.422607421875	0.5869140625	0	upper	amplitud.ttf
3668.346	n/a	WORD	1834173	wordpools/wasnorm_wordpool_less_exclusions.txt	LTP282	ltpFR	0	15	1	BONE	148	n/a	n/a	1	0.422607421875	0.5869140625	0	upper	amplitud.ttf
3672.344	n/a	WORD	1836172	wordpools/wasnorm_wordpool_less_exclusions.txt	LTP282	ltpFR	0	15	0	WOMAN	1620	n/a	n/a	1	0.57763671875	0.412841796875	1	lower	zerothre.ttf
3676.274	n/a	WORD	1838137	wordpools/wasnorm_wordpool_less_exclusions.txt	LTP282	ltpFR	0	15	0	BULLY	196	n/a	n/a	1	0.57763671875	0.412841796875	1	lower	zerothre.ttf
3680.106	n/a	WORD	1840053	wordpools/wasnorm_wordpool_less_exclusions.txt	LTP282	ltpFR	0	15	0	TURNIP	1521	n/a	n/a	0	0.57763671875	0.412841796875	1	lower	zerothre.ttf
3684.038	n/a	WORD	1842019	wordpools/wasnorm_wordpool_less_exclusions.txt	LTP282	ltpFR	0	15	0	DUNE	506	n/a	n/a	1	0.57763671875	0.412841796875	1	lower	zerothre.ttf
3688.104	n/a	WORD	1844052	wordpools/wasnorm_wordpool_less_exclusions.txt	LTP282	ltpFR	0	15	0	BRAN	167	n/a	n/a	0	0.57763671875	0.412841796875	1	lower	zerothre.ttf
3692.22	n/a	WORD	1846110	wordpools/wasnorm_wordpool_less_exclusions.txt	LTP282	ltpFR	0	15	1	PICNIC	1060	n/a	n/a	0	0.422607421875	0.5869140625	0	upper	amplitud.ttf
3696.234	n/a	WORD	1848117	wordpools/wasnorm_wordpool_less_exclusions.txt	LTP282	ltpFR	0	15	1	TIMBER	1469	n/a	n/a	1	0.422607421875	0.5869140625	0	upper	amplitud.ttf
3700.336	n/a	WORD	1850168	wordpools/wasnorm_wordpool_less_exclusions.txt	LTP282	ltpFR	0	15	1	TREE	1502	n/a	n/a	1	0.422607421875	0.5869140625	0	upper	amplitud.ttf
3704.182	n/a	WORD	1852091	wordpools/wasnorm_wordpool_less_exclusions.txt	LTP282	ltpFR	0	15	1	ROBE	1198	n/a	n/a	0	0.422607421875	0.5869140625	0	upper	amplitud.ttf
3708.298	n/a	WORD	1854149	wordpools/wasnorm_wordpool_less_exclusions.txt	LTP282	ltpFR	0	15	1	DRESS	495	n/a	n/a	0	0.422607421875	0.5869140625	0	upper	amplitud.ttf
3712.396	n/a	WORD	1856198	wordpools/wasnorm_wordpool_less_exclusions.txt	LTP282	ltpFR	0	15	0	SPINACH	1352	n/a	n/a	0	0.57763671875	0.412841796875	1	lower	zerothre.ttf
3716.478	n/a	WORD	1858239	wordpools/wasnorm_wordpool_less_exclusions.txt	LTP282	ltpFR	0	15	0	SUPERVISOR	1410	n/a	n/a	1	0.57763671875	0.412841796875	1	lower	zerothre.ttf
3720.646	n/a	WORD	1860323	wordpools/wasnorm_wordpool_less_exclusions.txt	LTP282	ltpFR	0	15	0	COCOON	339	n/a	n/a	0	0.57763671875	0.412841796875	1	lower	zerothre.ttf
3726.502	n/a	REC_START	1863251	n/a	LTP282	ltpFR	0	15	n/a	n/a	n/a	n/a	n/a	n/a	n/a	n/a	n/a	n/a	n/a
3727.902	n/a	REC_WORD	1863951	wordpools/wasnorm_wordpool_less_exclusions.txt	LTP282	ltpFR	0	15	0	SPINACH	1352	n/a	n/a	0	n/a	n/a	n/a	n/a	n/a
3729.04	n/a	REC_WORD	1864520	wordpools/wasnorm_wordpool_less_exclusions.txt	LTP282	ltpFR	0	15	0	SUPERVISOR	1410	n/a	n/a	1	n/a	n/a	n/a	n/a	n/a
3730.25	n/a	REC_WORD	1865125	wordpools/wasnorm_wordpool_less_exclusions.txt	LTP282	ltpFR	0	15	0	COCOON	339	n/a	n/a	0	n/a	n/a	n/a	n/a	n/a
3732.596	n/a	REC_WORD	1866298	wordpools/wasnorm_wordpool_less_exclusions.txt	LTP282	ltpFR	0	15	0	BRAN	167	n/a	n/a	0	n/a	n/a	n/a	n/a	n/a
3734.652	n/a	REC_WORD	1867326	wordpools/wasnorm_wordpool_less_exclusions.txt	LTP282	ltpFR	0	15	n/a	BRAIN	165	n/a	n/a	n/a	n/a	n/a	n/a	n/a	n/a
3739.712	n/a	REC_WORD	1869856	wordpools/wasnorm_wordpool_less_exclusions.txt	LTP282	ltpFR	0	15	1	GARDEN	623	n/a	n/a	1	n/a	n/a	n/a	n/a	n/a
3741.194	n/a	REC_WORD	1870597	wordpools/wasnorm_wordpool_less_exclusions.txt	LTP282	ltpFR	0	15	0	TURNIP	1521	n/a	n/a	0	n/a	n/a	n/a	n/a	n/a
3761.916	n/a	REC_WORD	1880958	wordpools/wasnorm_wordpool_less_exclusions.txt	LTP282	ltpFR	0	15	0	DUNE	506	n/a	n/a	1	n/a	n/a	n/a	n/a	n/a
3800.72	n/a	REC_WORD	1900360	wordpools/wasnorm_wordpool_less_exclusions.txt	LTP282	ltpFR	0	15	1	BONE	148	n/a	n/a	1	n/a	n/a	n/a	n/a	n/a
3831.468	n/a	WORD	1915734	wordpools/wasnorm_wordpool_less_exclusions.txt	LTP282	ltpFR	0	16	0	PAGE	1001	n/a	n/a	0	0.57763671875	0.412841796875	1	lower	zerothre.ttf
3835.618	n/a	WORD	1917809	wordpools/wasnorm_wordpool_less_exclusions.txt	LTP282	ltpFR	0	16	0	GRADUATE	653	n/a	n/a	1	0.57763671875	0.412841796875	1	lower	zerothre.ttf
3839.784	n/a	WORD	1919892	wordpools/wasnorm_wordpool_less_exclusions.txt	LTP282	ltpFR	0	16	1	CARRIAGE	248	n/a	n/a	0	0.422607421875	0.5869140625	0	upper	amplitud.ttf
3843.898	n/a	WORD	1921949	wordpools/wasnorm_wordpool_less_exclusions.txt	LTP282	ltpFR	0	16	1	CHIME	300	n/a	n/a	0	0.422607421875	0.5869140625	0	upper	amplitud.ttf
3847.93	n/a	WORD	1923965	wordpools/wasnorm_wordpool_less_exclusions.txt	LTP282	ltpFR	0	16	1	PARSLEY	1016	n/a	n/a	1	0.422607421875	0.5869140625	0	upper	amplitud.ttf
3851.962	n/a	WORD	1925981	wordpools/wasnorm_wordpool_less_exclusions.txt	LTP282	ltpFR	0	16	1	CABBAGE	210	n/a	n/a	1	0.422607421875	0.5869140625	0	upper	amplitud.ttf
3855.996	n/a	WORD	1927998	wordpools/wasnorm_wordpool_less_exclusions.txt	LTP282	ltpFR	0	16	1	RAM	1165	n/a	n/a	1	0.422607421875	0.5869140625	0	upper	amplitud.ttf
3860.144	n/a	WORD	1930072	wordpools/wasnorm_wordpool_less_exclusions.txt	LTP282	ltpFR	0	16	0	JOURNAL	760	n/a	n/a	0	0.57763671875	0.412841796875	1	lower	zerothre.ttf
3864.26	n/a	WORD	1932130	wordpools/wasnorm_wordpool_less_exclusions.txt	LTP282	ltpFR	0	16	0	CAMEL	223	n/a	n/a	1	0.57763671875	0.412841796875	1	lower	zerothre.ttf
3868.142	n/a	WORD	1934071	wordpools/wasnorm_wordpool_less_exclusions.txt	LTP282	ltpFR	0	16	1	CIGARETTE	309	n/a	n/a	0	0.422607421875	0.5869140625	0	upper	amplitud.ttf
3871.974	n/a	WORD	1935987	wordpools/wasnorm_wordpool_less_exclusions.txt	LTP282	ltpFR	0	16	1	CHICK	296	n/a	n/a	1	0.422607421875	0.5869140625	0	upper	amplitud.ttf
3875.804	n/a	WORD	1937902	wordpools/wasnorm_wordpool_less_exclusions.txt	LTP282	ltpFR	0	16	1	MUFFIN	929	n/a	n/a	0	0.422607421875	0.5869140625	0	upper	amplitud.ttf
3879.904	n/a	WORD	1939952	wordpools/wasnorm_wordpool_less_exclusions.txt	LTP282	ltpFR	0	16	0	INFANT	737	n/a	n/a	0	0.57763671875	0.412841796875	1	lower	zerothre.ttf
3884.068	n/a	WORD	1942034	wordpools/wasnorm_wordpool_less_exclusions.txt	LTP282	ltpFR	0	16	0	MAGAZINE	853	n/a	n/a	0	0.57763671875	0.412841796875	1	lower	zerothre.ttf
3887.9	n/a	WORD	1943950	wordpools/wasnorm_wordpool_less_exclusions.txt	LTP282	ltpFR	0	16	0	HURRICANE	727	n/a	n/a	1	0.57763671875	0.412841796875	1	lower	zerothre.ttf
3892.116	n/a	WORD	1946058	wordpools/wasnorm_wordpool_less_exclusions.txt	LTP282	ltpFR	0	16	0	NAPKIN	937	n/a	n/a	0	0.57763671875	0.412841796875	1	lower	zerothre.ttf
3897.84	n/a	REC_START	1948920	n/a	LTP282	ltpFR	0	16	n/a	n/a	n/a	n/a	n/a	n/a	n/a	n/a	n/a	n/a	n/a
3899.426	n/a	REC_WORD	1949713	wordpools/wasnorm_wordpool_less_exclusions.txt	LTP282	ltpFR	0	16	0	NAPKIN	937	n/a	n/a	0	n/a	n/a	n/a	n/a	n/a
3900.26	n/a	REC_WORD	1950130	wordpools/wasnorm_wordpool_less_exclusions.txt	LTP282	ltpFR	0	16	0	HURRICANE	727	n/a	n/a	1	n/a	n/a	n/a	n/a	n/a
3901.374	n/a	REC_WORD	1950687	wordpools/wasnorm_wordpool_less_exclusions.txt	LTP282	ltpFR	0	16	0	MAGAZINE	853	n/a	n/a	0	n/a	n/a	n/a	n/a	n/a
3902.516	n/a	REC_WORD	1951258	wordpools/wasnorm_wordpool_less_exclusions.txt	LTP282	ltpFR	0	16	0	INFANT	737	n/a	n/a	0	n/a	n/a	n/a	n/a	n/a
3903.678	n/a	REC_WORD	1951839	wordpools/wasnorm_wordpool_less_exclusions.txt	LTP282	ltpFR	0	16	1	CHICK	296	n/a	n/a	1	n/a	n/a	n/a	n/a	n/a
3905.568	n/a	REC_WORD	1952784	wordpools/wasnorm_wordpool_less_exclusions.txt	LTP282	ltpFR	0	16	0	NAPKIN	937	n/a	n/a	0	n/a	n/a	n/a	n/a	n/a
3920.084	n/a	REC_WORD	1960042	wordpools/wasnorm_wordpool_less_exclusions.txt	LTP282	ltpFR	0	16	1	PARSLEY	1016	n/a	n/a	1	n/a	n/a	n/a	n/a	n/a
3921.668	n/a	REC_WORD	1960834	wordpools/wasnorm_wordpool_less_exclusions.txt	LTP282	ltpFR	0	16	1	CABBAGE	210	n/a	n/a	1	n/a	n/a	n/a	n/a	n/a
3923.058	n/a	REC_WORD	1961529	wordpools/wasnorm_wordpool_less_exclusions.txt	LTP282	ltpFR	0	16	1	RAM	1165	n/a	n/a	1	n/a	n/a	n/a	n/a	n/a
3927.584	n/a	REC_WORD	1963792	wordpools/wasnorm_wordpool_less_exclusions.txt	LTP282	ltpFR	0	16	0	SPINACH	1352	n/a	n/a	0	n/a	n/a	n/a	n/a	n/a
3933.352	n/a	REC_WORD	1966676	wordpools/wasnorm_wordpool_less_exclusions.txt	LTP282	ltpFR	0	16	0	JOURNAL	760	n/a	n/a	0	n/a	n/a	n/a	n/a	n/a
4023.62	n/a	REC_START	2011810	n/a	LTP282	ltpFR	0	n/a	n/a	n/a	n/a	n/a	n/a	n/a	n/a	n/a	n/a	n/a	n/a
4028.006	n/a	FFR_REC_WORD	2014003	wordpools/wasnorm_wordpool_less_exclusions.txt	LTP282	ltpFR	0	n/a	1	BONE	148	n/a	n/a	1	n/a	n/a	n/a	n/a	n/a
4028.902	n/a	FFR_REC_WORD	2014451	wordpools/wasnorm_wordpool_less_exclusions.txt	LTP282	ltpFR	0	n/a	1	RIB	1188	n/a	n/a	1	n/a	n/a	n/a	n/a	n/a
4029.906	n/a	FFR_REC_WORD	2014953	wordpools/wasnorm_wordpool_less_exclusions.txt	LTP282	ltpFR	0	n/a	1	COTTAGE	384	n/a	n/a	0	n/a	n/a	n/a	n/a	n/a
4030.9	n/a	FFR_REC_WORD	2015450	wordpools/wasnorm_wordpool_less_exclusions.txt	LTP282	ltpFR	0	n/a	1	NICKEL	950	n/a	n/a	0	n/a	n/a	n/a	n/a	n/a
4035.798	n/a	FFR_REC_WORD	2017899	wordpools/wasnorm_wordpool_less_exclusions.txt	LTP282	ltpFR	0	n/a	1	BUGLE	189	n/a	n/a	0	n/a	n/a	n/a	n/a	n/a
4036.834	n/a	FFR_REC_WORD	2018417	wordpools/wasnorm_wordpool_less_exclusions.txt	LTP282	ltpFR	0	n/a	1	SAXOPHONE	1240	n/a	n/a	0	n/a	n/a	n/a	n/a	n/a
4039.638	n/a	FFR_REC_WORD	2019819	wordpools/wasnorm_wordpool_less_exclusions.txt	LTP282	ltpFR	0	n/a	-1	ORCHESTRA	981	n/a	n/a	-1	n/a	n/a	n/a	n/a	n/a
4040.706	n/a	FFR_REC_WORD	2020353	wordpools/wasnorm_wordpool_less_exclusions.txt	LTP282	ltpFR	0	n/a	1	WINE	1613	n/a	n/a	0	n/a	n/a	n/a	n/a	n/a
4041.424	n/a	FFR_REC_WORD	2020712	wordpools/wasnorm_wordpool_less_exclusions.txt	LTP282	ltpFR	0	n/a	1	DUST	508	n/a	n/a	0	n/a	n/a	n/a	n/a	n/a
4042.124	n/a	FFR_REC_WORD	2021062	wordpools/wasnorm_wordpool_less_exclusions.txt	LTP282	ltpFR	0	n/a	1	MOP	916	n/a	n/a	0	n/a	n/a	n/a	n/a	n/a
4042.932	n/a	FFR_REC_WORD	2021466	wordpools/wasnorm_wordpool_less_exclusions.txt	LTP282	ltpFR	0	n/a	1	STEAM	1375	n/a	n/a	0	n/a	n/a	n/a	n/a	n/a
4043.99	n/a	FFR_REC_WORD	2021995	wordpools/wasnorm_wordpool_less_exclusions.txt	LTP282	ltpFR	0	n/a	1	OATS	968	n/a	n/a	0	n/a	n/a	n/a	n/a	n/a
4046.49	n/a	FFR_REC_WORD	2023245	wordpools/wasnorm_wordpool_less_exclusions.txt	LTP282	ltpFR	0	n/a	0	INFANT	737	n/a	n/a	0	n/a	n/a	n/a	n/a	n/a
4047.49	n/a	FFR_REC_WORD_VV	2023745	wordpools/wasnorm_wordpool_less_exclusions.txt	LTP282	ltpFR	0	n/a	n/a	<>	-1	n/a	n/a	n/a	n/a	n/a	n/a	n/a	n/a
4051.468	n/a	FFR_REC_WORD	2025734	wordpools/wasnorm_wordpool_less_exclusions.txt	LTP282	ltpFR	0	n/a	0	PEAR	1033	n/a	n/a	0	n/a	n/a	n/a	n/a	n/a
4052.71	n/a	FFR_REC_WORD	2026355	wordpools/wasnorm_wordpool_less_exclusions.txt	LTP282	ltpFR	0	n/a	0	BLACKBERRY	132	n/a	n/a	0	n/a	n/a	n/a	n/a	n/a
4053.732	n/a	FFR_REC_WORD	2026866	wordpools/wasnorm_wordpool_less_exclusions.txt	LTP282	ltpFR	0	n/a	0	CHERRY	293	n/a	n/a	0	n/a	n/a	n/a	n/a	n/a
4058.742	n/a	FFR_REC_WORD	2029371	wordpools/wasnorm_wordpool_less_exclusions.txt	LTP282	ltpFR	0	n/a	1	BEARD	107	n/a	n/a	0	n/a	n/a	n/a	n/a	n/a
4059.444	n/a	FFR_REC_WORD	2029722	wordpools/wasnorm_wordpool_less_exclusions.txt	LTP282	ltpFR	0	n/a	1	CHEST	295	n/a	n/a	1	n/a	n/a	n/a	n/a	n/a
4060.182	n/a	FFR_REC_WORD	2030091	wordpools/wasnorm_wordpool_less_exclusions.txt	LTP282	ltpFR	0	n/a	1	FEATHER	557	n/a	n/a	0	n/a	n/a	n/a	n/a	n/a
4061.39	n/a	FFR_REC_WORD	2030695	wordpools/wasnorm_wordpool_less_exclusions.txt	LTP282	ltpFR	0	n/a	1	PARROT	1015	n/a	n/a	1	n/a	n/a	n/a	n/a	n/a
4064.914	n/a	FFR_REC_WORD	2032457	wordpools/wasnorm_wordpool_less_exclusions.txt	LTP282	ltpFR	0	n/a	1	BUFFALO	186	n/a	n/a	1	n/a	n/a	n/a	n/a	n/a
4065.736	n/a	FFR_REC_WORD	2032868	wordpools/wasnorm_wordpool_less_exclusions.txt	LTP282	ltpFR	0	n/a	1	HORSE	719	n/a	n/a	1	n/a	n/a	n/a	n/a	n/a
4066.41	n/a	FFR_REC_WORD	2033205	wordpools/wasnorm_wordpool_less_exclusions.txt	LTP282	ltpFR	0	n/a	1	COW	393	n/a	n/a	1	n/a	n/a	n/a	n/a	n/a
4067.238	n/a	FFR_REC_WORD	2033619	wordpools/wasnorm_wordpool_less_exclusions.txt	LTP282	ltpFR	0	n/a	1	FARMER	553	n/a	n/a	1	n/a	n/a	n/a	n/a	n/a
4072.088	n/a	FFR_REC_WORD	2036044	wordpools/wasnorm_wordpool_less_exclusions.txt	LTP282	ltpFR	0	n/a	0	BLOUSE	139	n/a	n/a	0	n/a	n/a	n/a	n/a	n/a
4073.02	n/a	FFR_REC_WORD	2036510	wordpools/wasnorm_wordpool_less_exclusions.txt	LTP282	ltpFR	0	n/a	0	SWEATER	1419	n/a	n/a	0	n/a	n/a	n/a	n/a	n/a
4087.138	n/a	FFR_REC_WORD	2043569	wordpools/wasnorm_wordpool_less_exclusions.txt	LTP282	ltpFR	0	n/a	0	GEM	629	n/a	n/a	0	n/a	n/a	n/a	n/a	n/a
4088.516	n/a	FFR_REC_WORD	2044258	wordpools/wasnorm_wordpool_less_exclusions.txt	LTP282	ltpFR	0	n/a	0	WITCH	1617	n/a	n/a	1	n/a	n/a	n/a	n/a	n/a
4090.796	n/a	FFR_REC_WORD	2045398	wordpools/wasnorm_wordpool_less_exclusions.txt	LTP282	ltpFR	0	n/a	0	BANDANNA	80	n/a	n/a	0	n/a	n/a	n/a	n/a	n/a
4101.068	n/a	FFR_REC_WORD	2050534	wordpools/wasnorm_wordpool_less_exclusions.txt	LTP282	ltpFR	0	n/a	0	WAVE	1596	n/a	n/a	1	n/a	n/a	n/a	n/a	n/a
4102.378	n/a	FFR_REC_WORD	2051189	wordpools/wasnorm_wordpool_less_exclusions.txt	LTP282	ltpFR	0	n/a	0	SCENERY	1247	n/a	n/a	1	n/a	n/a	n/a	n/a	n/a
4103.642	n/a	FFR_REC_WORD	2051821	wordpools/wasnorm_wordpool_less_exclusions.txt	LTP282	ltpFR	0	n/a	0	WEED	1599	n/a	n/a	0	n/a	n/a	n/a	n/a	n/a
4105.584	n/a	FFR_REC_WORD	2052792	wordpools/wasnorm_wordpool_less_exclusions.txt	LTP282	ltpFR	0	n/a	0	TURNIP	1521	n/a	n/a	0	n/a	n/a	n/a	n/a	n/a
4112.422	n/a	FFR_REC_WORD	2056211	wordpools/wasnorm_wordpool_less_exclusions.txt	LTP282	ltpFR	0	n/a	0	DUNE	506	n/a	n/a	1	n/a	n/a	n/a	n/a	n/a
4115.456	n/a	FFR_REC_WORD	2057728	wordpools/wasnorm_wordpool_less_exclusions.txt	LTP282	ltpFR	0	n/a	-1	DECK	443	n/a	n/a	-1	n/a	n/a	n/a	n/a	n/a
4116.488	n/a	FFR_REC_WORD	2058244	wordpools/wasnorm_wordpool_less_exclusions.txt	LTP282	ltpFR	0	n/a	1	WINE	1613	n/a	n/a	0	n/a	n/a	n/a	n/a	n/a
4124.256	n/a	FFR_REC_WORD	2062128	wordpools/wasnorm_wordpool_less_exclusions.txt	LTP282	ltpFR	0	n/a	-1	VESSEL	1558	n/a	n/a	-1	n/a	n/a	n/a	n/a	n/a
4130.886	n/a	FFR_REC_WORD	2065443	wordpools/wasnorm_wordpool_less_exclusions.txt	LTP282	ltpFR	0	n/a	1	PIKE	1067	n/a	n/a	1	n/a	n/a	n/a	n/a	n/a
4132.768	n/a	FFR_REC_WORD	2066384	wordpools/wasnorm_wordpool_less_exclusions.txt	LTP282	ltpFR	0	n/a	n/a	PASTOR	-1	n/a	n/a	n/a	n/a	n/a	n/a	n/a	n/a
4134.198	n/a	FFR_REC_WORD_VV	2067099	wordpools/wasnorm_wordpool_less_exclusions.txt	LTP282	ltpFR	0	n/a	n/a	<>	-1	n/a	n/a	n/a	n/a	n/a	n/a	n/a	n/a
4134.788	n/a	FFR_REC_WORD	2067394	wordpools/wasnorm_wordpool_less_exclusions.txt	LTP282	ltpFR	0	n/a	1	MOUSE	925	n/a	n/a	1	n/a	n/a	n/a	n/a	n/a
4136.922	n/a	FFR_REC_WORD	2068461	wordpools/wasnorm_wordpool_less_exclusions.txt	LTP282	ltpFR	0	n/a	1	MONK	910	n/a	n/a	1	n/a	n/a	n/a	n/a	n/a
4139.602	n/a	FFR_REC_WORD	2069801	wordpools/wasnorm_wordpool_less_exclusions.txt	LTP282	ltpFR	0	n/a	1	PUMPKIN	1142	n/a	n/a	1	n/a	n/a	n/a	n/a	n/a
4142.566	n/a	FFR_REC_WORD	2071283	wordpools/wasnorm_wordpool_less_exclusions.txt	LTP282	ltpFR	0	n/a	1	WHALE	1601	n/a	n/a	1	n/a	n/a	n/a	n/a	n/a
4165.61	n/a	FFR_REC_WORD	2082805	wordpools/wasnorm_wordpool_less_exclusions.txt	LTP282	ltpFR	0	n/a	-1	PEARL	1034	n/a	n/a	-1	n/a	n/a	n/a	n/a	n/a
4166.432	n/a	FFR_REC_WORD	2083216	wordpools/wasnorm_wordpool_less_exclusions.txt	LTP282	ltpFR	0	n/a	-1	OYSTER	995	n/a	n/a	-1	n/a	n/a	n/a	n/a	n/a
4172.35	n/a	FFR_REC_WORD	2086175	wordpools/wasnorm_wordpool_less_exclusions.txt	LTP282	ltpFR	0	n/a	0	INFANT	737	n/a	n/a	0	n/a	n/a	n/a	n/a	n/a
4177.278	n/a	FFR_REC_WORD	2088639	wordpools/wasnorm_wordpool_less_exclusions.txt	LTP282	ltpFR	0	n/a	0	SPINACH	1352	n/a	n/a	0	n/a	n/a	n/a	n/a	n/a
4178.276	n/a	FFR_REC_WORD_VV	2089138	wordpools/wasnorm_wordpool_less_exclusions.txt	LTP282	ltpFR	0	n/a	n/a	<>	-1	n/a	n/a	n/a	n/a	n/a	n/a	n/a	n/a
4179.434	n/a	FFR_REC_WORD	2089717	wordpools/wasnorm_wordpool_less_exclusions.txt	LTP282	ltpFR	0	n/a	0	TURNIP	1521	n/a	n/a	0	n/a	n/a	n/a	n/a	n/a
4183.366	n/a	FFR_REC_WORD	2091683	wordpools/wasnorm_wordpool_less_exclusions.txt	LTP282	ltpFR	0	n/a	1	RABBIT	1152	n/a	n/a	1	n/a	n/a	n/a	n/a	n/a
4184.638	n/a	FFR_REC_WORD	2092319	wordpools/wasnorm_wordpool_less_exclusions.txt	LTP282	ltpFR	0	n/a	1	BUNNY	198	n/a	n/a	1	n/a	n/a	n/a	n/a	n/a
4204.102	n/a	FFR_REC_WORD	2102051	wordpools/wasnorm_wordpool_less_exclusions.txt	LTP282	ltpFR	0	n/a	0	VINEGAR	1569	n/a	n/a	0	n/a	n/a	n/a	n/a	n/a
4218.332	n/a	FFR_REC_WORD	2109166	wordpools/wasnorm_wordpool_less_exclusions.txt	LTP282	ltpFR	0	n/a	0	BARREL	91	n/a	n/a	1	n/a	n/a	n/a	n/a	n/a
4232.34	n/a	FFR_REC_WORD	2116170	wordpools/wasnorm_wordpool_less_exclusions.txt	LTP282	ltpFR	0	n/a	-1	SECRETARY	1265	n/a	n/a	-1	n/a	n/a	n/a	n/a	n/a
4235.604	n/a	FFR_REC_WORD	2117802	wordpools/wasnorm_wordpool_less_exclusions.txt	LTP282	ltpFR	0	n/a	1	TYPIST	1532	n/a	n/a	1	n/a	n/a	n/a	n/a	n/a
4240.334	n/a	FFR_REC_WORD	2120167	wordpools/wasnorm_wordpool_less_exclusions.txt	LTP282	ltpFR	0	n/a	1	PUBLICATION	1136	n/a	n/a	0	n/a	n/a	n/a	n/a	n/a
4253.166	n/a	FFR_REC_WORD	2126583	wordpools/wasnorm_wordpool_less_exclusions.txt	LTP282	ltpFR	0	n/a	1	CAFETERIA	217	n/a	n/a	0	n/a	n/a	n/a	n/a	n/a
4254.528	n/a	FFR_REC_WORD	2127264	wordpools/wasnorm_wordpool_less_exclusions.txt	LTP282	ltpFR	0	n/a	1	DORM	488	n/a	n/a	0	n/a	n/a	n/a	n/a	n/a
4256.148	n/a	FFR_REC_WORD	2128074	wordpools/wasnorm_wordpool_less_exclusions.txt	LTP282	ltpFR	0	n/a	1	CHAPEL	280	n/a	n/a	0	n/a	n/a	n/a	n/a	n/a
4278.144	n/a	FFR_REC_WORD	2139072	wordpools/wasnorm_wordpool_less_exclusions.txt	LTP282	ltpFR	0	n/a	1	BRUNETTE	181	n/a	n/a	1	n/a	n/a	n/a	n/a	n/a
4815.296	n/a	REC_START	2407648	n/a	LTP282	ltpFR	0	1	n/a	n/a	n/a	n/a	n/a	n/a	n/a	n/a	n/a	n/a	n/a
4815.344	n/a	RECOG_TARGET	2407672	n/a	LTP282	ltpFR	0	1	0	PAGE	1001	0	1	0	n/a	n/a	n/a	n/a	n/a
4816.446	n/a	RECOG_RESP	2408223	n/a	LTP282	ltpFR	0	1	0	PAGE	1001	0	n/a	0	n/a	n/a	n/a	n/a	n/a
4823.456	n/a	RECOG_CONF	2411728	n/a	LTP282	ltpFR	0	1	0	PAGE	1001	n/a	1	0	n/a	n/a	n/a	n/a	n/a
4825.902	n/a	RECOG_LURE	2412951	n/a	LTP282	ltpFR	0	1	n/a	LETTER	813	0	1	n/a	n/a	n/a	n/a	n/a	n/a
4829.292	n/a	RECOG_RESP	2414646	n/a	LTP282	ltpFR	0	1	n/a	LETTER	813	0	n/a	n/a	n/a	n/a	n/a	n/a	n/a
4832.506	n/a	RECOG_CONF	2416253	n/a	LTP282	ltpFR	0	1	n/a	LETTER	813	n/a	1	n/a	n/a	n/a	n/a	n/a	n/a
4834.418	n/a	RECOG_LURE	2417209	n/a	LTP282	ltpFR	0	1	n/a	RIDER	1191	0	5	n/a	n/a	n/a	n/a	n/a	n/a
4835.822	n/a	RECOG_RESP	2417911	n/a	LTP282	ltpFR	0	1	n/a	RIDER	1191	0	n/a	n/a	n/a	n/a	n/a	n/a	n/a
4837.996	n/a	RECOG_CONF	2418998	n/a	LTP282	ltpFR	0	1	n/a	RIDER	1191	n/a	5	n/a	n/a	n/a	n/a	n/a	n/a
4839.954	n/a	RECOG_TARGET	2419977	n/a	LTP282	ltpFR	0	1	1	BONE	148	1	5	1	n/a	n/a	n/a	n/a	n/a
4841.516	n/a	RECOG_RESP	2420758	n/a	LTP282	ltpFR	0	1	1	BONE	148	1	n/a	1	n/a	n/a	n/a	n/a	n/a
4843.288	n/a	RECOG_CONF	2421644	n/a	LTP282	ltpFR	0	1	1	BONE	148	n/a	5	1	n/a	n/a	n/a	n/a	n/a
4845.208	n/a	RECOG_LURE	2422604	n/a	LTP282	ltpFR	0	1	n/a	HELMET	702	0	4	n/a	n/a	n/a	n/a	n/a	n/a
4846.518	n/a	RECOG_RESP	2423259	n/a	LTP282	ltpFR	0	1	n/a	HELMET	702	0	n/a	n/a	n/a	n/a	n/a	n/a	n/a
4848.338	n/a	RECOG_CONF	2424169	n/a	LTP282	ltpFR	0	1	n/a	HELMET	702	n/a	4	n/a	n/a	n/a	n/a	n/a	n/a
4850.546	n/a	RECOG_TARGET	2425273	n/a	LTP282	ltpFR	0	1	0	QUILT	1151	1	5	1	n/a	n/a	n/a	n/a	n/a
4851.662	n/a	RECOG_RESP	2425831	n/a	LTP282	ltpFR	0	1	0	QUILT	1151	1	n/a	1	n/a	n/a	n/a	n/a	n/a
4853.028	n/a	RECOG_CONF	2426514	n/a	LTP282	ltpFR	0	1	0	QUILT	1151	n/a	5	1	n/a	n/a	n/a	n/a	n/a
4854.962	n/a	RECOG_LURE	2427481	n/a	LTP282	ltpFR	0	1	n/a	BOUQUET	157	0	4	n/a	n/a	n/a	n/a	n/a	n/a
4856.242	n/a	RECOG_RESP	2428121	n/a	LTP282	ltpFR	0	1	n/a	BOUQUET	157	0	n/a	n/a	n/a	n/a	n/a	n/a	n/a
4857.898	n/a	RECOG_CONF	2428949	n/a	LTP282	ltpFR	0	1	n/a	BOUQUET	157	n/a	4	n/a	n/a	n/a	n/a	n/a	n/a
4859.898	n/a	RECOG_TARGET	2429949	n/a	LTP282	ltpFR	0	1	-1	SNORKEL	1336	0	5	-1	n/a	n/a	n/a	n/a	n/a
4860.972	n/a	RECOG_RESP	2430486	n/a	LTP282	ltpFR	0	1	-1	SNORKEL	1336	0	n/a	-1	n/a	n/a	n/a	n/a	n/a
4862.198	n/a	RECOG_CONF	2431099	n/a	LTP282	ltpFR	0	1	-1	SNORKEL	1336	n/a	5	-1	n/a	n/a	n/a	n/a	n/a
4864.114	n/a	RECOG_LURE	2432057	n/a	LTP282	ltpFR	0	1	n/a	EARTH	515	0	4	n/a	n/a	n/a	n/a	n/a	n/a
4865.234	n/a	RECOG_RESP	2432617	n/a	LTP282	ltpFR	0	1	n/a	EARTH	515	0	n/a	n/a	n/a	n/a	n/a	n/a	n/a
4867.388	n/a	RECOG_CONF	2433694	n/a	LTP282	ltpFR	0	1	n/a	EARTH	515	n/a	4	n/a	n/a	n/a	n/a	n/a	n/a
4869.484	n/a	RECOG_TARGET	2434742	n/a	LTP282	ltpFR	0	1	1	DOVE	491	1	2	1	n/a	n/a	n/a	n/a	n/a
4871.718	n/a	RECOG_RESP	2435859	n/a	LTP282	ltpFR	0	1	1	DOVE	491	1	n/a	1	n/a	n/a	n/a	n/a	n/a
4873.988	n/a	RECOG_CONF	2436994	n/a	LTP282	ltpFR	0	1	1	DOVE	491	n/a	2	1	n/a	n/a	n/a	n/a	n/a
4876.11	n/a	RECOG_TARGET	2438055	n/a	LTP282	ltpFR	0	1	1	MICROWAVE	892	1	5	0	n/a	n/a	n/a	n/a	n/a
4877.384	n/a	RECOG_RESP	2438692	n/a	LTP282	ltpFR	0	1	1	MICROWAVE	892	1	n/a	0	n/a	n/a	n/a	n/a	n/a
4878.668	n/a	RECOG_CONF	2439334	n/a	LTP282	ltpFR	0	1	1	MICROWAVE	892	n/a	5	0	n/a	n/a	n/a	n/a	n/a
4880.878	n/a	RECOG_TARGET	2440439	n/a	LTP282	ltpFR	0	1	1	FARMER	553	1	5	1	n/a	n/a	n/a	n/a	n/a
4881.764	n/a	RECOG_RESP	2440882	n/a	LTP282	ltpFR	0	1	1	FARMER	553	1	n/a	1	n/a	n/a	n/a	n/a	n/a
4882.86	n/a	RECOG_CONF	2441430	n/a	LTP282	ltpFR	0	1	1	FARMER	553	n/a	5	1	n/a	n/a	n/a	n/a	n/a
4885.094	n/a	RECOG_TARGET	2442547	n/a	LTP282	ltpFR	0	1	1	RECEPTIONIST	1174	1	5	1	n/a	n/a	n/a	n/a	n/a
4886.07	n/a	RECOG_RESP	2443035	n/a	LTP282	ltpFR	0	1	1	RECEPTIONIST	1174	1	n/a	1	n/a	n/a	n/a	n/a	n/a
4887.43	n/a	RECOG_CONF	2443715	n/a	LTP282	ltpFR	0	1	1	RECEPTIONIST	1174	n/a	5	1	n/a	n/a	n/a	n/a	n/a
4889.626	n/a	RECOG_TARGET	2444813	n/a	LTP282	ltpFR	0	1	-1	SKILLET	1317	0	4	-1	n/a	n/a	n/a	n/a	n/a
4890.624	n/a	RECOG_RESP	2445312	n/a	LTP282	ltpFR	0	1	-1	SKILLET	1317	0	n/a	-1	n/a	n/a	n/a	n/a	n/a
4892.08	n/a	RECOG_CONF	2446040	n/a	LTP282	ltpFR	0	1	-1	SKILLET	1317	n/a	4	-1	n/a	n/a	n/a	n/a	n/a
4894.396	n/a	RECOG_LURE	2447198	n/a	LTP282	ltpFR	0	1	n/a	CONCERT	360	1	2	n/a	n/a	n/a	n/a	n/a	n/a
4896.37	n/a	RECOG_RESP	2448185	n/a	LTP282	ltpFR	0	1	n/a	CONCERT	360	1	n/a	n/a	n/a	n/a	n/a	n/a	n/a
4898.99	n/a	RECOG_CONF	2449495	n/a	LTP282	ltpFR	0	1	n/a	CONCERT	360	n/a	2	n/a	n/a	n/a	n/a	n/a	n/a
4901.156	n/a	RECOG_LURE	2450578	n/a	LTP282	ltpFR	0	1	n/a	TELESCOPE	1446	0	3	n/a	n/a	n/a	n/a	n/a	n/a
4902.576	n/a	RECOG_RESP	2451288	n/a	LTP282	ltpFR	0	1	n/a	TELESCOPE	1446	0	n/a	n/a	n/a	n/a	n/a	n/a	n/a
4904.86	n/a	RECOG_CONF	2452430	n/a	LTP282	ltpFR	0	1	n/a	TELESCOPE	1446	n/a	3	n/a	n/a	n/a	n/a	n/a	n/a
4907.228	n/a	RECOG_LURE	2453614	n/a	LTP282	ltpFR	0	1	n/a	WEB	1598	0	2	n/a	n/a	n/a	n/a	n/a	n/a
4909.16	n/a	RECOG_RESP	2454580	n/a	LTP282	ltpFR	0	1	n/a	WEB	1598	0	n/a	n/a	n/a	n/a	n/a	n/a	n/a
4912.32	n/a	RECOG_CONF	2456160	n/a	LTP282	ltpFR	0	1	n/a	WEB	1598	n/a	2	n/a	n/a	n/a	n/a	n/a	n/a
4914.188	n/a	RECOG_LURE	2457094	n/a	LTP282	ltpFR	0	1	n/a	SOAP	1337	0	2	n/a	n/a	n/a	n/a	n/a	n/a
4916.386	n/a	RECOG_RESP	2458193	n/a	LTP282	ltpFR	0	1	n/a	SOAP	1337	0	n/a	n/a	n/a	n/a	n/a	n/a	n/a
4918.892	n/a	RECOG_CONF	2459446	n/a	LTP282	ltpFR	0	1	n/a	SOAP	1337	n/a	2	n/a	n/a	n/a	n/a	n/a	n/a
4920.73	n/a	RECOG_TARGET	2460365	n/a	LTP282	ltpFR	0	1	0	RATTLE	1170	1	5	0	n/a	n/a	n/a	n/a	n/a
4921.816	n/a	RECOG_RESP	2460908	n/a	LTP282	ltpFR	0	1	0	RATTLE	1170	1	n/a	0	n/a	n/a	n/a	n/a	n/a
4923.132	n/a	RECOG_CONF	2461566	n/a	LTP282	ltpFR	0	1	0	RATTLE	1170	n/a	5	0	n/a	n/a	n/a	n/a	n/a
4925.198	n/a	RECOG_TARGET	2462599	n/a	LTP282	ltpFR	0	1	-1	CONTRACTOR	369	1	4	-1	n/a	n/a	n/a	n/a	n/a
4926.086	n/a	RECOG_RESP	2463043	n/a	LTP282	ltpFR	0	1	-1	CONTRACTOR	369	1	n/a	-1	n/a	n/a	n/a	n/a	n/a
4927.332	n/a	RECOG_CONF	2463666	n/a	LTP282	ltpFR	0	1	-1	CONTRACTOR	369	n/a	4	-1	n/a	n/a	n/a	n/a	n/a
5027.1	n/a	REC_START	2513550	n/a	LTP282	ltpFR	0	2	n/a	n/a	n/a	n/a	n/a	n/a	n/a	n/a	n/a	n/a	n/a
5027.154	n/a	RECOG_LURE	2513577	n/a	LTP282	ltpFR	0	2	n/a	STRAWBERRY	1391	1	3	n/a	n/a	n/a	n/a	n/a	n/a
5028.724	n/a	RECOG_RESP	2514362	n/a	LTP282	ltpFR	0	2	n/a	STRAWBERRY	1391	1	n/a	n/a	n/a	n/a	n/a	n/a	n/a
5031.01	n/a	RECOG_CONF	2515505	n/a	LTP282	ltpFR	0	2	n/a	STRAWBERRY	1391	n/a	3	n/a	n/a	n/a	n/a	n/a	n/a
5033.444	n/a	RECOG_LURE	2516722	n/a	LTP282	ltpFR	0	2	n/a	TERMITE	1451	0	5	n/a	n/a	n/a	n/a	n/a	n/a
5034.866	n/a	RECOG_RESP	2517433	n/a	LTP282	ltpFR	0	2	n/a	TERMITE	1451	0	n/a	n/a	n/a	n/a	n/a	n/a	n/a
5036.61	n/a	RECOG_CONF	2518305	n/a	LTP282	ltpFR	0	2	n/a	TERMITE	1451	n/a	5	n/a	n/a	n/a	n/a	n/a	n/a
5038.83	n/a	RECOG_TARGET	2519415	n/a	LTP282	ltpFR	0	2	-1	BOXER	160	1	5	-1	n/a	n/a	n/a	n/a	n/a
5039.976	n/a	RECOG_RESP	2519988	n/a	LTP282	ltpFR	0	2	-1	BOXER	160	1	n/a	-1	n/a	n/a	n/a	n/a	n/a
5041.5	n/a	RECOG_CONF	2520750	n/a	LTP282	ltpFR	0	2	-1	BOXER	160	n/a	5	-1	n/a	n/a	n/a	n/a	n/a
5043.316	n/a	RECOG_LURE	2521658	n/a	LTP282	ltpFR	0	2	n/a	DRUM	502	0	2	n/a	n/a	n/a	n/a	n/a	n/a
5045.23	n/a	RECOG_RESP	2522615	n/a	LTP282	ltpFR	0	2	n/a	DRUM	502	0	n/a	n/a	n/a	n/a	n/a	n/a	n/a
5047.07	n/a	RECOG_CONF	2523535	n/a	LTP282	ltpFR	0	2	n/a	DRUM	502	n/a	2	n/a	n/a	n/a	n/a	n/a	n/a
5049.054	n/a	RECOG_LURE	2524527	n/a	LTP282	ltpFR	0	2	n/a	VAULT	1550	0	1	n/a	n/a	n/a	n/a	n/a	n/a
5050.17	n/a	RECOG_RESP	2525085	n/a	LTP282	ltpFR	0	2	n/a	VAULT	1550	0	n/a	n/a	n/a	n/a	n/a	n/a	n/a
5051.34	n/a	RECOG_RESP_VV	2525670	n/a	LTP282	ltpFR	0	2	n/a	VAULT	1550	n/a	5	n/a	n/a	n/a	n/a	n/a	n/a
5052.232	n/a	RECOG_CONF	2526116	n/a	LTP282	ltpFR	0	2	n/a	VAULT	1550	n/a	1	n/a	n/a	n/a	n/a	n/a	n/a
5053.756	n/a	RECOG_TARGET	2526878	n/a	LTP282	ltpFR	0	2	1	BEAVER	109	1	4	1	n/a	n/a	n/a	n/a	n/a
5054.922	n/a	RECOG_RESP	2527461	n/a	LTP282	ltpFR	0	2	1	BEAVER	109	1	n/a	1	n/a	n/a	n/a	n/a	n/a
5056.652	n/a	RECOG_CONF	2528326	n/a	LTP282	ltpFR	0	2	1	BEAVER	109	n/a	4	1	n/a	n/a	n/a	n/a	n/a
5058.522	n/a	RECOG_TARGET	2529261	n/a	LTP282	ltpFR	0	2	1	NOVEL	960	1	2	0	n/a	n/a	n/a	n/a	n/a
5060.172	n/a	RECOG_RESP	2530086	n/a	LTP282	ltpFR	0	2	1	NOVEL	960	1	n/a	0	n/a	n/a	n/a	n/a	n/a
5061.882	n/a	RECOG_CONF	2530941	n/a	LTP282	ltpFR	0	2	1	NOVEL	960	n/a	2	0	n/a	n/a	n/a	n/a	n/a
5063.758	n/a	RECOG_LURE	2531879	n/a	LTP282	ltpFR	0	2	n/a	GIRL	637	0	3	n/a	n/a	n/a	n/a	n/a	n/a
5065.352	n/a	RECOG_RESP	2532676	n/a	LTP282	ltpFR	0	2	n/a	GIRL	637	0	n/a	n/a	n/a	n/a	n/a	n/a	n/a
5066.902	n/a	RECOG_CONF	2533451	n/a	LTP282	ltpFR	0	2	n/a	GIRL	637	n/a	3	n/a	n/a	n/a	n/a	n/a	n/a
5069.198	n/a	RECOG_LURE	2534599	n/a	LTP282	ltpFR	0	2	n/a	CHIMNEY	301	0	4	n/a	n/a	n/a	n/a	n/a	n/a
5070.266	n/a	RECOG_RESP	2535133	n/a	LTP282	ltpFR	0	2	n/a	CHIMNEY	301	0	n/a	n/a	n/a	n/a	n/a	n/a	n/a
5072.722	n/a	RECOG_CONF	2536361	n/a	LTP282	ltpFR	0	2	n/a	CHIMNEY	301	n/a	4	n/a	n/a	n/a	n/a	n/a	n/a
5074.752	n/a	RECOG_LURE	2537376	n/a	LTP282	ltpFR	0	2	n/a	QUARTER	1148	0	2	n/a	n/a	n/a	n/a	n/a	n/a
5076.918	n/a	RECOG_RESP	2538459	n/a	LTP282	ltpFR	0	2	n/a	QUARTER	1148	0	n/a	n/a	n/a	n/a	n/a	n/a	n/a
5078.562	n/a	RECOG_CONF	2539281	n/a	LTP282	ltpFR	0	2	n/a	QUARTER	1148	n/a	2	n/a	n/a	n/a	n/a	n/a	n/a
5080.608	n/a	RECOG_LURE	2540304	n/a	LTP282	ltpFR	0	2	n/a	MEDAL	885	0	4	n/a	n/a	n/a	n/a	n/a	n/a
5081.912	n/a	RECOG_RESP	2540956	n/a	LTP282	ltpFR	0	2	n/a	MEDAL	885	0	n/a	n/a	n/a	n/a	n/a	n/a	n/a
5083.342	n/a	RECOG_CONF	2541671	n/a	LTP282	ltpFR	0	2	n/a	MEDAL	885	n/a	4	n/a	n/a	n/a	n/a	n/a	n/a
5085.576	n/a	RECOG_TARGET	2542788	n/a	LTP282	ltpFR	0	2	0	BARREL	91	1	5	1	n/a	n/a	n/a	n/a	n/a
5086.668	n/a	RECOG_RESP	2543334	n/a	LTP282	ltpFR	0	2	0	BARREL	91	1	n/a	1	n/a	n/a	n/a	n/a	n/a
5087.912	n/a	RECOG_CONF	2543956	n/a	LTP282	ltpFR	0	2	0	BARREL	91	n/a	5	1	n/a	n/a	n/a	n/a	n/a
5089.81	n/a	RECOG_LURE	2544905	n/a	LTP282	ltpFR	0	2	n/a	CHAMPAGNE	278	0	3	n/a	n/a	n/a	n/a	n/a	n/a
5090.954	n/a	RECOG_RESP	2545477	n/a	LTP282	ltpFR	0	2	n/a	CHAMPAGNE	278	0	n/a	n/a	n/a	n/a	n/a	n/a	n/a
5093.654	n/a	RECOG_CONF	2546827	n/a	LTP282	ltpFR	0	2	n/a	CHAMPAGNE	278	n/a	3	n/a	n/a	n/a	n/a	n/a	n/a
5095.598	n/a	RECOG_LURE	2547799	n/a	LTP282	ltpFR	0	2	n/a	BANQUET	86	0	3	n/a	n/a	n/a	n/a	n/a	n/a
5097.144	n/a	RECOG_RESP	2548572	n/a	LTP282	ltpFR	0	2	n/a	BANQUET	86	0	n/a	n/a	n/a	n/a	n/a	n/a	n/a
5098.824	n/a	RECOG_CONF	2549412	n/a	LTP282	ltpFR	0	2	n/a	BANQUET	86	n/a	3	n/a	n/a	n/a	n/a	n/a	n/a
5100.768	n/a	RECOG_TARGET	2550384	n/a	LTP282	ltpFR	0	2	-1	VALVE	1546	1	2	-1	n/a	n/a	n/a	n/a	n/a
5102.304	n/a	RECOG_RESP	2551152	n/a	LTP282	ltpFR	0	2	-1	VALVE	1546	1	n/a	-1	n/a	n/a	n/a	n/a	n/a
5103.934	n/a	RECOG_CONF	2551967	n/a	LTP282	ltpFR	0	2	-1	VALVE	1546	n/a	2	-1	n/a	n/a	n/a	n/a	n/a
5105.82	n/a	RECOG_TARGET	2552910	n/a	LTP282	ltpFR	0	2	-1	KEEPER	769	1	5	-1	n/a	n/a	n/a	n/a	n/a
5107.094	n/a	RECOG_RESP	2553547	n/a	LTP282	ltpFR	0	2	-1	KEEPER	769	1	n/a	-1	n/a	n/a	n/a	n/a	n/a
5108.524	n/a	RECOG_CONF	2554262	n/a	LTP282	ltpFR	0	2	-1	KEEPER	769	n/a	5	-1	n/a	n/a	n/a	n/a	n/a
5110.44	n/a	RECOG_TARGET	2555220	n/a	LTP282	ltpFR	0	2	0	TENT	1449	1	3	1	n/a	n/a	n/a	n/a	n/a
5111.59	n/a	RECOG_RESP	2555795	n/a	LTP282	ltpFR	0	2	0	TENT	1449	1	n/a	1	n/a	n/a	n/a	n/a	n/a
5113.184	n/a	RECOG_CONF	2556592	n/a	LTP282	ltpFR	0	2	0	TENT	1449	n/a	3	1	n/a	n/a	n/a	n/a	n/a
5115.208	n/a	RECOG_LURE	2557604	n/a	LTP282	ltpFR	0	2	n/a	PERISCOPE	1050	0	5	n/a	n/a	n/a	n/a	n/a	n/a
5116.474	n/a	RECOG_RESP	2558237	n/a	LTP282	ltpFR	0	2	n/a	PERISCOPE	1050	0	n/a	n/a	n/a	n/a	n/a	n/a	n/a
5118.094	n/a	RECOG_CONF	2559047	n/a	LTP282	ltpFR	0	2	n/a	PERISCOPE	1050	n/a	5	n/a	n/a	n/a	n/a	n/a	n/a
5120.008	n/a	RECOG_TARGET	2560004	n/a	LTP282	ltpFR	0	2	-1	NAVIGATOR	938	1	3	-1	n/a	n/a	n/a	n/a	n/a
5121.184	n/a	RECOG_RESP	2560592	n/a	LTP282	ltpFR	0	2	-1	NAVIGATOR	938	1	n/a	-1	n/a	n/a	n/a	n/a	n/a
5122.694	n/a	RECOG_CONF	2561347	n/a	LTP282	ltpFR	0	2	-1	NAVIGATOR	938	n/a	3	-1	n/a	n/a	n/a	n/a	n/a
5124.71	n/a	RECOG_TARGET	2562355	n/a	LTP282	ltpFR	0	2	1	NEWSPAPER	948	1	2	0	n/a	n/a	n/a	n/a	n/a
5126.44	n/a	RECOG_RESP	2563220	n/a	LTP282	ltpFR	0	2	1	NEWSPAPER	948	1	n/a	0	n/a	n/a	n/a	n/a	n/a
5127.954	n/a	RECOG_CONF	2563977	n/a	LTP282	ltpFR	0	2	1	NEWSPAPER	948	n/a	2	0	n/a	n/a	n/a	n/a	n/a
5183.378	n/a	REC_START	2591689	n/a	LTP282	ltpFR	0	3	n/a	n/a	n/a	n/a	n/a	n/a	n/a	n/a	n/a	n/a	n/a
5183.434	n/a	RECOG_TARGET	2591717	n/a	LTP282	ltpFR	0	3	1	VALLEY	1545	1	5	0	n/a	n/a	n/a	n/a	n/a
5184.868	n/a	RECOG_RESP	2592434	n/a	LTP282	ltpFR	0	3	1	VALLEY	1545	1	n/a	0	n/a	n/a	n/a	n/a	n/a
5186.758	n/a	RECOG_CONF	2593379	n/a	LTP282	ltpFR	0	3	1	VALLEY	1545	n/a	5	0	n/a	n/a	n/a	n/a	n/a
5188.738	n/a	RECOG_LURE	2594369	n/a	LTP282	ltpFR	0	3	n/a	HUMAN	726	0	4	n/a	n/a	n/a	n/a	n/a	n/a
5189.744	n/a	RECOG_RESP	2594872	n/a	LTP282	ltpFR	0	3	n/a	HUMAN	726	0	n/a	n/a	n/a	n/a	n/a	n/a	n/a
5190.848	n/a	RECOG_CONF	2595424	n/a	LTP282	ltpFR	0	3	n/a	HUMAN	726	n/a	4	n/a	n/a	n/a	n/a	n/a	n/a
5192.904	n/a	RECOG_LURE	2596452	n/a	LTP282	ltpFR	0	3	n/a	SEAT	1264	0	4	n/a	n/a	n/a	n/a	n/a	n/a
5193.898	n/a	RECOG_RESP	2596949	n/a	LTP282	ltpFR	0	3	n/a	SEAT	1264	0	n/a	n/a	n/a	n/a	n/a	n/a	n/a
5195.358	n/a	RECOG_CONF	2597679	n/a	LTP282	ltpFR	0	3	n/a	SEAT	1264	n/a	4	n/a	n/a	n/a	n/a	n/a	n/a
5197.338	n/a	RECOG_LURE	2598669	n/a	LTP282	ltpFR	0	3	n/a	RELATIVE	1182	0	5	n/a	n/a	n/a	n/a	n/a	n/a
5198.268	n/a	RECOG_RESP	2599134	n/a	LTP282	ltpFR	0	3	n/a	RELATIVE	1182	0	n/a	n/a	n/a	n/a	n/a	n/a	n/a
5199.468	n/a	RECOG_CONF	2599734	n/a	LTP282	ltpFR	0	3	n/a	RELATIVE	1182	n/a	5	n/a	n/a	n/a	n/a	n/a	n/a
5201.67	n/a	RECOG_TARGET	2600835	n/a	LTP282	ltpFR	0	3	1	BULB	192	0	2	0	n/a	n/a	n/a	n/a	n/a
5202.974	n/a	RECOG_RESP	2601487	n/a	LTP282	ltpFR	0	3	1	BULB	192	0	n/a	0	n/a	n/a	n/a	n/a	n/a
5204.52	n/a	RECOG_CONF	2602260	n/a	LTP282	ltpFR	0	3	1	BULB	192	n/a	2	0	n/a	n/a	n/a	n/a	n/a
5206.556	n/a	RECOG_TARGET	2603278	n/a	LTP282	ltpFR	0	3	1	PIKE	1067	1	5	1	n/a	n/a	n/a	n/a	n/a
5207.61	n/a	RECOG_RESP	2603805	n/a	LTP282	ltpFR	0	3	1	PIKE	1067	1	n/a	1	n/a	n/a	n/a	n/a	n/a
5208.98	n/a	RECOG_CONF	2604490	n/a	LTP282	ltpFR	0	3	1	PIKE	1067	n/a	5	1	n/a	n/a	n/a	n/a	n/a
5210.89	n/a	RECOG_TARGET	2605445	n/a	LTP282	ltpFR	0	3	-1	SNACK	1331	0	2	-1	n/a	n/a	n/a	n/a	n/a
5212.2	n/a	RECOG_RESP	2606100	n/a	LTP282	ltpFR	0	3	-1	SNACK	1331	0	n/a	-1	n/a	n/a	n/a	n/a	n/a
5214.51	n/a	RECOG_CONF	2607255	n/a	LTP282	ltpFR	0	3	-1	SNACK	1331	n/a	2	-1	n/a	n/a	n/a	n/a	n/a
5216.192	n/a	RECOG_TARGET	2608096	n/a	LTP282	ltpFR	0	3	-1	CORN	381	0	2	-1	n/a	n/a	n/a	n/a	n/a
5217.294	n/a	RECOG_RESP	2608647	n/a	LTP282	ltpFR	0	3	-1	CORN	381	0	n/a	-1	n/a	n/a	n/a	n/a	n/a
5219.91	n/a	RECOG_CONF	2609955	n/a	LTP282	ltpFR	0	3	-1	CORN	381	n/a	2	-1	n/a	n/a	n/a	n/a	n/a
5221.898	n/a	RECOG_TARGET	2610949	n/a	LTP282	ltpFR	0	3	-1	MOTH	920	1	5	-1	n/a	n/a	n/a	n/a	n/a
5222.98	n/a	RECOG_RESP	2611490	n/a	LTP282	ltpFR	0	3	-1	MOTH	920	1	n/a	-1	n/a	n/a	n/a	n/a	n/a
5224.36	n/a	RECOG_CONF	2612180	n/a	LTP282	ltpFR	0	3	-1	MOTH	920	n/a	5	-1	n/a	n/a	n/a	n/a	n/a
5226.232	n/a	RECOG_LURE	2613116	n/a	LTP282	ltpFR	0	3	n/a	BAIT	70	0	3	n/a	n/a	n/a	n/a	n/a	n/a
5227.35	n/a	RECOG_RESP	2613675	n/a	LTP282	ltpFR	0	3	n/a	BAIT	70	0	n/a	n/a	n/a	n/a	n/a	n/a	n/a
5228.94	n/a	RECOG_CONF	2614470	n/a	LTP282	ltpFR	0	3	n/a	BAIT	70	n/a	3	n/a	n/a	n/a	n/a	n/a	n/a
5230.866	n/a	RECOG_TARGET	2615433	n/a	LTP282	ltpFR	0	3	-1	CELLAR	267	1	2	-1	n/a	n/a	n/a	n/a	n/a
5232.28	n/a	RECOG_RESP	2616140	n/a	LTP282	ltpFR	0	3	-1	CELLAR	267	1	n/a	-1	n/a	n/a	n/a	n/a	n/a
5233.71	n/a	RECOG_CONF	2616855	n/a	LTP282	ltpFR	0	3	-1	CELLAR	267	n/a	2	-1	n/a	n/a	n/a	n/a	n/a
5235.616	n/a	RECOG_TARGET	2617808	n/a	LTP282	ltpFR	0	3	1	GARDEN	623	1	5	1	n/a	n/a	n/a	n/a	n/a
5237.22	n/a	RECOG_RESP	2618610	n/a	LTP282	ltpFR	0	3	1	GARDEN	623	1	n/a	1	n/a	n/a	n/a	n/a	n/a
5238.93	n/a	RECOG_CONF	2619465	n/a	LTP282	ltpFR	0	3	1	GARDEN	623	n/a	5	1	n/a	n/a	n/a	n/a	n/a
5240.786	n/a	RECOG_TARGET	2620393	n/a	LTP282	ltpFR	0	3	1	SODA	1341	1	2	0	n/a	n/a	n/a	n/a	n/a
5242.332	n/a	RECOG_RESP	2621166	n/a	LTP282	ltpFR	0	3	1	SODA	1341	1	n/a	0	n/a	n/a	n/a	n/a	n/a
5244.092	n/a	RECOG_CONF	2622046	n/a	LTP282	ltpFR	0	3	1	SODA	1341	n/a	2	0	n/a	n/a	n/a	n/a	n/a
5245.956	n/a	RECOG_TARGET	2622978	n/a	LTP282	ltpFR	0	3	0	VINEGAR	1569	1	5	0	n/a	n/a	n/a	n/a	n/a
5246.866	n/a	RECOG_RESP	2623433	n/a	LTP282	ltpFR	0	3	0	VINEGAR	1569	1	n/a	0	n/a	n/a	n/a	n/a	n/a
5248.332	n/a	RECOG_CONF	2624166	n/a	LTP282	ltpFR	0	3	0	VINEGAR	1569	n/a	5	0	n/a	n/a	n/a	n/a	n/a
5250.54	n/a	RECOG_LURE	2625270	n/a	LTP282	ltpFR	0	3	n/a	SKYSCRAPER	1322	0	4	n/a	n/a	n/a	n/a	n/a	n/a
5251.602	n/a	RECOG_RESP	2625801	n/a	LTP282	ltpFR	0	3	n/a	SKYSCRAPER	1322	0	n/a	n/a	n/a	n/a	n/a	n/a	n/a
5253.602	n/a	RECOG_CONF	2626801	n/a	LTP282	ltpFR	0	3	n/a	SKYSCRAPER	1322	n/a	4	n/a	n/a	n/a	n/a	n/a	n/a
5255.878	n/a	RECOG_TARGET	2627939	n/a	LTP282	ltpFR	0	3	1	OATS	968	1	5	0	n/a	n/a	n/a	n/a	n/a
5256.722	n/a	RECOG_RESP	2628361	n/a	LTP282	ltpFR	0	3	1	OATS	968	1	n/a	0	n/a	n/a	n/a	n/a	n/a
5258.332	n/a	RECOG_CONF	2629166	n/a	LTP282	ltpFR	0	3	1	OATS	968	n/a	5	0	n/a	n/a	n/a	n/a	n/a
5260.478	n/a	RECOG_TARGET	2630239	n/a	LTP282	ltpFR	0	3	1	BUGLE	189	1	5	0	n/a	n/a	n/a	n/a	n/a
5261.322	n/a	RECOG_RESP	2630661	n/a	LTP282	ltpFR	0	3	1	BUGLE	189	1	n/a	0	n/a	n/a	n/a	n/a	n/a
5262.682	n/a	RECOG_CONF	2631341	n/a	LTP282	ltpFR	0	3	1	BUGLE	189	n/a	5	0	n/a	n/a	n/a	n/a	n/a
5264.83	n/a	RECOG_TARGET	2632415	n/a	LTP282	ltpFR	0	3	1	BADGE	68	1	5	0	n/a	n/a	n/a	n/a	n/a
5266.008	n/a	RECOG_RESP	2633004	n/a	LTP282	ltpFR	0	3	1	BADGE	68	1	n/a	0	n/a	n/a	n/a	n/a	n/a
5267.302	n/a	RECOG_CONF	2633651	n/a	LTP282	ltpFR	0	3	1	BADGE	68	n/a	5	0	n/a	n/a	n/a	n/a	n/a
5269.228	n/a	RECOG_LURE	2634614	n/a	LTP282	ltpFR	0	3	n/a	BEEF	113	0	2	n/a	n/a	n/a	n/a	n/a	n/a
5270.678	n/a	RECOG_RESP	2635339	n/a	LTP282	ltpFR	0	3	n/a	BEEF	113	0	n/a	n/a	n/a	n/a	n/a	n/a	n/a
5273.252	n/a	RECOG_CONF	2636626	n/a	LTP282	ltpFR	0	3	n/a	BEEF	113	n/a	2	n/a	n/a	n/a	n/a	n/a	n/a
5275.184	n/a	RECOG_TARGET	2637592	n/a	LTP282	ltpFR	0	3	1	RICE	1190	0	1	0	n/a	n/a	n/a	n/a	n/a
5277.098	n/a	RECOG_RESP	2638549	n/a	LTP282	ltpFR	0	3	1	RICE	1190	0	n/a	0	n/a	n/a	n/a	n/a	n/a
5278.712	n/a	RECOG_CONF	2639356	n/a	LTP282	ltpFR	0	3	1	RICE	1190	n/a	1	0	n/a	n/a	n/a	n/a	n/a
5363.72	n/a	REC_START	2681860	n/a	LTP282	ltpFR	0	4	n/a	n/a	n/a	n/a	n/a	n/a	n/a	n/a	n/a	n/a	n/a
5363.774	n/a	RECOG_TARGET	2681887	n/a	LTP282	ltpFR	0	4	-1	SECRETARY	1265	1	5	-1	n/a	n/a	n/a	n/a	n/a
5364.65	n/a	RECOG_RESP	2682325	n/a	LTP282	ltpFR	0	4	-1	SECRETARY	1265	1	n/a	-1	n/a	n/a	n/a	n/a	n/a
5365.99	n/a	RECOG_CONF	2682995	n/a	LTP282	ltpFR	0	4	-1	SECRETARY	1265	n/a	5	-1	n/a	n/a	n/a	n/a	n/a
5368.04	n/a	RECOG_LURE	2684020	n/a	LTP282	ltpFR	0	4	n/a	PHILOSOPHER	1054	0	5	n/a	n/a	n/a	n/a	n/a	n/a
5368.88	n/a	RECOG_RESP	2684440	n/a	LTP282	ltpFR	0	4	n/a	PHILOSOPHER	1054	0	n/a	n/a	n/a	n/a	n/a	n/a	n/a
5369.99	n/a	RECOG_CONF	2684995	n/a	LTP282	ltpFR	0	4	n/a	PHILOSOPHER	1054	n/a	5	n/a	n/a	n/a	n/a	n/a	n/a
5372.272	n/a	RECOG_LURE	2686136	n/a	LTP282	ltpFR	0	4	n/a	YOKE	1632	0	5	n/a	n/a	n/a	n/a	n/a	n/a
5373.214	n/a	RECOG_RESP	2686607	n/a	LTP282	ltpFR	0	4	n/a	YOKE	1632	0	n/a	n/a	n/a	n/a	n/a	n/a	n/a
5374.38	n/a	RECOG_CONF	2687190	n/a	LTP282	ltpFR	0	4	n/a	YOKE	1632	n/a	5	n/a	n/a	n/a	n/a	n/a	n/a
5376.288	n/a	RECOG_TARGET	2688144	n/a	LTP282	ltpFR	0	4	1	STREAM	1392	1	5	0	n/a	n/a	n/a	n/a	n/a
5377.11	n/a	RECOG_RESP	2688555	n/a	LTP282	ltpFR	0	4	1	STREAM	1392	1	n/a	0	n/a	n/a	n/a	n/a	n/a
5378.35	n/a	RECOG_CONF	2689175	n/a	LTP282	ltpFR	0	4	1	STREAM	1392	n/a	5	0	n/a	n/a	n/a	n/a	n/a
5380.438	n/a	RECOG_LURE	2690219	n/a	LTP282	ltpFR	0	4	n/a	DANCER	437	0	3	n/a	n/a	n/a	n/a	n/a	n/a
5381.34	n/a	RECOG_RESP	2690670	n/a	LTP282	ltpFR	0	4	n/a	DANCER	437	0	n/a	n/a	n/a	n/a	n/a	n/a	n/a
5382.54	n/a	RECOG_CONF	2691270	n/a	LTP282	ltpFR	0	4	n/a	DANCER	437	n/a	3	n/a	n/a	n/a	n/a	n/a	n/a
5384.502	n/a	RECOG_LURE	2692251	n/a	LTP282	ltpFR	0	4	n/a	KING	777	0	3	n/a	n/a	n/a	n/a	n/a	n/a
5385.466	n/a	RECOG_RESP	2692733	n/a	LTP282	ltpFR	0	4	n/a	KING	777	0	n/a	n/a	n/a	n/a	n/a	n/a	n/a
5387.33	n/a	RECOG_CONF	2693665	n/a	LTP282	ltpFR	0	4	n/a	KING	777	n/a	3	n/a	n/a	n/a	n/a	n/a	n/a
5389.136	n/a	RECOG_TARGET	2694568	n/a	LTP282	ltpFR	0	4	-1	SCREEN	1253	1	2	-1	n/a	n/a	n/a	n/a	n/a
5390.24	n/a	RECOG_RESP	2695120	n/a	LTP282	ltpFR	0	4	-1	SCREEN	1253	1	n/a	-1	n/a	n/a	n/a	n/a	n/a
5391.63	n/a	RECOG_CONF	2695815	n/a	LTP282	ltpFR	0	4	-1	SCREEN	1253	n/a	2	-1	n/a	n/a	n/a	n/a	n/a
5393.57	n/a	RECOG_LURE	2696785	n/a	LTP282	ltpFR	0	4	n/a	SHARK	1275	0	3	n/a	n/a	n/a	n/a	n/a	n/a
5394.536	n/a	RECOG_RESP	2697268	n/a	LTP282	ltpFR	0	4	n/a	SHARK	1275	0	n/a	n/a	n/a	n/a	n/a	n/a	n/a
5396.002	n/a	RECOG_CONF	2698001	n/a	LTP282	ltpFR	0	4	n/a	SHARK	1275	n/a	3	n/a	n/a	n/a	n/a	n/a	n/a
5398.038	n/a	RECOG_LURE	2699019	n/a	LTP282	ltpFR	0	4	n/a	BRANCH	168	0	5	n/a	n/a	n/a	n/a	n/a	n/a
5399.452	n/a	RECOG_RESP	2699726	n/a	LTP282	ltpFR	0	4	n/a	BRANCH	168	0	n/a	n/a	n/a	n/a	n/a	n/a	n/a
5400.662	n/a	RECOG_CONF	2700331	n/a	LTP282	ltpFR	0	4	n/a	BRANCH	168	n/a	5	n/a	n/a	n/a	n/a	n/a	n/a
5402.806	n/a	RECOG_TARGET	2701403	n/a	LTP282	ltpFR	0	4	1	ROBE	1198	1	5	0	n/a	n/a	n/a	n/a	n/a
5403.706	n/a	RECOG_RESP	2701853	n/a	LTP282	ltpFR	0	4	1	ROBE	1198	1	n/a	0	n/a	n/a	n/a	n/a	n/a
5404.882	n/a	RECOG_CONF	2702441	n/a	LTP282	ltpFR	0	4	1	ROBE	1198	n/a	5	0	n/a	n/a	n/a	n/a	n/a
5406.904	n/a	RECOG_TARGET	2703452	n/a	LTP282	ltpFR	0	4	0	PRIEST	1122	1	5	1	n/a	n/a	n/a	n/a	n/a
5407.772	n/a	RECOG_RESP	2703886	n/a	LTP282	ltpFR	0	4	0	PRIEST	1122	1	n/a	1	n/a	n/a	n/a	n/a	n/a
5409.152	n/a	RECOG_CONF	2704576	n/a	LTP282	ltpFR	0	4	0	PRIEST	1122	n/a	5	1	n/a	n/a	n/a	n/a	n/a
5410.986	n/a	RECOG_TARGET	2705493	n/a	LTP282	ltpFR	0	4	1	BUFFALO	186	1	5	1	n/a	n/a	n/a	n/a	n/a
5412.006	n/a	RECOG_RESP	2706003	n/a	LTP282	ltpFR	0	4	1	BUFFALO	186	1	n/a	1	n/a	n/a	n/a	n/a	n/a
5413.452	n/a	RECOG_CONF	2706726	n/a	LTP282	ltpFR	0	4	1	BUFFALO	186	n/a	5	1	n/a	n/a	n/a	n/a	n/a
5415.438	n/a	RECOG_TARGET	2707719	n/a	LTP282	ltpFR	0	4	0	TERRITORY	1452	1	5	1	n/a	n/a	n/a	n/a	n/a
5416.642	n/a	RECOG_RESP	2708321	n/a	LTP282	ltpFR	0	4	0	TERRITORY	1452	1	n/a	1	n/a	n/a	n/a	n/a	n/a
5417.972	n/a	RECOG_CONF	2708986	n/a	LTP282	ltpFR	0	4	0	TERRITORY	1452	n/a	5	1	n/a	n/a	n/a	n/a	n/a
5419.938	n/a	RECOG_TARGET	2709969	n/a	LTP282	ltpFR	0	4	1	COP	376	1	5	1	n/a	n/a	n/a	n/a	n/a
5420.608	n/a	RECOG_RESP	2710304	n/a	LTP282	ltpFR	0	4	1	COP	376	1	n/a	1	n/a	n/a	n/a	n/a	n/a
5422.052	n/a	RECOG_CONF	2711026	n/a	LTP282	ltpFR	0	4	1	COP	376	n/a	5	1	n/a	n/a	n/a	n/a	n/a
5423.82	n/a	RECOG_TARGET	2711910	n/a	LTP282	ltpFR	0	4	0	SUPERVISOR	1410	1	2	1	n/a	n/a	n/a	n/a	n/a
5425.312	n/a	RECOG_RESP	2712656	n/a	LTP282	ltpFR	0	4	0	SUPERVISOR	1410	1	n/a	1	n/a	n/a	n/a	n/a	n/a
5426.652	n/a	RECOG_CONF	2713326	n/a	LTP282	ltpFR	0	4	0	SUPERVISOR	1410	n/a	2	1	n/a	n/a	n/a	n/a	n/a
5428.452	n/a	RECOG_TARGET	2714226	n/a	LTP282	ltpFR	0	4	0	COCOON	339	1	5	0	n/a	n/a	n/a	n/a	n/a
5429.352	n/a	RECOG_RESP	2714676	n/a	LTP282	ltpFR	0	4	0	COCOON	339	1	n/a	0	n/a	n/a	n/a	n/a	n/a
5431.152	n/a	RECOG_CONF	2715576	n/a	LTP282	ltpFR	0	4	0	COCOON	339	n/a	5	0	n/a	n/a	n/a	n/a	n/a
5433.19	n/a	RECOG_TARGET	2716595	n/a	LTP282	ltpFR	0	4	1	BROCCOLI	176	1	5	1	n/a	n/a	n/a	n/a	n/a
5433.924	n/a	RECOG_RESP	2716962	n/a	LTP282	ltpFR	0	4	1	BROCCOLI	176	1	n/a	1	n/a	n/a	n/a	n/a	n/a
5435.474	n/a	RECOG_CONF	2717737	n/a	LTP282	ltpFR	0	4	1	BROCCOLI	176	n/a	5	1	n/a	n/a	n/a	n/a	n/a
5437.406	n/a	RECOG_LURE	2718703	n/a	LTP282	ltpFR	0	4	n/a	BARRACUDA	90	0	5	n/a	n/a	n/a	n/a	n/a	n/a
5438.368	n/a	RECOG_RESP	2719184	n/a	LTP282	ltpFR	0	4	n/a	BARRACUDA	90	0	n/a	n/a	n/a	n/a	n/a	n/a	n/a
5439.734	n/a	RECOG_CONF	2719867	n/a	LTP282	ltpFR	0	4	n/a	BARRACUDA	90	n/a	5	n/a	n/a	n/a	n/a	n/a	n/a
5441.754	n/a	RECOG_TARGET	2720877	n/a	LTP282	ltpFR	0	4	0	BANDANNA	80	1	5	0	n/a	n/a	n/a	n/a	n/a
5442.608	n/a	RECOG_RESP	2721304	n/a	LTP282	ltpFR	0	4	0	BANDANNA	80	1	n/a	0	n/a	n/a	n/a	n/a	n/a
5444.364	n/a	RECOG_CONF	2722182	n/a	LTP282	ltpFR	0	4	0	BANDANNA	80	n/a	5	0	n/a	n/a	n/a	n/a	n/a
5446.456	n/a	RECOG_TARGET	2723228	n/a	LTP282	ltpFR	0	4	0	REPTILE	1185	1	5	0	n/a	n/a	n/a	n/a	n/a
5447.784	n/a	RECOG_RESP	2723892	n/a	LTP282	ltpFR	0	4	0	REPTILE	1185	1	n/a	0	n/a	n/a	n/a	n/a	n/a
5449.204	n/a	RECOG_CONF	2724602	n/a	LTP282	ltpFR	0	4	0	REPTILE	1185	n/a	5	0	n/a	n/a	n/a	n/a	n/a
5454.042	n/a	REC_START	2727021	n/a	LTP282	ltpFR	0	5	n/a	n/a	n/a	n/a	n/a	n/a	n/a	n/a	n/a	n/a	n/a
5454.086	n/a	RECOG_TARGET	2727043	n/a	LTP282	ltpFR	0	5	0	VIKING	1565	1	4	1	n/a	n/a	n/a	n/a	n/a
5455.256	n/a	RECOG_RESP	2727628	n/a	LTP282	ltpFR	0	5	0	VIKING	1565	1	n/a	1	n/a	n/a	n/a	n/a	n/a
5456.592	n/a	RECOG_CONF	2728296	n/a	LTP282	ltpFR	0	5	0	VIKING	1565	n/a	4	1	n/a	n/a	n/a	n/a	n/a
5458.586	n/a	RECOG_TARGET	2729293	n/a	LTP282	ltpFR	0	5	1	TUNA	1518	1	5	1	n/a	n/a	n/a	n/a	n/a
5459.376	n/a	RECOG_RESP	2729688	n/a	LTP282	ltpFR	0	5	1	TUNA	1518	1	n/a	1	n/a	n/a	n/a	n/a	n/a
5460.802	n/a	RECOG_CONF	2730401	n/a	LTP282	ltpFR	0	5	1	TUNA	1518	n/a	5	1	n/a	n/a	n/a	n/a	n/a
5462.802	n/a	RECOG_TARGET	2731401	n/a	LTP282	ltpFR	0	5	1	DORM	488	1	5	0	n/a	n/a	n/a	n/a	n/a
5463.576	n/a	RECOG_RESP	2731788	n/a	LTP282	ltpFR	0	5	1	DORM	488	1	n/a	0	n/a	n/a	n/a	n/a	n/a
5464.922	n/a	RECOG_CONF	2732461	n/a	LTP282	ltpFR	0	5	1	DORM	488	n/a	5	0	n/a	n/a	n/a	n/a	n/a
5466.65	n/a	RECOG_LURE	2733325	n/a	LTP282	ltpFR	0	5	n/a	BOAT	144	0	2	n/a	n/a	n/a	n/a	n/a	n/a
5467.576	n/a	RECOG_RESP	2733788	n/a	LTP282	ltpFR	0	5	n/a	BOAT	144	0	n/a	n/a	n/a	n/a	n/a	n/a	n/a
5468.872	n/a	RECOG_CONF	2734436	n/a	LTP282	ltpFR	0	5	n/a	BOAT	144	n/a	2	n/a	n/a	n/a	n/a	n/a	n/a
5470.934	n/a	RECOG_TARGET	2735467	n/a	LTP282	ltpFR	0	5	0	SIRLOIN	1311	1	5	0	n/a	n/a	n/a	n/a	n/a
5472.158	n/a	RECOG_RESP	2736079	n/a	LTP282	ltpFR	0	5	0	SIRLOIN	1311	1	n/a	0	n/a	n/a	n/a	n/a	n/a
5473.522	n/a	RECOG_CONF	2736761	n/a	LTP282	ltpFR	0	5	0	SIRLOIN	1311	n/a	5	0	n/a	n/a	n/a	n/a	n/a
5475.25	n/a	RECOG_TARGET	2737625	n/a	LTP282	ltpFR	0	5	0	WIRE	1616	1	5	0	n/a	n/a	n/a	n/a	n/a
5476.372	n/a	RECOG_RESP	2738186	n/a	LTP282	ltpFR	0	5	0	WIRE	1616	1	n/a	0	n/a	n/a	n/a	n/a	n/a
5477.602	n/a	RECOG_CONF	2738801	n/a	LTP282	ltpFR	0	5	0	WIRE	1616	n/a	5	0	n/a	n/a	n/a	n/a	n/a
5479.332	n/a	RECOG_LURE	2739666	n/a	LTP282	ltpFR	0	5	n/a	HEEL	700	0	4	n/a	n/a	n/a	n/a	n/a	n/a
5480.232	n/a	RECOG_RESP	2740116	n/a	LTP282	ltpFR	0	5	n/a	HEEL	700	0	n/a	n/a	n/a	n/a	n/a	n/a	n/a
5481.262	n/a	RECOG_CONF	2740631	n/a	LTP282	ltpFR	0	5	n/a	HEEL	700	n/a	4	n/a	n/a	n/a	n/a	n/a	n/a
5483.18	n/a	RECOG_TARGET	2741590	n/a	LTP282	ltpFR	0	5	1	RADIATOR	1156	1	4	0	n/a	n/a	n/a	n/a	n/a
5484.318	n/a	RECOG_RESP	2742159	n/a	LTP282	ltpFR	0	5	1	RADIATOR	1156	1	n/a	0	n/a	n/a	n/a	n/a	n/a
5485.482	n/a	RECOG_CONF	2742741	n/a	LTP282	ltpFR	0	5	1	RADIATOR	1156	n/a	4	0	n/a	n/a	n/a	n/a	n/a
5487.412	n/a	RECOG_TARGET	2743706	n/a	LTP282	ltpFR	0	5	-1	CELERY	266	1	4	-1	n/a	n/a	n/a	n/a	n/a
5488.272	n/a	RECOG_RESP	2744136	n/a	LTP282	ltpFR	0	5	-1	CELERY	266	1	n/a	-1	n/a	n/a	n/a	n/a	n/a
5489.582	n/a	RECOG_CONF	2744791	n/a	LTP282	ltpFR	0	5	-1	CELERY	266	n/a	4	-1	n/a	n/a	n/a	n/a	n/a
5491.528	n/a	RECOG_TARGET	2745764	n/a	LTP282	ltpFR	0	5	0	HURRICANE	727	1	5	1	n/a	n/a	n/a	n/a	n/a
5492.368	n/a	RECOG_RESP	2746184	n/a	LTP282	ltpFR	0	5	0	HURRICANE	727	1	n/a	1	n/a	n/a	n/a	n/a	n/a
5493.614	n/a	RECOG_CONF	2746807	n/a	LTP282	ltpFR	0	5	0	HURRICANE	727	n/a	5	1	n/a	n/a	n/a	n/a	n/a
5495.412	n/a	RECOG_TARGET	2747706	n/a	LTP282	ltpFR	0	5	0	MARSH	874	1	4	1	n/a	n/a	n/a	n/a	n/a
5496.284	n/a	RECOG_RESP	2748142	n/a	LTP282	ltpFR	0	5	0	MARSH	874	1	n/a	1	n/a	n/a	n/a	n/a	n/a
5497.754	n/a	RECOG_CONF	2748877	n/a	LTP282	ltpFR	0	5	0	MARSH	874	n/a	4	1	n/a	n/a	n/a	n/a	n/a
5499.71	n/a	RECOG_LURE	2749855	n/a	LTP282	ltpFR	0	5	n/a	ICING	732	0	2	n/a	n/a	n/a	n/a	n/a	n/a
5500.788	n/a	RECOG_RESP	2750394	n/a	LTP282	ltpFR	0	5	n/a	ICING	732	0	n/a	n/a	n/a	n/a	n/a	n/a	n/a
5501.954	n/a	RECOG_CONF	2750977	n/a	LTP282	ltpFR	0	5	n/a	ICING	732	n/a	2	n/a	n/a	n/a	n/a	n/a	n/a
5503.842	n/a	RECOG_TARGET	2751921	n/a	LTP282	ltpFR	0	5	1	MOUSE	925	1	4	1	n/a	n/a	n/a	n/a	n/a
5504.614	n/a	RECOG_RESP	2752307	n/a	LTP282	ltpFR	0	5	1	MOUSE	925	1	n/a	1	n/a	n/a	n/a	n/a	n/a
5506.074	n/a	RECOG_CONF	2753037	n/a	LTP282	ltpFR	0	5	1	MOUSE	925	n/a	4	1	n/a	n/a	n/a	n/a	n/a
5508.006	n/a	RECOG_LURE	2754003	n/a	LTP282	ltpFR	0	5	n/a	WARDROBE	1587	0	2	n/a	n/a	n/a	n/a	n/a	n/a
5508.99	n/a	RECOG_RESP	2754495	n/a	LTP282	ltpFR	0	5	n/a	WARDROBE	1587	0	n/a	n/a	n/a	n/a	n/a	n/a	n/a
5510.284	n/a	RECOG_CONF	2755142	n/a	LTP282	ltpFR	0	5	n/a	WARDROBE	1587	n/a	2	n/a	n/a	n/a	n/a	n/a	n/a
5512.04	n/a	RECOG_LURE	2756020	n/a	LTP282	ltpFR	0	5	n/a	CRYSTAL	418	0	4	n/a	n/a	n/a	n/a	n/a	n/a
5512.89	n/a	RECOG_RESP	2756445	n/a	LTP282	ltpFR	0	5	n/a	CRYSTAL	418	0	n/a	n/a	n/a	n/a	n/a	n/a	n/a
5514.084	n/a	RECOG_CONF	2757042	n/a	LTP282	ltpFR	0	5	n/a	CRYSTAL	418	n/a	4	n/a	n/a	n/a	n/a	n/a	n/a
5516.356	n/a	RECOG_TARGET	2758178	n/a	LTP282	ltpFR	0	5	0	SCENERY	1247	1	5	1	n/a	n/a	n/a	n/a	n/a
5517.23	n/a	RECOG_RESP	2758615	n/a	LTP282	ltpFR	0	5	0	SCENERY	1247	1	n/a	1	n/a	n/a	n/a	n/a	n/a
5518.714	n/a	RECOG_CONF	2759357	n/a	LTP282	ltpFR	0	5	0	SCENERY	1247	n/a	5	1	n/a	n/a	n/a	n/a	n/a
5520.64	n/a	RECOG_TARGET	2760320	n/a	LTP282	ltpFR	0	5	1	CUE	422	1	5	0	n/a	n/a	n/a	n/a	n/a
5521.754	n/a	RECOG_RESP	2760877	n/a	LTP282	ltpFR	0	5	1	CUE	422	1	n/a	0	n/a	n/a	n/a	n/a	n/a
5523.104	n/a	RECOG_CONF	2761552	n/a	LTP282	ltpFR	0	5	1	CUE	422	n/a	5	0	n/a	n/a	n/a	n/a	n/a
5524.672	n/a	RECOG_LURE	2762336	n/a	LTP282	ltpFR	0	5	n/a	JACKET	747	0	2	n/a	n/a	n/a	n/a	n/a	n/a
5525.854	n/a	RECOG_RESP	2762927	n/a	LTP282	ltpFR	0	5	n/a	JACKET	747	0	n/a	n/a	n/a	n/a	n/a	n/a	n/a
5527.054	n/a	RECOG_CONF	2763527	n/a	LTP282	ltpFR	0	5	n/a	JACKET	747	n/a	2	n/a	n/a	n/a	n/a	n/a	n/a
5528.922	n/a	RECOG_LURE	2764461	n/a	LTP282	ltpFR	0	5	n/a	CHARCOAL	281	0	4	n/a	n/a	n/a	n/a	n/a	n/a
5529.76	n/a	RECOG_RESP	2764880	n/a	LTP282	ltpFR	0	5	n/a	CHARCOAL	281	0	n/a	n/a	n/a	n/a	n/a	n/a	n/a
5530.926	n/a	RECOG_CONF	2765463	n/a	LTP282	ltpFR	0	5	n/a	CHARCOAL	281	n/a	4	n/a	n/a	n/a	n/a	n/a	n/a
5532.818	n/a	RECOG_TARGET	2766409	n/a	LTP282	ltpFR	0	5	-1	BLUEPRINT	142	1	5	-1	n/a	n/a	n/a	n/a	n/a
5534.05	n/a	RECOG_RESP	2767025	n/a	LTP282	ltpFR	0	5	-1	BLUEPRINT	142	1	n/a	-1	n/a	n/a	n/a	n/a	n/a
5535.166	n/a	RECOG_CONF	2767583	n/a	LTP282	ltpFR	0	5	-1	BLUEPRINT	142	n/a	5	-1	n/a	n/a	n/a	n/a	n/a
5546.482	n/a	REC_START	2773241	n/a	LTP282	ltpFR	0	6	n/a	n/a	n/a	n/a	n/a	n/a	n/a	n/a	n/a	n/a	n/a
5546.538	n/a	RECOG_TARGET	2773269	n/a	LTP282	ltpFR	0	6	1	LAVA	804	1	5	0	n/a	n/a	n/a	n/a	n/a
5547.504	n/a	RECOG_RESP	2773752	n/a	LTP282	ltpFR	0	6	1	LAVA	804	1	n/a	0	n/a	n/a	n/a	n/a	n/a
5548.834	n/a	RECOG_CONF	2774417	n/a	LTP282	ltpFR	0	6	1	LAVA	804	n/a	5	0	n/a	n/a	n/a	n/a	n/a
5550.688	n/a	RECOG_TARGET	2775344	n/a	LTP282	ltpFR	0	6	-1	ORCHESTRA	981	1	5	-1	n/a	n/a	n/a	n/a	n/a
5551.398	n/a	RECOG_RESP	2775699	n/a	LTP282	ltpFR	0	6	-1	ORCHESTRA	981	1	n/a	-1	n/a	n/a	n/a	n/a	n/a
5552.574	n/a	RECOG_CONF	2776287	n/a	LTP282	ltpFR	0	6	-1	ORCHESTRA	981	n/a	5	-1	n/a	n/a	n/a	n/a	n/a
5554.45	n/a	RECOG_TARGET	2777225	n/a	LTP282	ltpFR	0	6	0	PROTRACTOR	1133	1	5	0	n/a	n/a	n/a	n/a	n/a
5555.444	n/a	RECOG_RESP	2777722	n/a	LTP282	ltpFR	0	6	0	PROTRACTOR	1133	1	n/a	0	n/a	n/a	n/a	n/a	n/a
5556.754	n/a	RECOG_CONF	2778377	n/a	LTP282	ltpFR	0	6	0	PROTRACTOR	1133	n/a	5	0	n/a	n/a	n/a	n/a	n/a
5558.434	n/a	RECOG_TARGET	2779217	n/a	LTP282	ltpFR	0	6	0	WOMAN	1620	0	3	1	n/a	n/a	n/a	n/a	n/a
5559.484	n/a	RECOG_RESP	2779742	n/a	LTP282	ltpFR	0	6	0	WOMAN	1620	0	n/a	1	n/a	n/a	n/a	n/a	n/a
5560.764	n/a	RECOG_CONF	2780382	n/a	LTP282	ltpFR	0	6	0	WOMAN	1620	n/a	3	1	n/a	n/a	n/a	n/a	n/a
5562.6	n/a	RECOG_TARGET	2781300	n/a	LTP282	ltpFR	0	6	1	ALMOND	18	0	3	0	n/a	n/a	n/a	n/a	n/a
5563.414	n/a	RECOG_RESP	2781707	n/a	LTP282	ltpFR	0	6	1	ALMOND	18	0	n/a	0	n/a	n/a	n/a	n/a	n/a
5564.754	n/a	RECOG_CONF	2782377	n/a	LTP282	ltpFR	0	6	1	ALMOND	18	n/a	3	0	n/a	n/a	n/a	n/a	n/a
5566.65	n/a	RECOG_TARGET	2783325	n/a	LTP282	ltpFR	0	6	1	HORSE	719	1	5	1	n/a	n/a	n/a	n/a	n/a
5567.344	n/a	RECOG_RESP	2783672	n/a	LTP282	ltpFR	0	6	1	HORSE	719	1	n/a	1	n/a	n/a	n/a	n/a	n/a
5568.474	n/a	RECOG_CONF	2784237	n/a	LTP282	ltpFR	0	6	1	HORSE	719	n/a	5	1	n/a	n/a	n/a	n/a	n/a
5570.38	n/a	RECOG_LURE	2785190	n/a	LTP282	ltpFR	0	6	n/a	EMPEROR	529	1	1	n/a	n/a	n/a	n/a	n/a	n/a
5571.324	n/a	RECOG_RESP	2785662	n/a	LTP282	ltpFR	0	6	n/a	EMPEROR	529	1	n/a	n/a	n/a	n/a	n/a	n/a	n/a
5572.854	n/a	RECOG_CONF	2786427	n/a	LTP282	ltpFR	0	6	n/a	EMPEROR	529	n/a	1	n/a	n/a	n/a	n/a	n/a	n/a
5574.68	n/a	RECOG_LURE	2787340	n/a	LTP282	ltpFR	0	6	n/a	CURB	426	0	2	n/a	n/a	n/a	n/a	n/a	n/a
5575.804	n/a	RECOG_RESP	2787902	n/a	LTP282	ltpFR	0	6	n/a	CURB	426	0	n/a	n/a	n/a	n/a	n/a	n/a	n/a
5577.194	n/a	RECOG_CONF	2788597	n/a	LTP282	ltpFR	0	6	n/a	CURB	426	n/a	2	n/a	n/a	n/a	n/a	n/a	n/a
5579.214	n/a	RECOG_TARGET	2789607	n/a	LTP282	ltpFR	0	6	1	CHIME	300	1	3	0	n/a	n/a	n/a	n/a	n/a
5580.314	n/a	RECOG_RESP	2790157	n/a	LTP282	ltpFR	0	6	1	CHIME	300	1	n/a	0	n/a	n/a	n/a	n/a	n/a
5581.434	n/a	RECOG_CONF	2790717	n/a	LTP282	ltpFR	0	6	1	CHIME	300	n/a	3	0	n/a	n/a	n/a	n/a	n/a
5583.346	n/a	RECOG_TARGET	2791673	n/a	LTP282	ltpFR	0	6	-1	ATTORNEY	58	0	3	-1	n/a	n/a	n/a	n/a	n/a
5584.774	n/a	RECOG_RESP	2792387	n/a	LTP282	ltpFR	0	6	-1	ATTORNEY	58	0	n/a	-1	n/a	n/a	n/a	n/a	n/a
5585.966	n/a	RECOG_CONF	2792983	n/a	LTP282	ltpFR	0	6	-1	ATTORNEY	58	n/a	3	-1	n/a	n/a	n/a	n/a	n/a
5588.014	n/a	RECOG_TARGET	2794007	n/a	LTP282	ltpFR	0	6	-1	DOUGHNUT	490	0	3	-1	n/a	n/a	n/a	n/a	n/a
5588.896	n/a	RECOG_RESP	2794448	n/a	LTP282	ltpFR	0	6	-1	DOUGHNUT	490	0	n/a	-1	n/a	n/a	n/a	n/a	n/a
5590.756	n/a	RECOG_CONF	2795378	n/a	LTP282	ltpFR	0	6	-1	DOUGHNUT	490	n/a	3	-1	n/a	n/a	n/a	n/a	n/a
5592.882	n/a	RECOG_LURE	2796441	n/a	LTP282	ltpFR	0	6	n/a	DELINQUENT	445	0	5	n/a	n/a	n/a	n/a	n/a	n/a
5593.666	n/a	RECOG_RESP	2796833	n/a	LTP282	ltpFR	0	6	n/a	DELINQUENT	445	0	n/a	n/a	n/a	n/a	n/a	n/a	n/a
5594.856	n/a	RECOG_CONF	2797428	n/a	LTP282	ltpFR	0	6	n/a	DELINQUENT	445	n/a	5	n/a	n/a	n/a	n/a	n/a	n/a
5597.014	n/a	RECOG_LURE	2798507	n/a	LTP282	ltpFR	0	6	n/a	LIP	828	0	5	n/a	n/a	n/a	n/a	n/a	n/a
5597.98	n/a	RECOG_RESP	2798990	n/a	LTP282	ltpFR	0	6	n/a	LIP	828	0	n/a	n/a	n/a	n/a	n/a	n/a	n/a
5599.386	n/a	RECOG_CONF	2799693	n/a	LTP282	ltpFR	0	6	n/a	LIP	828	n/a	5	n/a	n/a	n/a	n/a	n/a	n/a
5601.348	n/a	RECOG_TARGET	2800674	n/a	LTP282	ltpFR	0	6	-1	BOOK	149	1	2	-1	n/a	n/a	n/a	n/a	n/a
5602.476	n/a	RECOG_RESP	2801238	n/a	LTP282	ltpFR	0	6	-1	BOOK	149	1	n/a	-1	n/a	n/a	n/a	n/a	n/a
5603.866	n/a	RECOG_CONF	2801933	n/a	LTP282	ltpFR	0	6	-1	BOOK	149	n/a	2	-1	n/a	n/a	n/a	n/a	n/a
5605.664	n/a	RECOG_TARGET	2802832	n/a	LTP282	ltpFR	0	6	-1	CAFE	216	1	5	-1	n/a	n/a	n/a	n/a	n/a
5606.632	n/a	RECOG_RESP	2803316	n/a	LTP282	ltpFR	0	6	-1	CAFE	216	1	n/a	-1	n/a	n/a	n/a	n/a	n/a
5607.976	n/a	RECOG_CONF	2803988	n/a	LTP282	ltpFR	0	6	-1	CAFE	216	n/a	5	-1	n/a	n/a	n/a	n/a	n/a
5609.714	n/a	RECOG_LURE	2804857	n/a	LTP282	ltpFR	0	6	n/a	PERMIT	1051	0	5	n/a	n/a	n/a	n/a	n/a	n/a
5610.556	n/a	RECOG_RESP	2805278	n/a	LTP282	ltpFR	0	6	n/a	PERMIT	1051	0	n/a	n/a	n/a	n/a	n/a	n/a	n/a
5611.676	n/a	RECOG_CONF	2805838	n/a	LTP282	ltpFR	0	6	n/a	PERMIT	1051	n/a	5	n/a	n/a	n/a	n/a	n/a	n/a
5613.528	n/a	RECOG_TARGET	2806764	n/a	LTP282	ltpFR	0	6	1	RABBIT	1152	1	5	1	n/a	n/a	n/a	n/a	n/a
5614.342	n/a	RECOG_RESP	2807171	n/a	LTP282	ltpFR	0	6	1	RABBIT	1152	1	n/a	1	n/a	n/a	n/a	n/a	n/a
5615.486	n/a	RECOG_CONF	2807743	n/a	LTP282	ltpFR	0	6	1	RABBIT	1152	n/a	5	1	n/a	n/a	n/a	n/a	n/a
5617.192	n/a	RECOG_TARGET	2808596	n/a	LTP282	ltpFR	0	6	1	CANDLE	229	0	2	0	n/a	n/a	n/a	n/a	n/a
5618.266	n/a	RECOG_RESP	2809133	n/a	LTP282	ltpFR	0	6	1	CANDLE	229	0	n/a	0	n/a	n/a	n/a	n/a	n/a
5619.616	n/a	RECOG_CONF	2809808	n/a	LTP282	ltpFR	0	6	1	CANDLE	229	n/a	2	0	n/a	n/a	n/a	n/a	n/a
5621.442	n/a	RECOG_LURE	2810721	n/a	LTP282	ltpFR	0	6	n/a	GROUND	666	0	5	n/a	n/a	n/a	n/a	n/a	n/a
5622.376	n/a	RECOG_RESP	2811188	n/a	LTP282	ltpFR	0	6	n/a	GROUND	666	0	n/a	n/a	n/a	n/a	n/a	n/a	n/a
5623.448	n/a	RECOG_CONF	2811724	n/a	LTP282	ltpFR	0	6	n/a	GROUND	666	n/a	5	n/a	n/a	n/a	n/a	n/a	n/a
5625.424	n/a	RECOG_TARGET	2812712	n/a	LTP282	ltpFR	0	6	1	CARRIAGE	248	1	4	0	n/a	n/a	n/a	n/a	n/a
5626.328	n/a	RECOG_RESP	2813164	n/a	LTP282	ltpFR	0	6	1	CARRIAGE	248	1	n/a	0	n/a	n/a	n/a	n/a	n/a
5627.408	n/a	RECOG_CONF	2813704	n/a	LTP282	ltpFR	0	6	1	CARRIAGE	248	n/a	4	0	n/a	n/a	n/a	n/a	n/a
5631.65	n/a	REC_START	2815825	n/a	LTP282	ltpFR	0	7	n/a	n/a	n/a	n/a	n/a	n/a	n/a	n/a	n/a	n/a	n/a
5631.698	n/a	RECOG_TARGET	2815849	n/a	LTP282	ltpFR	0	7	-1	SAUSAGE	1238	1	5	-1	n/a	n/a	n/a	n/a	n/a
5632.794	n/a	RECOG_RESP	2816397	n/a	LTP282	ltpFR	0	7	-1	SAUSAGE	1238	1	n/a	-1	n/a	n/a	n/a	n/a	n/a
5633.93	n/a	RECOG_CONF	2816965	n/a	LTP282	ltpFR	0	7	-1	SAUSAGE	1238	n/a	5	-1	n/a	n/a	n/a	n/a	n/a
5635.83	n/a	RECOG_TARGET	2817915	n/a	LTP282	ltpFR	0	7	0	BOTTLE	153	1	5	0	n/a	n/a	n/a	n/a	n/a
5636.5	n/a	RECOG_RESP	2818250	n/a	LTP282	ltpFR	0	7	0	BOTTLE	153	1	n/a	0	n/a	n/a	n/a	n/a	n/a
5637.67	n/a	RECOG_CONF	2818835	n/a	LTP282	ltpFR	0	7	0	BOTTLE	153	n/a	5	0	n/a	n/a	n/a	n/a	n/a
5639.358	n/a	RECOG_LURE	2819679	n/a	LTP282	ltpFR	0	7	n/a	RADISH	1158	1	5	n/a	n/a	n/a	n/a	n/a	n/a
5640.104	n/a	RECOG_RESP	2820052	n/a	LTP282	ltpFR	0	7	n/a	RADISH	1158	1	n/a	n/a	n/a	n/a	n/a	n/a	n/a
5641.37	n/a	RECOG_CONF	2820685	n/a	LTP282	ltpFR	0	7	n/a	RADISH	1158	n/a	5	n/a	n/a	n/a	n/a	n/a	n/a
5643.142	n/a	RECOG_LURE	2821571	n/a	LTP282	ltpFR	0	7	n/a	THUMB	1462	0	5	n/a	n/a	n/a	n/a	n/a	n/a
5644.066	n/a	RECOG_RESP	2822033	n/a	LTP282	ltpFR	0	7	n/a	THUMB	1462	0	n/a	n/a	n/a	n/a	n/a	n/a	n/a
5645.11	n/a	RECOG_CONF	2822555	n/a	LTP282	ltpFR	0	7	n/a	THUMB	1462	n/a	5	n/a	n/a	n/a	n/a	n/a	n/a
5646.988	n/a	RECOG_TARGET	2823494	n/a	LTP282	ltpFR	0	7	0	STOMACH	1384	1	5	0	n/a	n/a	n/a	n/a	n/a
5647.88	n/a	RECOG_RESP	2823940	n/a	LTP282	ltpFR	0	7	0	STOMACH	1384	1	n/a	0	n/a	n/a	n/a	n/a	n/a
5648.98	n/a	RECOG_CONF	2824490	n/a	LTP282	ltpFR	0	7	0	STOMACH	1384	n/a	5	0	n/a	n/a	n/a	n/a	n/a
5650.92	n/a	RECOG_TARGET	2825460	n/a	LTP282	ltpFR	0	7	0	ANCHOR	21	1	5	1	n/a	n/a	n/a	n/a	n/a
5651.686	n/a	RECOG_RESP	2825843	n/a	LTP282	ltpFR	0	7	0	ANCHOR	21	1	n/a	1	n/a	n/a	n/a	n/a	n/a
5652.89	n/a	RECOG_CONF	2826445	n/a	LTP282	ltpFR	0	7	0	ANCHOR	21	n/a	5	1	n/a	n/a	n/a	n/a	n/a
5654.652	n/a	RECOG_TARGET	2827326	n/a	LTP282	ltpFR	0	7	1	PONY	1102	0	3	1	n/a	n/a	n/a	n/a	n/a
5655.316	n/a	RECOG_RESP_VV	2827658	n/a	LTP282	ltpFR	0	7	1	PONY	1102	1	n/a	1	n/a	n/a	n/a	n/a	n/a
5656.21	n/a	RECOG_RESP	2828105	n/a	LTP282	ltpFR	0	7	1	PONY	1102	0	n/a	1	n/a	n/a	n/a	n/a	n/a
5657.87	n/a	RECOG_CONF	2828935	n/a	LTP282	ltpFR	0	7	1	PONY	1102	n/a	3	1	n/a	n/a	n/a	n/a	n/a
5659.67	n/a	RECOG_TARGET	2829835	n/a	LTP282	ltpFR	0	7	1	DRESS	495	0	1	0	n/a	n/a	n/a	n/a	n/a
5661.862	n/a	RECOG_RESP	2830931	n/a	LTP282	ltpFR	0	7	1	DRESS	495	0	n/a	0	n/a	n/a	n/a	n/a	n/a
5663.022	n/a	RECOG_CONF	2831511	n/a	LTP282	ltpFR	0	7	1	DRESS	495	n/a	1	0	n/a	n/a	n/a	n/a	n/a
5664.992	n/a	RECOG_TARGET	2832496	n/a	LTP282	ltpFR	0	7	1	COTTAGE	384	1	5	0	n/a	n/a	n/a	n/a	n/a
5665.802	n/a	RECOG_RESP	2832901	n/a	LTP282	ltpFR	0	7	1	COTTAGE	384	1	n/a	0	n/a	n/a	n/a	n/a	n/a
5666.892	n/a	RECOG_CONF	2833446	n/a	LTP282	ltpFR	0	7	1	COTTAGE	384	n/a	5	0	n/a	n/a	n/a	n/a	n/a
5668.872	n/a	RECOG_TARGET	2834436	n/a	LTP282	ltpFR	0	7	-1	BROOK	177	1	5	-1	n/a	n/a	n/a	n/a	n/a
5669.702	n/a	RECOG_RESP	2834851	n/a	LTP282	ltpFR	0	7	-1	BROOK	177	1	n/a	-1	n/a	n/a	n/a	n/a	n/a
5671.092	n/a	RECOG_CONF	2835546	n/a	LTP282	ltpFR	0	7	-1	BROOK	177	n/a	5	-1	n/a	n/a	n/a	n/a	n/a
5672.904	n/a	RECOG_LURE	2836452	n/a	LTP282	ltpFR	0	7	n/a	TROPHY	1509	1	2	n/a	n/a	n/a	n/a	n/a	n/a
5673.812	n/a	RECOG_RESP	2836906	n/a	LTP282	ltpFR	0	7	n/a	TROPHY	1509	1	n/a	n/a	n/a	n/a	n/a	n/a	n/a
5675.332	n/a	RECOG_CONF	2837666	n/a	LTP282	ltpFR	0	7	n/a	TROPHY	1509	n/a	2	n/a	n/a	n/a	n/a	n/a	n/a
5676.954	n/a	RECOG_TARGET	2838477	n/a	LTP282	ltpFR	0	7	1	BRUNETTE	181	1	5	1	n/a	n/a	n/a	n/a	n/a
5677.702	n/a	RECOG_RESP	2838851	n/a	LTP282	ltpFR	0	7	1	BRUNETTE	181	1	n/a	1	n/a	n/a	n/a	n/a	n/a
5678.752	n/a	RECOG_CONF	2839376	n/a	LTP282	ltpFR	0	7	1	BRUNETTE	181	n/a	5	1	n/a	n/a	n/a	n/a	n/a
5680.75	n/a	RECOG_LURE	2840375	n/a	LTP282	ltpFR	0	7	n/a	BINDER	127	0	4	n/a	n/a	n/a	n/a	n/a	n/a
5681.812	n/a	RECOG_RESP	2840906	n/a	LTP282	ltpFR	0	7	n/a	BINDER	127	0	n/a	n/a	n/a	n/a	n/a	n/a	n/a
5683.072	n/a	RECOG_CONF	2841536	n/a	LTP282	ltpFR	0	7	n/a	BINDER	127	n/a	4	n/a	n/a	n/a	n/a	n/a	n/a
5685.0	n/a	RECOG_TARGET	2842500	n/a	LTP282	ltpFR	0	7	-1	JUG	762	0	2	-1	n/a	n/a	n/a	n/a	n/a
5686.258	n/a	RECOG_RESP	2843129	n/a	LTP282	ltpFR	0	7	-1	JUG	762	0	n/a	-1	n/a	n/a	n/a	n/a	n/a
5687.342	n/a	RECOG_CONF	2843671	n/a	LTP282	ltpFR	0	7	-1	JUG	762	n/a	2	-1	n/a	n/a	n/a	n/a	n/a
5689.15	n/a	RECOG_TARGET	2844575	n/a	LTP282	ltpFR	0	7	0	DUNE	506	1	5	1	n/a	n/a	n/a	n/a	n/a
5689.972	n/a	RECOG_RESP	2844986	n/a	LTP282	ltpFR	0	7	0	DUNE	506	1	n/a	1	n/a	n/a	n/a	n/a	n/a
5691.072	n/a	RECOG_CONF	2845536	n/a	LTP282	ltpFR	0	7	0	DUNE	506	n/a	5	1	n/a	n/a	n/a	n/a	n/a
5693.014	n/a	RECOG_LURE	2846507	n/a	LTP282	ltpFR	0	7	n/a	LINEN	825	0	5	n/a	n/a	n/a	n/a	n/a	n/a
5693.952	n/a	RECOG_RESP	2846976	n/a	LTP282	ltpFR	0	7	n/a	LINEN	825	0	n/a	n/a	n/a	n/a	n/a	n/a	n/a
5694.942	n/a	RECOG_CONF	2847471	n/a	LTP282	ltpFR	0	7	n/a	LINEN	825	n/a	5	n/a	n/a	n/a	n/a	n/a	n/a
5696.778	n/a	RECOG_TARGET	2848389	n/a	LTP282	ltpFR	0	7	1	VEHICLE	1553	0	2	0	n/a	n/a	n/a	n/a	n/a
5698.612	n/a	RECOG_RESP	2849306	n/a	LTP282	ltpFR	0	7	1	VEHICLE	1553	0	n/a	0	n/a	n/a	n/a	n/a	n/a
5699.924	n/a	RECOG_CONF	2849962	n/a	LTP282	ltpFR	0	7	1	VEHICLE	1553	n/a	2	0	n/a	n/a	n/a	n/a	n/a
5701.632	n/a	RECOG_TARGET	2850816	n/a	LTP282	ltpFR	0	7	0	GOAT	644	1	5	1	n/a	n/a	n/a	n/a	n/a
5702.434	n/a	RECOG_RESP	2851217	n/a	LTP282	ltpFR	0	7	0	GOAT	644	1	n/a	1	n/a	n/a	n/a	n/a	n/a
5703.604	n/a	RECOG_CONF	2851802	n/a	LTP282	ltpFR	0	7	0	GOAT	644	n/a	5	1	n/a	n/a	n/a	n/a	n/a
5705.312	n/a	RECOG_TARGET	2852656	n/a	LTP282	ltpFR	0	7	-1	COURT	391	0	2	-1	n/a	n/a	n/a	n/a	n/a
5706.474	n/a	RECOG_RESP	2853237	n/a	LTP282	ltpFR	0	7	-1	COURT	391	0	n/a	-1	n/a	n/a	n/a	n/a	n/a
5707.784	n/a	RECOG_CONF	2853892	n/a	LTP282	ltpFR	0	7	-1	COURT	391	n/a	2	-1	n/a	n/a	n/a	n/a	n/a
5709.696	n/a	RECOG_TARGET	2854848	n/a	LTP282	ltpFR	0	7	0	INFANT	737	1	5	0	n/a	n/a	n/a	n/a	n/a
5710.404	n/a	RECOG_RESP	2855202	n/a	LTP282	ltpFR	0	7	0	INFANT	737	1	n/a	0	n/a	n/a	n/a	n/a	n/a
5711.494	n/a	RECOG_CONF	2855747	n/a	LTP282	ltpFR	0	7	0	INFANT	737	n/a	5	0	n/a	n/a	n/a	n/a	n/a
5715.714	n/a	REC_START	2857857	n/a	LTP282	ltpFR	0	8	n/a	n/a	n/a	n/a	n/a	n/a	n/a	n/a	n/a	n/a	n/a
5715.768	n/a	RECOG_LURE	2857884	n/a	LTP282	ltpFR	0	8	n/a	RECORD	1176	0	1	n/a	n/a	n/a	n/a	n/a	n/a
5717.068	n/a	RECOG_RESP	2858534	n/a	LTP282	ltpFR	0	8	n/a	RECORD	1176	0	n/a	n/a	n/a	n/a	n/a	n/a	n/a
5718.334	n/a	RECOG_CONF	2859167	n/a	LTP282	ltpFR	0	8	n/a	RECORD	1176	n/a	1	n/a	n/a	n/a	n/a	n/a	n/a
5720.186	n/a	RECOG_LURE	2860093	n/a	LTP282	ltpFR	0	8	n/a	WOLF	1619	0	5	n/a	n/a	n/a	n/a	n/a	n/a
5720.96	n/a	RECOG_RESP	2860480	n/a	LTP282	ltpFR	0	8	n/a	WOLF	1619	0	n/a	n/a	n/a	n/a	n/a	n/a	n/a
5722.214	n/a	RECOG_CONF	2861107	n/a	LTP282	ltpFR	0	8	n/a	WOLF	1619	n/a	5	n/a	n/a	n/a	n/a	n/a	n/a
5724.118	n/a	RECOG_TARGET	2862059	n/a	LTP282	ltpFR	0	8	1	MOP	916	1	5	0	n/a	n/a	n/a	n/a	n/a
5725.15	n/a	RECOG_RESP	2862575	n/a	LTP282	ltpFR	0	8	1	MOP	916	1	n/a	0	n/a	n/a	n/a	n/a	n/a
5726.364	n/a	RECOG_CONF	2863182	n/a	LTP282	ltpFR	0	8	1	MOP	916	n/a	5	0	n/a	n/a	n/a	n/a	n/a
5728.1	n/a	RECOG_TARGET	2864050	n/a	LTP282	ltpFR	0	8	-1	FRANCE	601	0	4	-1	n/a	n/a	n/a	n/a	n/a
5729.064	n/a	RECOG_RESP	2864532	n/a	LTP282	ltpFR	0	8	-1	FRANCE	601	0	n/a	-1	n/a	n/a	n/a	n/a	n/a
5730.844	n/a	RECOG_CONF	2865422	n/a	LTP282	ltpFR	0	8	-1	FRANCE	601	n/a	4	-1	n/a	n/a	n/a	n/a	n/a
5732.95	n/a	RECOG_LURE	2866475	n/a	LTP282	ltpFR	0	8	n/a	BUILDER	190	1	4	n/a	n/a	n/a	n/a	n/a	n/a
5734.144	n/a	RECOG_RESP	2867072	n/a	LTP282	ltpFR	0	8	n/a	BUILDER	190	1	n/a	n/a	n/a	n/a	n/a	n/a	n/a
5735.184	n/a	RECOG_CONF	2867592	n/a	LTP282	ltpFR	0	8	n/a	BUILDER	190	n/a	4	n/a	n/a	n/a	n/a	n/a	n/a
5737.234	n/a	RECOG_LURE	2868617	n/a	LTP282	ltpFR	0	8	n/a	GLASS	639	0	1	n/a	n/a	n/a	n/a	n/a	n/a
5738.83	n/a	RECOG_RESP	2869415	n/a	LTP282	ltpFR	0	8	n/a	GLASS	639	0	n/a	n/a	n/a	n/a	n/a	n/a	n/a
5740.046	n/a	RECOG_CONF	2870023	n/a	LTP282	ltpFR	0	8	n/a	GLASS	639	n/a	1	n/a	n/a	n/a	n/a	n/a	n/a
5742.0	n/a	RECOG_TARGET	2871000	n/a	LTP282	ltpFR	0	8	1	DETECTIVE	454	1	4	1	n/a	n/a	n/a	n/a	n/a
5742.85	n/a	RECOG_RESP	2871425	n/a	LTP282	ltpFR	0	8	1	DETECTIVE	454	1	n/a	1	n/a	n/a	n/a	n/a	n/a
5744.066	n/a	RECOG_CONF	2872033	n/a	LTP282	ltpFR	0	8	1	DETECTIVE	454	n/a	4	1	n/a	n/a	n/a	n/a	n/a
5746.132	n/a	RECOG_TARGET	2873066	n/a	LTP282	ltpFR	0	8	1	CANAL	226	1	4	0	n/a	n/a	n/a	n/a	n/a
5747.96	n/a	RECOG_RESP_VV	2873980	n/a	LTP282	ltpFR	0	8	1	CANAL	226	0	n/a	0	n/a	n/a	n/a	n/a	n/a
5749.486	n/a	RECOG_RESP	2874743	n/a	LTP282	ltpFR	0	8	1	CANAL	226	1	n/a	0	n/a	n/a	n/a	n/a	n/a
5751.064	n/a	RECOG_CONF	2875532	n/a	LTP282	ltpFR	0	8	1	CANAL	226	n/a	4	0	n/a	n/a	n/a	n/a	n/a
5753.06	n/a	RECOG_TARGET	2876530	n/a	LTP282	ltpFR	0	8	0	TURNIP	1521	1	5	0	n/a	n/a	n/a	n/a	n/a
5753.96	n/a	RECOG_RESP	2876980	n/a	LTP282	ltpFR	0	8	0	TURNIP	1521	1	n/a	0	n/a	n/a	n/a	n/a	n/a
5755.286	n/a	RECOG_CONF	2877643	n/a	LTP282	ltpFR	0	8	0	TURNIP	1521	n/a	5	0	n/a	n/a	n/a	n/a	n/a
5757.412	n/a	RECOG_TARGET	2878706	n/a	LTP282	ltpFR	0	8	0	CHERRY	293	1	5	0	n/a	n/a	n/a	n/a	n/a
5758.136	n/a	RECOG_RESP	2879068	n/a	LTP282	ltpFR	0	8	0	CHERRY	293	1	n/a	0	n/a	n/a	n/a	n/a	n/a
5759.636	n/a	RECOG_CONF	2879818	n/a	LTP282	ltpFR	0	8	0	CHERRY	293	n/a	5	0	n/a	n/a	n/a	n/a	n/a
5761.744	n/a	RECOG_LURE	2880872	n/a	LTP282	ltpFR	0	8	n/a	PILL	1068	0	3	n/a	n/a	n/a	n/a	n/a	n/a
5762.682	n/a	RECOG_RESP	2881341	n/a	LTP282	ltpFR	0	8	n/a	PILL	1068	0	n/a	n/a	n/a	n/a	n/a	n/a	n/a
5764.096	n/a	RECOG_CONF	2882048	n/a	LTP282	ltpFR	0	8	n/a	PILL	1068	n/a	3	n/a	n/a	n/a	n/a	n/a	n/a
5766.144	n/a	RECOG_TARGET	2883072	n/a	LTP282	ltpFR	0	8	0	CORK	380	1	5	0	n/a	n/a	n/a	n/a	n/a
5767.022	n/a	RECOG_RESP	2883511	n/a	LTP282	ltpFR	0	8	0	CORK	380	1	n/a	0	n/a	n/a	n/a	n/a	n/a
5768.356	n/a	RECOG_CONF	2884178	n/a	LTP282	ltpFR	0	8	0	CORK	380	n/a	5	0	n/a	n/a	n/a	n/a	n/a
5770.428	n/a	RECOG_TARGET	2885214	n/a	LTP282	ltpFR	0	8	1	ANT	25	1	5	1	n/a	n/a	n/a	n/a	n/a
5771.616	n/a	RECOG_RESP	2885808	n/a	LTP282	ltpFR	0	8	1	ANT	25	1	n/a	1	n/a	n/a	n/a	n/a	n/a
5773.316	n/a	RECOG_CONF	2886658	n/a	LTP282	ltpFR	0	8	1	ANT	25	n/a	5	1	n/a	n/a	n/a	n/a	n/a
5775.296	n/a	RECOG_TARGET	2887648	n/a	LTP282	ltpFR	0	8	-1	CAKE	219	1	5	-1	n/a	n/a	n/a	n/a	n/a
5776.082	n/a	RECOG_RESP	2888041	n/a	LTP282	ltpFR	0	8	-1	CAKE	219	1	n/a	-1	n/a	n/a	n/a	n/a	n/a
5777.608	n/a	RECOG_CONF	2888804	n/a	LTP282	ltpFR	0	8	-1	CAKE	219	n/a	5	-1	n/a	n/a	n/a	n/a	n/a
5779.764	n/a	RECOG_TARGET	2889882	n/a	LTP282	ltpFR	0	8	-1	COAT	333	1	4	-1	n/a	n/a	n/a	n/a	n/a
5781.022	n/a	RECOG_RESP	2890511	n/a	LTP282	ltpFR	0	8	-1	COAT	333	1	n/a	-1	n/a	n/a	n/a	n/a	n/a
5782.518	n/a	RECOG_CONF	2891259	n/a	LTP282	ltpFR	0	8	-1	COAT	333	n/a	4	-1	n/a	n/a	n/a	n/a	n/a
5784.716	n/a	RECOG_TARGET	2892358	n/a	LTP282	ltpFR	0	8	-1	SHEARS	1276	1	2	-1	n/a	n/a	n/a	n/a	n/a
5786.152	n/a	RECOG_RESP	2893076	n/a	LTP282	ltpFR	0	8	-1	SHEARS	1276	1	n/a	-1	n/a	n/a	n/a	n/a	n/a
5787.478	n/a	RECOG_CONF	2893739	n/a	LTP282	ltpFR	0	8	-1	SHEARS	1276	n/a	2	-1	n/a	n/a	n/a	n/a	n/a
5789.45	n/a	RECOG_TARGET	2894725	n/a	LTP282	ltpFR	0	8	1	BEARD	107	1	5	0	n/a	n/a	n/a	n/a	n/a
5790.202	n/a	RECOG_RESP	2895101	n/a	LTP282	ltpFR	0	8	1	BEARD	107	1	n/a	0	n/a	n/a	n/a	n/a	n/a
5791.598	n/a	RECOG_CONF	2895799	n/a	LTP282	ltpFR	0	8	1	BEARD	107	n/a	5	0	n/a	n/a	n/a	n/a	n/a
5793.632	n/a	RECOG_TARGET	2896816	n/a	LTP282	ltpFR	0	8	1	RIB	1188	1	5	1	n/a	n/a	n/a	n/a	n/a
5794.394	n/a	RECOG_RESP	2897197	n/a	LTP282	ltpFR	0	8	1	RIB	1188	1	n/a	1	n/a	n/a	n/a	n/a	n/a
5795.618	n/a	RECOG_CONF	2897809	n/a	LTP282	ltpFR	0	8	1	RIB	1188	n/a	5	1	n/a	n/a	n/a	n/a	n/a
5797.732	n/a	RECOG_LURE	2898866	n/a	LTP282	ltpFR	0	8	n/a	CHEESE	289	0	3	n/a	n/a	n/a	n/a	n/a	n/a
5798.638	n/a	RECOG_RESP	2899319	n/a	LTP282	ltpFR	0	8	n/a	CHEESE	289	0	n/a	n/a	n/a	n/a	n/a	n/a	n/a
5800.158	n/a	RECOG_CONF	2900079	n/a	LTP282	ltpFR	0	8	n/a	CHEESE	289	n/a	3	n/a	n/a	n/a	n/a	n/a	n/a
5802.282	n/a	RECOG_TARGET	2901141	n/a	LTP282	ltpFR	0	8	-1	DAUGHTER	442	0	4	-1	n/a	n/a	n/a	n/a	n/a
5803.154	n/a	RECOG_RESP	2901577	n/a	LTP282	ltpFR	0	8	-1	DAUGHTER	442	0	n/a	-1	n/a	n/a	n/a	n/a	n/a
5804.288	n/a	RECOG_CONF	2902144	n/a	LTP282	ltpFR	0	8	-1	DAUGHTER	442	n/a	4	-1	n/a	n/a	n/a	n/a	n/a
5809.552	n/a	REC_START	2904776	n/a	LTP282	ltpFR	0	9	n/a	n/a	n/a	n/a	n/a	n/a	n/a	n/a	n/a	n/a	n/a
5809.608	n/a	RECOG_TARGET	2904804	n/a	LTP282	ltpFR	0	9	-1	BASEMENT	94	0	2	-1	n/a	n/a	n/a	n/a	n/a
5810.942	n/a	RECOG_RESP	2905471	n/a	LTP282	ltpFR	0	9	-1	BASEMENT	94	0	n/a	-1	n/a	n/a	n/a	n/a	n/a
5812.382	n/a	RECOG_CONF	2906191	n/a	LTP282	ltpFR	0	9	-1	BASEMENT	94	n/a	2	-1	n/a	n/a	n/a	n/a	n/a
5814.362	n/a	RECOG_TARGET	2907181	n/a	LTP282	ltpFR	0	9	-1	VET	1560	1	3	-1	n/a	n/a	n/a	n/a	n/a
5815.708	n/a	RECOG_RESP	2907854	n/a	LTP282	ltpFR	0	9	-1	VET	1560	1	n/a	-1	n/a	n/a	n/a	n/a	n/a
5817.182	n/a	RECOG_CONF	2908591	n/a	LTP282	ltpFR	0	9	-1	VET	1560	n/a	3	-1	n/a	n/a	n/a	n/a	n/a
5819.096	n/a	RECOG_TARGET	2909548	n/a	LTP282	ltpFR	0	9	1	LUMBER	848	1	5	1	n/a	n/a	n/a	n/a	n/a
5819.908	n/a	RECOG_RESP	2909954	n/a	LTP282	ltpFR	0	9	1	LUMBER	848	1	n/a	1	n/a	n/a	n/a	n/a	n/a
5821.332	n/a	RECOG_CONF	2910666	n/a	LTP282	ltpFR	0	9	1	LUMBER	848	n/a	5	1	n/a	n/a	n/a	n/a	n/a
5823.146	n/a	RECOG_TARGET	2911573	n/a	LTP282	ltpFR	0	9	-1	TROMBONE	1508	1	5	-1	n/a	n/a	n/a	n/a	n/a
5823.908	n/a	RECOG_RESP	2911954	n/a	LTP282	ltpFR	0	9	-1	TROMBONE	1508	1	n/a	-1	n/a	n/a	n/a	n/a	n/a
5825.362	n/a	RECOG_CONF	2912681	n/a	LTP282	ltpFR	0	9	-1	TROMBONE	1508	n/a	5	-1	n/a	n/a	n/a	n/a	n/a
5827.276	n/a	RECOG_TARGET	2913638	n/a	LTP282	ltpFR	0	9	-1	CHISEL	305	1	4	-1	n/a	n/a	n/a	n/a	n/a
5828.262	n/a	RECOG_RESP	2914131	n/a	LTP282	ltpFR	0	9	-1	CHISEL	305	1	n/a	-1	n/a	n/a	n/a	n/a	n/a
5829.652	n/a	RECOG_CONF	2914826	n/a	LTP282	ltpFR	0	9	-1	CHISEL	305	n/a	4	-1	n/a	n/a	n/a	n/a	n/a
5831.71	n/a	RECOG_LURE	2915855	n/a	LTP282	ltpFR	0	9	n/a	CHIEF	298	1	2	n/a	n/a	n/a	n/a	n/a	n/a
5833.268	n/a	RECOG_RESP	2916634	n/a	LTP282	ltpFR	0	9	n/a	CHIEF	298	1	n/a	n/a	n/a	n/a	n/a	n/a	n/a
5834.804	n/a	RECOG_CONF	2917402	n/a	LTP282	ltpFR	0	9	n/a	CHIEF	298	n/a	2	n/a	n/a	n/a	n/a	n/a	n/a
5836.746	n/a	RECOG_TARGET	2918373	n/a	LTP282	ltpFR	0	9	0	WITCH	1617	1	5	1	n/a	n/a	n/a	n/a	n/a
5837.648	n/a	RECOG_RESP	2918824	n/a	LTP282	ltpFR	0	9	0	WITCH	1617	1	n/a	1	n/a	n/a	n/a	n/a	n/a
5839.114	n/a	RECOG_CONF	2919557	n/a	LTP282	ltpFR	0	9	0	WITCH	1617	n/a	5	1	n/a	n/a	n/a	n/a	n/a
5841.148	n/a	RECOG_TARGET	2920574	n/a	LTP282	ltpFR	0	9	0	BAND	78	1	5	1	n/a	n/a	n/a	n/a	n/a
5842.488	n/a	RECOG_RESP	2921244	n/a	LTP282	ltpFR	0	9	0	BAND	78	1	n/a	1	n/a	n/a	n/a	n/a	n/a
5844.574	n/a	RECOG_CONF	2922287	n/a	LTP282	ltpFR	0	9	0	BAND	78	n/a	5	1	n/a	n/a	n/a	n/a	n/a
5846.786	n/a	RECOG_LURE	2923393	n/a	LTP282	ltpFR	0	9	n/a	SHOELACE	1289	0	5	n/a	n/a	n/a	n/a	n/a	n/a
5847.828	n/a	RECOG_RESP	2923914	n/a	LTP282	ltpFR	0	9	n/a	SHOELACE	1289	0	n/a	n/a	n/a	n/a	n/a	n/a	n/a
5849.974	n/a	RECOG_CONF	2924987	n/a	LTP282	ltpFR	0	9	n/a	SHOELACE	1289	n/a	5	n/a	n/a	n/a	n/a	n/a	n/a
5852.156	n/a	RECOG_TARGET	2926078	n/a	LTP282	ltpFR	0	9	1	DUST	508	1	5	0	n/a	n/a	n/a	n/a	n/a
5853.094	n/a	RECOG_RESP	2926547	n/a	LTP282	ltpFR	0	9	1	DUST	508	1	n/a	0	n/a	n/a	n/a	n/a	n/a
5854.734	n/a	RECOG_CONF	2927367	n/a	LTP282	ltpFR	0	9	1	DUST	508	n/a	5	0	n/a	n/a	n/a	n/a	n/a
5856.858	n/a	RECOG_TARGET	2928429	n/a	LTP282	ltpFR	0	9	1	RAM	1165	1	3	1	n/a	n/a	n/a	n/a	n/a
5858.154	n/a	RECOG_RESP	2929077	n/a	LTP282	ltpFR	0	9	1	RAM	1165	1	n/a	1	n/a	n/a	n/a	n/a	n/a
5860.704	n/a	RECOG_CONF	2930352	n/a	LTP282	ltpFR	0	9	1	RAM	1165	n/a	3	1	n/a	n/a	n/a	n/a	n/a
5862.68	n/a	RECOG_TARGET	2931340	n/a	LTP282	ltpFR	0	9	1	CABINET	212	1	3	0	n/a	n/a	n/a	n/a	n/a
5863.884	n/a	RECOG_RESP	2931942	n/a	LTP282	ltpFR	0	9	1	CABINET	212	1	n/a	0	n/a	n/a	n/a	n/a	n/a
5866.124	n/a	RECOG_CONF	2933062	n/a	LTP282	ltpFR	0	9	1	CABINET	212	n/a	3	0	n/a	n/a	n/a	n/a	n/a
5868.1	n/a	RECOG_LURE	2934050	n/a	LTP282	ltpFR	0	9	n/a	MUSEUM	933	0	3	n/a	n/a	n/a	n/a	n/a	n/a
5869.534	n/a	RECOG_RESP	2934767	n/a	LTP282	ltpFR	0	9	n/a	MUSEUM	933	0	n/a	n/a	n/a	n/a	n/a	n/a	n/a
5872.546	n/a	RECOG_CONF	2936273	n/a	LTP282	ltpFR	0	9	n/a	MUSEUM	933	n/a	3	n/a	n/a	n/a	n/a	n/a	n/a
5874.76	n/a	RECOG_TARGET	2937380	n/a	LTP282	ltpFR	0	9	0	CAT	257	0	1	0	n/a	n/a	n/a	n/a	n/a
5876.866	n/a	RECOG_RESP	2938433	n/a	LTP282	ltpFR	0	9	0	CAT	257	0	n/a	0	n/a	n/a	n/a	n/a	n/a
5878.356	n/a	RECOG_CONF	2939178	n/a	LTP282	ltpFR	0	9	0	CAT	257	n/a	1	0	n/a	n/a	n/a	n/a	n/a
5880.482	n/a	RECOG_TARGET	2940241	n/a	LTP282	ltpFR	0	9	1	PARROT	1015	1	5	1	n/a	n/a	n/a	n/a	n/a
5881.456	n/a	RECOG_RESP	2940728	n/a	LTP282	ltpFR	0	9	1	PARROT	1015	1	n/a	1	n/a	n/a	n/a	n/a	n/a
5883.086	n/a	RECOG_CONF	2941543	n/a	LTP282	ltpFR	0	9	1	PARROT	1015	n/a	5	1	n/a	n/a	n/a	n/a	n/a
5885.114	n/a	RECOG_LURE	2942557	n/a	LTP282	ltpFR	0	9	n/a	FLASK	576	1	3	n/a	n/a	n/a	n/a	n/a	n/a
5886.42	n/a	RECOG_RESP	2943210	n/a	LTP282	ltpFR	0	9	n/a	FLASK	576	1	n/a	n/a	n/a	n/a	n/a	n/a	n/a
5887.966	n/a	RECOG_CONF	2943983	n/a	LTP282	ltpFR	0	9	n/a	FLASK	576	n/a	3	n/a	n/a	n/a	n/a	n/a	n/a
5890.034	n/a	RECOG_LURE	2945017	n/a	LTP282	ltpFR	0	9	n/a	PUBLISHER	1137	1	1	n/a	n/a	n/a	n/a	n/a	n/a
5891.792	n/a	RECOG_RESP	2945896	n/a	LTP282	ltpFR	0	9	n/a	PUBLISHER	1137	1	n/a	n/a	n/a	n/a	n/a	n/a	n/a
5893.406	n/a	RECOG_CONF	2946703	n/a	LTP282	ltpFR	0	9	n/a	PUBLISHER	1137	n/a	1	n/a	n/a	n/a	n/a	n/a	n/a
5895.606	n/a	RECOG_TARGET	2947803	n/a	LTP282	ltpFR	0	9	-1	MOON	914	0	3	-1	n/a	n/a	n/a	n/a	n/a
5897.146	n/a	RECOG_RESP	2948573	n/a	LTP282	ltpFR	0	9	-1	MOON	914	0	n/a	-1	n/a	n/a	n/a	n/a	n/a
5899.936	n/a	RECOG_CONF	2949968	n/a	LTP282	ltpFR	0	9	-1	MOON	914	n/a	3	-1	n/a	n/a	n/a	n/a	n/a
5902.128	n/a	RECOG_LURE	2951064	n/a	LTP282	ltpFR	0	9	n/a	SCROLL	1257	0	5	n/a	n/a	n/a	n/a	n/a	n/a
5903.142	n/a	RECOG_RESP	2951571	n/a	LTP282	ltpFR	0	9	n/a	SCROLL	1257	0	n/a	n/a	n/a	n/a	n/a	n/a	n/a
5904.496	n/a	RECOG_CONF	2952248	n/a	LTP282	ltpFR	0	9	n/a	SCROLL	1257	n/a	5	n/a	n/a	n/a	n/a	n/a	n/a
5906.496	n/a	RECOG_TARGET	2953248	n/a	LTP282	ltpFR	0	9	1	POSSUM	1112	1	5	1	n/a	n/a	n/a	n/a	n/a
5907.526	n/a	RECOG_RESP	2953763	n/a	LTP282	ltpFR	0	9	1	POSSUM	1112	1	n/a	1	n/a	n/a	n/a	n/a	n/a
5909.288	n/a	RECOG_CONF	2954644	n/a	LTP282	ltpFR	0	9	1	POSSUM	1112	n/a	5	1	n/a	n/a	n/a	n/a	n/a
5917.832	n/a	REC_START	2958916	n/a	LTP282	ltpFR	0	10	n/a	n/a	n/a	n/a	n/a	n/a	n/a	n/a	n/a	n/a	n/a
5917.89	n/a	RECOG_LURE	2958945	n/a	LTP282	ltpFR	0	10	n/a	CANDIDATE	228	0	2	n/a	n/a	n/a	n/a	n/a	n/a
5919.302	n/a	RECOG_RESP	2959651	n/a	LTP282	ltpFR	0	10	n/a	CANDIDATE	228	0	n/a	n/a	n/a	n/a	n/a	n/a	n/a
5920.612	n/a	RECOG_CONF	2960306	n/a	LTP282	ltpFR	0	10	n/a	CANDIDATE	228	n/a	2	n/a	n/a	n/a	n/a	n/a	n/a
5922.46	n/a	RECOG_LURE	2961230	n/a	LTP282	ltpFR	0	10	n/a	GHETTO	633	0	5	n/a	n/a	n/a	n/a	n/a	n/a
5923.336	n/a	RECOG_RESP	2961668	n/a	LTP282	ltpFR	0	10	n/a	GHETTO	633	0	n/a	n/a	n/a	n/a	n/a	n/a	n/a
5924.462	n/a	RECOG_CONF	2962231	n/a	LTP282	ltpFR	0	10	n/a	GHETTO	633	n/a	5	n/a	n/a	n/a	n/a	n/a	n/a
5926.64	n/a	RECOG_LURE	2963320	n/a	LTP282	ltpFR	0	10	n/a	ZOO	1637	1	2	n/a	n/a	n/a	n/a	n/a	n/a
5928.052	n/a	RECOG_RESP	2964026	n/a	LTP282	ltpFR	0	10	n/a	ZOO	1637	1	n/a	n/a	n/a	n/a	n/a	n/a	n/a
5929.512	n/a	RECOG_CONF	2964756	n/a	LTP282	ltpFR	0	10	n/a	ZOO	1637	n/a	2	n/a	n/a	n/a	n/a	n/a	n/a
5931.494	n/a	RECOG_TARGET	2965747	n/a	LTP282	ltpFR	0	10	0	STATUE	1374	1	5	1	n/a	n/a	n/a	n/a	n/a
5932.328	n/a	RECOG_RESP	2966164	n/a	LTP282	ltpFR	0	10	0	STATUE	1374	1	n/a	1	n/a	n/a	n/a	n/a	n/a
5933.582	n/a	RECOG_CONF	2966791	n/a	LTP282	ltpFR	0	10	0	STATUE	1374	n/a	5	1	n/a	n/a	n/a	n/a	n/a
5935.508	n/a	RECOG_LURE	2967754	n/a	LTP282	ltpFR	0	10	n/a	CALF	222	0	5	n/a	n/a	n/a	n/a	n/a	n/a
5936.638	n/a	RECOG_RESP	2968319	n/a	LTP282	ltpFR	0	10	n/a	CALF	222	0	n/a	n/a	n/a	n/a	n/a	n/a	n/a
5938.102	n/a	RECOG_CONF	2969051	n/a	LTP282	ltpFR	0	10	n/a	CALF	222	n/a	5	n/a	n/a	n/a	n/a	n/a	n/a
5940.092	n/a	RECOG_LURE	2970046	n/a	LTP282	ltpFR	0	10	n/a	CRAYON	401	0	3	n/a	n/a	n/a	n/a	n/a	n/a
5940.958	n/a	RECOG_RESP	2970479	n/a	LTP282	ltpFR	0	10	n/a	CRAYON	401	0	n/a	n/a	n/a	n/a	n/a	n/a	n/a
5942.392	n/a	RECOG_CONF	2971196	n/a	LTP282	ltpFR	0	10	n/a	CRAYON	401	n/a	3	n/a	n/a	n/a	n/a	n/a	n/a
5944.392	n/a	RECOG_TARGET	2972196	n/a	LTP282	ltpFR	0	10	0	SERVER	1272	1	5	1	n/a	n/a	n/a	n/a	n/a
5945.282	n/a	RECOG_RESP	2972641	n/a	LTP282	ltpFR	0	10	0	SERVER	1272	1	n/a	1	n/a	n/a	n/a	n/a	n/a
5946.602	n/a	RECOG_CONF	2973301	n/a	LTP282	ltpFR	0	10	0	SERVER	1272	n/a	5	1	n/a	n/a	n/a	n/a	n/a
5948.006	n/a	RECOG_LURE	2974003	n/a	LTP282	ltpFR	0	10	n/a	SPOON	1357	0	2	n/a	n/a	n/a	n/a	n/a	n/a
5949.198	n/a	RECOG_RESP	2974599	n/a	LTP282	ltpFR	0	10	n/a	SPOON	1357	0	n/a	n/a	n/a	n/a	n/a	n/a	n/a
5950.624	n/a	RECOG_CONF	2975312	n/a	LTP282	ltpFR	0	10	n/a	SPOON	1357	n/a	2	n/a	n/a	n/a	n/a	n/a	n/a
5952.574	n/a	RECOG_TARGET	2976287	n/a	LTP282	ltpFR	0	10	1	PEACH	1031	1	4	1	n/a	n/a	n/a	n/a	n/a
5953.934	n/a	RECOG_RESP	2976967	n/a	LTP282	ltpFR	0	10	1	PEACH	1031	1	n/a	1	n/a	n/a	n/a	n/a	n/a
5955.214	n/a	RECOG_CONF	2977607	n/a	LTP282	ltpFR	0	10	1	PEACH	1031	n/a	4	1	n/a	n/a	n/a	n/a	n/a
5957.04	n/a	RECOG_TARGET	2978520	n/a	LTP282	ltpFR	0	10	1	MUFFIN	929	1	5	0	n/a	n/a	n/a	n/a	n/a
5958.024	n/a	RECOG_RESP_VV	2979012	n/a	LTP282	ltpFR	0	10	1	MUFFIN	929	0	n/a	0	n/a	n/a	n/a	n/a	n/a
5958.714	n/a	RECOG_RESP	2979357	n/a	LTP282	ltpFR	0	10	1	MUFFIN	929	1	n/a	0	n/a	n/a	n/a	n/a	n/a
5960.434	n/a	RECOG_CONF	2980217	n/a	LTP282	ltpFR	0	10	1	MUFFIN	929	n/a	5	0	n/a	n/a	n/a	n/a	n/a
5962.144	n/a	RECOG_LURE	2981072	n/a	LTP282	ltpFR	0	10	n/a	ZEBRA	1635	0	4	n/a	n/a	n/a	n/a	n/a	n/a
5963.138	n/a	RECOG_RESP	2981569	n/a	LTP282	ltpFR	0	10	n/a	ZEBRA	1635	0	n/a	n/a	n/a	n/a	n/a	n/a	n/a
5964.174	n/a	RECOG_CONF	2982087	n/a	LTP282	ltpFR	0	10	n/a	ZEBRA	1635	n/a	4	n/a	n/a	n/a	n/a	n/a	n/a
5966.242	n/a	RECOG_LURE	2983121	n/a	LTP282	ltpFR	0	10	n/a	POSTAGE	1113	0	5	n/a	n/a	n/a	n/a	n/a	n/a
5967.064	n/a	RECOG_RESP	2983532	n/a	LTP282	ltpFR	0	10	n/a	POSTAGE	1113	0	n/a	n/a	n/a	n/a	n/a	n/a	n/a
5967.974	n/a	RECOG_CONF	2983987	n/a	LTP282	ltpFR	0	10	n/a	POSTAGE	1113	n/a	5	n/a	n/a	n/a	n/a	n/a	n/a
5970.09	n/a	RECOG_TARGET	2985045	n/a	LTP282	ltpFR	0	10	1	COW	393	1	5	1	n/a	n/a	n/a	n/a	n/a
5970.86	n/a	RECOG_RESP	2985430	n/a	LTP282	ltpFR	0	10	1	COW	393	1	n/a	1	n/a	n/a	n/a	n/a	n/a
5971.964	n/a	RECOG_CONF	2985982	n/a	LTP282	ltpFR	0	10	1	COW	393	n/a	5	1	n/a	n/a	n/a	n/a	n/a
5973.938	n/a	RECOG_LURE	2986969	n/a	LTP282	ltpFR	0	10	n/a	FOLDER	588	0	3	n/a	n/a	n/a	n/a	n/a	n/a
5974.77	n/a	RECOG_RESP	2987385	n/a	LTP282	ltpFR	0	10	n/a	FOLDER	588	0	n/a	n/a	n/a	n/a	n/a	n/a	n/a
5975.824	n/a	RECOG_CONF	2987912	n/a	LTP282	ltpFR	0	10	n/a	FOLDER	588	n/a	3	n/a	n/a	n/a	n/a	n/a	n/a
5977.752	n/a	RECOG_TARGET	2988876	n/a	LTP282	ltpFR	0	10	0	BARTENDER	92	1	2	1	n/a	n/a	n/a	n/a	n/a
5978.924	n/a	RECOG_RESP	2989462	n/a	LTP282	ltpFR	0	10	0	BARTENDER	92	1	n/a	1	n/a	n/a	n/a	n/a	n/a
5980.164	n/a	RECOG_CONF	2990082	n/a	LTP282	ltpFR	0	10	0	BARTENDER	92	n/a	2	1	n/a	n/a	n/a	n/a	n/a
5982.136	n/a	RECOG_TARGET	2991068	n/a	LTP282	ltpFR	0	10	0	WEED	1599	1	5	0	n/a	n/a	n/a	n/a	n/a
5982.904	n/a	RECOG_RESP	2991452	n/a	LTP282	ltpFR	0	10	0	WEED	1599	1	n/a	0	n/a	n/a	n/a	n/a	n/a
5984.104	n/a	RECOG_CONF	2992052	n/a	LTP282	ltpFR	0	10	0	WEED	1599	n/a	5	0	n/a	n/a	n/a	n/a	n/a
5986.052	n/a	RECOG_TARGET	2993026	n/a	LTP282	ltpFR	0	10	0	THIGH	1457	1	5	1	n/a	n/a	n/a	n/a	n/a
5986.746	n/a	RECOG_RESP	2993373	n/a	LTP282	ltpFR	0	10	0	THIGH	1457	1	n/a	1	n/a	n/a	n/a	n/a	n/a
5987.836	n/a	RECOG_CONF	2993918	n/a	LTP282	ltpFR	0	10	0	THIGH	1457	n/a	5	1	n/a	n/a	n/a	n/a	n/a
5989.766	n/a	RECOG_TARGET	2994883	n/a	LTP282	ltpFR	0	10	1	CHEST	295	1	5	1	n/a	n/a	n/a	n/a	n/a
5990.45	n/a	RECOG_RESP	2995225	n/a	LTP282	ltpFR	0	10	1	CHEST	295	1	n/a	1	n/a	n/a	n/a	n/a	n/a
5991.496	n/a	RECOG_CONF	2995748	n/a	LTP282	ltpFR	0	10	1	CHEST	295	n/a	5	1	n/a	n/a	n/a	n/a	n/a
5993.546	n/a	RECOG_LURE	2996773	n/a	LTP282	ltpFR	0	10	n/a	FLIPPER	580	0	4	n/a	n/a	n/a	n/a	n/a	n/a
5994.556	n/a	RECOG_RESP	2997278	n/a	LTP282	ltpFR	0	10	n/a	FLIPPER	580	0	n/a	n/a	n/a	n/a	n/a	n/a	n/a
5996.366	n/a	RECOG_CONF	2998183	n/a	LTP282	ltpFR	0	10	n/a	FLIPPER	580	n/a	4	n/a	n/a	n/a	n/a	n/a	n/a
5998.248	n/a	RECOG_TARGET	2999124	n/a	LTP282	ltpFR	0	10	1	FOREHEAD	592	1	5	1	n/a	n/a	n/a	n/a	n/a
5999.21	n/a	RECOG_RESP	2999605	n/a	LTP282	ltpFR	0	10	1	FOREHEAD	592	1	n/a	1	n/a	n/a	n/a	n/a	n/a
6000.456	n/a	RECOG_CONF	3000228	n/a	LTP282	ltpFR	0	10	1	FOREHEAD	592	n/a	5	1	n/a	n/a	n/a	n/a	n/a
6003.904	n/a	REC_START	3001952	n/a	LTP282	ltpFR	0	11	n/a	n/a	n/a	n/a	n/a	n/a	n/a	n/a	n/a	n/a	n/a
6003.954	n/a	RECOG_TARGET	3001977	n/a	LTP282	ltpFR	0	11	1	CHICK	296	1	5	1	n/a	n/a	n/a	n/a	n/a
6004.628	n/a	RECOG_RESP	3002314	n/a	LTP282	ltpFR	0	11	1	CHICK	296	1	n/a	1	n/a	n/a	n/a	n/a	n/a
6005.874	n/a	RECOG_CONF	3002937	n/a	LTP282	ltpFR	0	11	1	CHICK	296	n/a	5	1	n/a	n/a	n/a	n/a	n/a
6007.768	n/a	RECOG_TARGET	3003884	n/a	LTP282	ltpFR	0	11	1	NICKEL	950	1	5	0	n/a	n/a	n/a	n/a	n/a
6008.384	n/a	RECOG_RESP	3004192	n/a	LTP282	ltpFR	0	11	1	NICKEL	950	1	n/a	0	n/a	n/a	n/a	n/a	n/a
6009.914	n/a	RECOG_CONF	3004957	n/a	LTP282	ltpFR	0	11	1	NICKEL	950	n/a	5	0	n/a	n/a	n/a	n/a	n/a
6011.264	n/a	RECOG_LURE	3005632	n/a	LTP282	ltpFR	0	11	n/a	MAPLE	866	0	3	n/a	n/a	n/a	n/a	n/a	n/a
6012.768	n/a	RECOG_RESP	3006384	n/a	LTP282	ltpFR	0	11	n/a	MAPLE	866	0	n/a	n/a	n/a	n/a	n/a	n/a	n/a
6014.054	n/a	RECOG_CONF	3007027	n/a	LTP282	ltpFR	0	11	n/a	MAPLE	866	n/a	3	n/a	n/a	n/a	n/a	n/a	n/a
6015.982	n/a	RECOG_TARGET	3007991	n/a	LTP282	ltpFR	0	11	0	ASTEROID	50	1	5	1	n/a	n/a	n/a	n/a	n/a
6016.828	n/a	RECOG_RESP	3008414	n/a	LTP282	ltpFR	0	11	0	ASTEROID	50	1	n/a	1	n/a	n/a	n/a	n/a	n/a
6018.064	n/a	RECOG_CONF	3009032	n/a	LTP282	ltpFR	0	11	0	ASTEROID	50	n/a	5	1	n/a	n/a	n/a	n/a	n/a
6019.814	n/a	RECOG_TARGET	3009907	n/a	LTP282	ltpFR	0	11	1	TYPIST	1532	1	5	1	n/a	n/a	n/a	n/a	n/a
6020.588	n/a	RECOG_RESP	3010294	n/a	LTP282	ltpFR	0	11	1	TYPIST	1532	1	n/a	1	n/a	n/a	n/a	n/a	n/a
6021.704	n/a	RECOG_CONF	3010852	n/a	LTP282	ltpFR	0	11	1	TYPIST	1532	n/a	5	1	n/a	n/a	n/a	n/a	n/a
6023.646	n/a	RECOG_TARGET	3011823	n/a	LTP282	ltpFR	0	11	0	WRENCH	1625	1	5	0	n/a	n/a	n/a	n/a	n/a
6024.524	n/a	RECOG_RESP	3012262	n/a	LTP282	ltpFR	0	11	0	WRENCH	1625	1	n/a	0	n/a	n/a	n/a	n/a	n/a
6025.754	n/a	RECOG_CONF	3012877	n/a	LTP282	ltpFR	0	11	0	WRENCH	1625	n/a	5	0	n/a	n/a	n/a	n/a	n/a
6027.526	n/a	RECOG_TARGET	3013763	n/a	LTP282	ltpFR	0	11	0	PLASTER	1085	1	5	0	n/a	n/a	n/a	n/a	n/a
6028.254	n/a	RECOG_RESP	3014127	n/a	LTP282	ltpFR	0	11	0	PLASTER	1085	1	n/a	0	n/a	n/a	n/a	n/a	n/a
6029.434	n/a	RECOG_CONF	3014717	n/a	LTP282	ltpFR	0	11	0	PLASTER	1085	n/a	5	0	n/a	n/a	n/a	n/a	n/a
6031.29	n/a	RECOG_LURE	3015645	n/a	LTP282	ltpFR	0	11	n/a	CONCRETE	361	0	1	n/a	n/a	n/a	n/a	n/a	n/a
6032.984	n/a	RECOG_RESP	3016492	n/a	LTP282	ltpFR	0	11	n/a	CONCRETE	361	0	n/a	n/a	n/a	n/a	n/a	n/a	n/a
6034.064	n/a	RECOG_CONF	3017032	n/a	LTP282	ltpFR	0	11	n/a	CONCRETE	361	n/a	1	n/a	n/a	n/a	n/a	n/a	n/a
6036.042	n/a	RECOG_TARGET	3018021	n/a	LTP282	ltpFR	0	11	1	PUBLICATION	1136	1	4	0	n/a	n/a	n/a	n/a	n/a
6036.88	n/a	RECOG_RESP	3018440	n/a	LTP282	ltpFR	0	11	1	PUBLICATION	1136	1	n/a	0	n/a	n/a	n/a	n/a	n/a
6037.834	n/a	RECOG_CONF	3018917	n/a	LTP282	ltpFR	0	11	1	PUBLICATION	1136	n/a	4	0	n/a	n/a	n/a	n/a	n/a
6039.772	n/a	RECOG_LURE	3019886	n/a	LTP282	ltpFR	0	11	n/a	ITEM	746	0	4	n/a	n/a	n/a	n/a	n/a	n/a
6040.71	n/a	RECOG_RESP	3020355	n/a	LTP282	ltpFR	0	11	n/a	ITEM	746	0	n/a	n/a	n/a	n/a	n/a	n/a	n/a
6041.836	n/a	RECOG_CONF	3020918	n/a	LTP282	ltpFR	0	11	n/a	ITEM	746	n/a	4	n/a	n/a	n/a	n/a	n/a	n/a
6043.772	n/a	RECOG_LURE	3021886	n/a	LTP282	ltpFR	0	11	n/a	TRUMPET	1513	1	5	n/a	n/a	n/a	n/a	n/a	n/a
6044.4	n/a	RECOG_RESP	3022200	n/a	LTP282	ltpFR	0	11	n/a	TRUMPET	1513	1	n/a	n/a	n/a	n/a	n/a	n/a	n/a
6045.546	n/a	RECOG_CONF	3022773	n/a	LTP282	ltpFR	0	11	n/a	TRUMPET	1513	n/a	5	n/a	n/a	n/a	n/a	n/a	n/a
6047.302	n/a	RECOG_TARGET	3023651	n/a	LTP282	ltpFR	0	11	0	NAPKIN	937	1	5	0	n/a	n/a	n/a	n/a	n/a
6047.976	n/a	RECOG_RESP	3023988	n/a	LTP282	ltpFR	0	11	0	NAPKIN	937	1	n/a	0	n/a	n/a	n/a	n/a	n/a
6049.086	n/a	RECOG_CONF	3024543	n/a	LTP282	ltpFR	0	11	0	NAPKIN	937	n/a	5	0	n/a	n/a	n/a	n/a	n/a
6050.982	n/a	RECOG_LURE	3025491	n/a	LTP282	ltpFR	0	11	n/a	LOCK	838	0	3	n/a	n/a	n/a	n/a	n/a	n/a
6051.836	n/a	RECOG_RESP	3025918	n/a	LTP282	ltpFR	0	11	n/a	LOCK	838	0	n/a	n/a	n/a	n/a	n/a	n/a	n/a
6053.036	n/a	RECOG_CONF	3026518	n/a	LTP282	ltpFR	0	11	n/a	LOCK	838	n/a	3	n/a	n/a	n/a	n/a	n/a	n/a
6054.862	n/a	RECOG_TARGET	3027431	n/a	LTP282	ltpFR	0	11	-1	PEARL	1034	1	5	-1	n/a	n/a	n/a	n/a	n/a
6055.596	n/a	RECOG_RESP	3027798	n/a	LTP282	ltpFR	0	11	-1	PEARL	1034	1	n/a	-1	n/a	n/a	n/a	n/a	n/a
6056.696	n/a	RECOG_CONF	3028348	n/a	LTP282	ltpFR	0	11	-1	PEARL	1034	n/a	5	-1	n/a	n/a	n/a	n/a	n/a
6058.462	n/a	RECOG_TARGET	3029231	n/a	LTP282	ltpFR	0	11	-1	BLUEBERRY	140	1	1	-1	n/a	n/a	n/a	n/a	n/a
6059.206	n/a	RECOG_RESP	3029603	n/a	LTP282	ltpFR	0	11	-1	BLUEBERRY	140	1	n/a	-1	n/a	n/a	n/a	n/a	n/a
6061.346	n/a	RECOG_CONF	3030673	n/a	LTP282	ltpFR	0	11	-1	BLUEBERRY	140	n/a	1	-1	n/a	n/a	n/a	n/a	n/a
6063.296	n/a	RECOG_TARGET	3031648	n/a	LTP282	ltpFR	0	11	0	WALRUS	1585	1	5	1	n/a	n/a	n/a	n/a	n/a
6063.996	n/a	RECOG_RESP	3031998	n/a	LTP282	ltpFR	0	11	0	WALRUS	1585	1	n/a	1	n/a	n/a	n/a	n/a	n/a
6065.176	n/a	RECOG_CONF	3032588	n/a	LTP282	ltpFR	0	11	0	WALRUS	1585	n/a	5	1	n/a	n/a	n/a	n/a	n/a
6066.944	n/a	RECOG_TARGET	3033472	n/a	LTP282	ltpFR	0	11	1	BLACKBOARD	133	1	5	0	n/a	n/a	n/a	n/a	n/a
6067.866	n/a	RECOG_RESP	3033933	n/a	LTP282	ltpFR	0	11	1	BLACKBOARD	133	1	n/a	0	n/a	n/a	n/a	n/a	n/a
6069.166	n/a	RECOG_CONF	3034583	n/a	LTP282	ltpFR	0	11	1	BLACKBOARD	133	n/a	5	0	n/a	n/a	n/a	n/a	n/a
6070.96	n/a	RECOG_TARGET	3035480	n/a	LTP282	ltpFR	0	11	-1	BRIEFCASE	175	0	1	-1	n/a	n/a	n/a	n/a	n/a
6072.396	n/a	RECOG_RESP	3036198	n/a	LTP282	ltpFR	0	11	-1	BRIEFCASE	175	0	n/a	-1	n/a	n/a	n/a	n/a	n/a
6073.476	n/a	RECOG_CONF	3036738	n/a	LTP282	ltpFR	0	11	-1	BRIEFCASE	175	n/a	1	-1	n/a	n/a	n/a	n/a	n/a
6075.426	n/a	RECOG_LURE	3037713	n/a	LTP282	ltpFR	0	11	n/a	HORIZON	717	0	2	n/a	n/a	n/a	n/a	n/a	n/a
6076.462	n/a	RECOG_RESP	3038231	n/a	LTP282	ltpFR	0	11	n/a	HORIZON	717	0	n/a	n/a	n/a	n/a	n/a	n/a	n/a
6077.776	n/a	RECOG_CONF	3038888	n/a	LTP282	ltpFR	0	11	n/a	HORIZON	717	n/a	2	n/a	n/a	n/a	n/a	n/a	n/a
6079.592	n/a	RECOG_LURE	3039796	n/a	LTP282	ltpFR	0	11	n/a	ELEPHANT	523	1	2	n/a	n/a	n/a	n/a	n/a	n/a
6080.782	n/a	RECOG_RESP	3040391	n/a	LTP282	ltpFR	0	11	n/a	ELEPHANT	523	1	n/a	n/a	n/a	n/a	n/a	n/a	n/a
6081.918	n/a	RECOG_CONF	3040959	n/a	LTP282	ltpFR	0	11	n/a	ELEPHANT	523	n/a	2	n/a	n/a	n/a	n/a	n/a	n/a
6086.174	n/a	REC_START	3043087	n/a	LTP282	ltpFR	0	12	n/a	n/a	n/a	n/a	n/a	n/a	n/a	n/a	n/a	n/a	n/a
6086.218	n/a	RECOG_TARGET	3043109	n/a	LTP282	ltpFR	0	12	0	BULLY	196	1	5	1	n/a	n/a	n/a	n/a	n/a
6087.424	n/a	RECOG_RESP	3043712	n/a	LTP282	ltpFR	0	12	0	BULLY	196	1	n/a	1	n/a	n/a	n/a	n/a	n/a
6088.504	n/a	RECOG_CONF	3044252	n/a	LTP282	ltpFR	0	12	0	BULLY	196	n/a	5	1	n/a	n/a	n/a	n/a	n/a
6090.452	n/a	RECOG_LURE	3045226	n/a	LTP282	ltpFR	0	12	n/a	CURTAIN	427	0	4	n/a	n/a	n/a	n/a	n/a	n/a
6091.444	n/a	RECOG_RESP	3045722	n/a	LTP282	ltpFR	0	12	n/a	CURTAIN	427	0	n/a	n/a	n/a	n/a	n/a	n/a	n/a
6092.574	n/a	RECOG_CONF	3046287	n/a	LTP282	ltpFR	0	12	n/a	CURTAIN	427	n/a	4	n/a	n/a	n/a	n/a	n/a	n/a
6094.582	n/a	RECOG_TARGET	3047291	n/a	LTP282	ltpFR	0	12	0	PATIO	1025	1	5	1	n/a	n/a	n/a	n/a	n/a
6095.538	n/a	RECOG_RESP	3047769	n/a	LTP282	ltpFR	0	12	0	PATIO	1025	1	n/a	1	n/a	n/a	n/a	n/a	n/a
6096.694	n/a	RECOG_CONF	3048347	n/a	LTP282	ltpFR	0	12	0	PATIO	1025	n/a	5	1	n/a	n/a	n/a	n/a	n/a
6098.68	n/a	RECOG_LURE	3049340	n/a	LTP282	ltpFR	0	12	n/a	SPACE	1345	0	4	n/a	n/a	n/a	n/a	n/a	n/a
6099.604	n/a	RECOG_RESP	3049802	n/a	LTP282	ltpFR	0	12	n/a	SPACE	1345	0	n/a	n/a	n/a	n/a	n/a	n/a	n/a
6100.884	n/a	RECOG_CONF	3050442	n/a	LTP282	ltpFR	0	12	n/a	SPACE	1345	n/a	4	n/a	n/a	n/a	n/a	n/a	n/a
6102.88	n/a	RECOG_LURE	3051440	n/a	LTP282	ltpFR	0	12	n/a	TANK	1432	1	4	n/a	n/a	n/a	n/a	n/a	n/a
6103.804	n/a	RECOG_RESP	3051902	n/a	LTP282	ltpFR	0	12	n/a	TANK	1432	1	n/a	n/a	n/a	n/a	n/a	n/a	n/a
6104.974	n/a	RECOG_CONF	3052487	n/a	LTP282	ltpFR	0	12	n/a	TANK	1432	n/a	4	n/a	n/a	n/a	n/a	n/a	n/a
6106.73	n/a	RECOG_TARGET	3053365	n/a	LTP282	ltpFR	0	12	0	NET	946	1	2	1	n/a	n/a	n/a	n/a	n/a
6108.28	n/a	RECOG_RESP	3054140	n/a	LTP282	ltpFR	0	12	0	NET	946	1	n/a	1	n/a	n/a	n/a	n/a	n/a
6109.524	n/a	RECOG_CONF	3054762	n/a	LTP282	ltpFR	0	12	0	NET	946	n/a	2	1	n/a	n/a	n/a	n/a	n/a
6111.464	n/a	RECOG_LURE	3055732	n/a	LTP282	ltpFR	0	12	n/a	BASKETBALL	96	0	3	n/a	n/a	n/a	n/a	n/a	n/a
6112.36	n/a	RECOG_RESP	3056180	n/a	LTP282	ltpFR	0	12	n/a	BASKETBALL	96	0	n/a	n/a	n/a	n/a	n/a	n/a	n/a
6113.484	n/a	RECOG_CONF	3056742	n/a	LTP282	ltpFR	0	12	n/a	BASKETBALL	96	n/a	3	n/a	n/a	n/a	n/a	n/a	n/a
6115.478	n/a	RECOG_LURE	3057739	n/a	LTP282	ltpFR	0	12	n/a	MALL	860	0	4	n/a	n/a	n/a	n/a	n/a	n/a
6116.564	n/a	RECOG_RESP	3058282	n/a	LTP282	ltpFR	0	12	n/a	MALL	860	0	n/a	n/a	n/a	n/a	n/a	n/a	n/a
6117.624	n/a	RECOG_CONF	3058812	n/a	LTP282	ltpFR	0	12	n/a	MALL	860	n/a	4	n/a	n/a	n/a	n/a	n/a	n/a
6119.612	n/a	RECOG_LURE	3059806	n/a	LTP282	ltpFR	0	12	n/a	MONARCH	906	1	3	n/a	n/a	n/a	n/a	n/a	n/a
6120.696	n/a	RECOG_RESP_VV	3060348	n/a	LTP282	ltpFR	0	12	n/a	MONARCH	906	0	n/a	n/a	n/a	n/a	n/a	n/a	n/a
6121.966	n/a	RECOG_RESP	3060983	n/a	LTP282	ltpFR	0	12	n/a	MONARCH	906	1	n/a	n/a	n/a	n/a	n/a	n/a	n/a
6123.116	n/a	RECOG_CONF	3061558	n/a	LTP282	ltpFR	0	12	n/a	MONARCH	906	n/a	3	n/a	n/a	n/a	n/a	n/a	n/a
6124.782	n/a	RECOG_TARGET	3062391	n/a	LTP282	ltpFR	0	12	1	TICK	1463	1	5	1	n/a	n/a	n/a	n/a	n/a
6125.53	n/a	RECOG_RESP	3062765	n/a	LTP282	ltpFR	0	12	1	TICK	1463	1	n/a	1	n/a	n/a	n/a	n/a	n/a
6126.716	n/a	RECOG_CONF	3063358	n/a	LTP282	ltpFR	0	12	1	TICK	1463	n/a	5	1	n/a	n/a	n/a	n/a	n/a
6128.662	n/a	RECOG_LURE	3064331	n/a	LTP282	ltpFR	0	12	n/a	OAR	966	0	2	n/a	n/a	n/a	n/a	n/a	n/a
6129.576	n/a	RECOG_RESP	3064788	n/a	LTP282	ltpFR	0	12	n/a	OAR	966	0	n/a	n/a	n/a	n/a	n/a	n/a	n/a
6131.066	n/a	RECOG_CONF	3065533	n/a	LTP282	ltpFR	0	12	n/a	OAR	966	n/a	2	n/a	n/a	n/a	n/a	n/a	n/a
6132.86	n/a	RECOG_TARGET	3066430	n/a	LTP282	ltpFR	0	12	0	WAITER	1580	1	5	1	n/a	n/a	n/a	n/a	n/a
6133.596	n/a	RECOG_RESP	3066798	n/a	LTP282	ltpFR	0	12	0	WAITER	1580	1	n/a	1	n/a	n/a	n/a	n/a	n/a
6134.646	n/a	RECOG_CONF	3067323	n/a	LTP282	ltpFR	0	12	0	WAITER	1580	n/a	5	1	n/a	n/a	n/a	n/a	n/a
6136.56	n/a	RECOG_TARGET	3068280	n/a	LTP282	ltpFR	0	12	-1	SWING	1421	0	3	-1	n/a	n/a	n/a	n/a	n/a
6137.296	n/a	RECOG_RESP	3068648	n/a	LTP282	ltpFR	0	12	-1	SWING	1421	0	n/a	-1	n/a	n/a	n/a	n/a	n/a
6139.156	n/a	RECOG_CONF	3069578	n/a	LTP282	ltpFR	0	12	-1	SWING	1421	n/a	3	-1	n/a	n/a	n/a	n/a	n/a
6141.01	n/a	RECOG_TARGET	3070505	n/a	LTP282	ltpFR	0	12	-1	TURKEY	1520	0	2	-1	n/a	n/a	n/a	n/a	n/a
6141.946	n/a	RECOG_RESP	3070973	n/a	LTP282	ltpFR	0	12	-1	TURKEY	1520	0	n/a	-1	n/a	n/a	n/a	n/a	n/a
6143.546	n/a	RECOG_CONF	3071773	n/a	LTP282	ltpFR	0	12	-1	TURKEY	1520	n/a	2	-1	n/a	n/a	n/a	n/a	n/a
6145.16	n/a	RECOG_TARGET	3072580	n/a	LTP282	ltpFR	0	12	-1	DAM	436	1	5	-1	n/a	n/a	n/a	n/a	n/a
6146.016	n/a	RECOG_RESP	3073008	n/a	LTP282	ltpFR	0	12	-1	DAM	436	1	n/a	-1	n/a	n/a	n/a	n/a	n/a
6147.136	n/a	RECOG_CONF	3073568	n/a	LTP282	ltpFR	0	12	-1	DAM	436	n/a	5	-1	n/a	n/a	n/a	n/a	n/a
6149.09	n/a	RECOG_LURE	3074545	n/a	LTP282	ltpFR	0	12	n/a	ZUCCHINI	1638	0	5	n/a	n/a	n/a	n/a	n/a	n/a
6149.902	n/a	RECOG_RESP	3074951	n/a	LTP282	ltpFR	0	12	n/a	ZUCCHINI	1638	0	n/a	n/a	n/a	n/a	n/a	n/a	n/a
6150.916	n/a	RECOG_CONF	3075458	n/a	LTP282	ltpFR	0	12	n/a	ZUCCHINI	1638	n/a	5	n/a	n/a	n/a	n/a	n/a	n/a
6152.738	n/a	RECOG_TARGET	3076369	n/a	LTP282	ltpFR	0	12	0	WAVE	1596	1	5	1	n/a	n/a	n/a	n/a	n/a
6153.482	n/a	RECOG_RESP	3076741	n/a	LTP282	ltpFR	0	12	0	WAVE	1596	1	n/a	1	n/a	n/a	n/a	n/a	n/a
6154.696	n/a	RECOG_CONF	3077348	n/a	LTP282	ltpFR	0	12	0	WAVE	1596	n/a	5	1	n/a	n/a	n/a	n/a	n/a
6156.638	n/a	RECOG_LURE	3078319	n/a	LTP282	ltpFR	0	12	n/a	LEG	809	0	4	n/a	n/a	n/a	n/a	n/a	n/a
6157.968	n/a	RECOG_RESP	3078984	n/a	LTP282	ltpFR	0	12	n/a	LEG	809	0	n/a	n/a	n/a	n/a	n/a	n/a	n/a
6159.188	n/a	RECOG_CONF	3079594	n/a	LTP282	ltpFR	0	12	n/a	LEG	809	n/a	4	n/a	n/a	n/a	n/a	n/a	n/a
6161.07	n/a	RECOG_LURE	3080535	n/a	LTP282	ltpFR	0	12	n/a	BED	110	0	2	n/a	n/a	n/a	n/a	n/a	n/a
6161.968	n/a	RECOG_RESP	3080984	n/a	LTP282	ltpFR	0	12	n/a	BED	110	0	n/a	n/a	n/a	n/a	n/a	n/a	n/a
6163.178	n/a	RECOG_CONF	3081589	n/a	LTP282	ltpFR	0	12	n/a	BED	110	n/a	2	n/a	n/a	n/a	n/a	n/a	n/a
6165.17	n/a	RECOG_TARGET	3082585	n/a	LTP282	ltpFR	0	12	1	PICNIC	1060	1	5	0	n/a	n/a	n/a	n/a	n/a
6165.922	n/a	RECOG_RESP	3082961	n/a	LTP282	ltpFR	0	12	1	PICNIC	1060	1	n/a	0	n/a	n/a	n/a	n/a	n/a
6166.878	n/a	RECOG_CONF	3083439	n/a	LTP282	ltpFR	0	12	1	PICNIC	1060	n/a	5	0	n/a	n/a	n/a	n/a	n/a
6171.312	n/a	REC_START	3085656	n/a	LTP282	ltpFR	0	13	n/a	n/a	n/a	n/a	n/a	n/a	n/a	n/a	n/a	n/a	n/a
6171.36	n/a	RECOG_TARGET	3085680	n/a	LTP282	ltpFR	0	13	1	WHALE	1601	1	5	1	n/a	n/a	n/a	n/a	n/a
6172.182	n/a	RECOG_RESP	3086091	n/a	LTP282	ltpFR	0	13	1	WHALE	1601	1	n/a	1	n/a	n/a	n/a	n/a	n/a
6173.312	n/a	RECOG_CONF	3086656	n/a	LTP282	ltpFR	0	13	1	WHALE	1601	n/a	5	1	n/a	n/a	n/a	n/a	n/a
6175.04	n/a	RECOG_LURE	3087520	n/a	LTP282	ltpFR	0	13	n/a	WAITRESS	1581	0	3	n/a	n/a	n/a	n/a	n/a	n/a
6176.924	n/a	RECOG_RESP	3088462	n/a	LTP282	ltpFR	0	13	n/a	WAITRESS	1581	0	n/a	n/a	n/a	n/a	n/a	n/a	n/a
6178.624	n/a	RECOG_CONF	3089312	n/a	LTP282	ltpFR	0	13	n/a	WAITRESS	1581	n/a	3	n/a	n/a	n/a	n/a	n/a	n/a
6180.56	n/a	RECOG_TARGET	3090280	n/a	LTP282	ltpFR	0	13	-1	HOSE	720	1	5	-1	n/a	n/a	n/a	n/a	n/a
6181.274	n/a	RECOG_RESP	3090637	n/a	LTP282	ltpFR	0	13	-1	HOSE	720	1	n/a	-1	n/a	n/a	n/a	n/a	n/a
6182.364	n/a	RECOG_CONF	3091182	n/a	LTP282	ltpFR	0	13	-1	HOSE	720	n/a	5	-1	n/a	n/a	n/a	n/a	n/a
6184.074	n/a	RECOG_LURE	3092037	n/a	LTP282	ltpFR	0	13	n/a	SILVERWARE	1308	0	5	n/a	n/a	n/a	n/a	n/a	n/a
6184.844	n/a	RECOG_RESP	3092422	n/a	LTP282	ltpFR	0	13	n/a	SILVERWARE	1308	0	n/a	n/a	n/a	n/a	n/a	n/a	n/a
6185.864	n/a	RECOG_CONF	3092932	n/a	LTP282	ltpFR	0	13	n/a	SILVERWARE	1308	n/a	5	n/a	n/a	n/a	n/a	n/a	n/a
6187.872	n/a	RECOG_TARGET	3093936	n/a	LTP282	ltpFR	0	13	0	RIVER	1194	0	3	1	n/a	n/a	n/a	n/a	n/a
6188.804	n/a	RECOG_RESP	3094402	n/a	LTP282	ltpFR	0	13	0	RIVER	1194	0	n/a	1	n/a	n/a	n/a	n/a	n/a
6189.984	n/a	RECOG_CONF	3094992	n/a	LTP282	ltpFR	0	13	0	RIVER	1194	n/a	3	1	n/a	n/a	n/a	n/a	n/a
6191.788	n/a	RECOG_TARGET	3095894	n/a	LTP282	ltpFR	0	13	-1	BRIDGE	174	1	5	-1	n/a	n/a	n/a	n/a	n/a
6192.424	n/a	RECOG_RESP	3096212	n/a	LTP282	ltpFR	0	13	-1	BRIDGE	174	1	n/a	-1	n/a	n/a	n/a	n/a	n/a
6193.564	n/a	RECOG_CONF	3096782	n/a	LTP282	ltpFR	0	13	-1	BRIDGE	174	n/a	5	-1	n/a	n/a	n/a	n/a	n/a
6195.284	n/a	RECOG_LURE	3097642	n/a	LTP282	ltpFR	0	13	n/a	CUCUMBER	421	0	2	n/a	n/a	n/a	n/a	n/a	n/a
6196.41	n/a	RECOG_RESP	3098205	n/a	LTP282	ltpFR	0	13	n/a	CUCUMBER	421	0	n/a	n/a	n/a	n/a	n/a	n/a	n/a
6197.534	n/a	RECOG_CONF	3098767	n/a	LTP282	ltpFR	0	13	n/a	CUCUMBER	421	n/a	2	n/a	n/a	n/a	n/a	n/a	n/a
6199.4	n/a	RECOG_LURE	3099700	n/a	LTP282	ltpFR	0	13	n/a	SINK	1309	0	2	n/a	n/a	n/a	n/a	n/a	n/a
6200.434	n/a	RECOG_RESP	3100217	n/a	LTP282	ltpFR	0	13	n/a	SINK	1309	0	n/a	n/a	n/a	n/a	n/a	n/a	n/a
6201.554	n/a	RECOG_CONF	3100777	n/a	LTP282	ltpFR	0	13	n/a	SINK	1309	n/a	2	n/a	n/a	n/a	n/a	n/a	n/a
6203.416	n/a	RECOG_TARGET	3101708	n/a	LTP282	ltpFR	0	13	0	ARCHITECT	36	1	5	1	n/a	n/a	n/a	n/a	n/a
6204.16	n/a	RECOG_RESP	3102080	n/a	LTP282	ltpFR	0	13	0	ARCHITECT	36	1	n/a	1	n/a	n/a	n/a	n/a	n/a
6205.074	n/a	RECOG_CONF	3102537	n/a	LTP282	ltpFR	0	13	0	ARCHITECT	36	n/a	5	1	n/a	n/a	n/a	n/a	n/a
6206.896	n/a	RECOG_TARGET	3103448	n/a	LTP282	ltpFR	0	13	-1	VENUS	1557	1	5	-1	n/a	n/a	n/a	n/a	n/a
6207.564	n/a	RECOG_RESP	3103782	n/a	LTP282	ltpFR	0	13	-1	VENUS	1557	1	n/a	-1	n/a	n/a	n/a	n/a	n/a
6208.524	n/a	RECOG_CONF	3104262	n/a	LTP282	ltpFR	0	13	-1	VENUS	1557	n/a	5	-1	n/a	n/a	n/a	n/a	n/a
6210.208	n/a	RECOG_TARGET	3105104	n/a	LTP282	ltpFR	0	13	0	ANTENNA	28	1	3	1	n/a	n/a	n/a	n/a	n/a
6211.724	n/a	RECOG_RESP	3105862	n/a	LTP282	ltpFR	0	13	0	ANTENNA	28	1	n/a	1	n/a	n/a	n/a	n/a	n/a
6213.636	n/a	RECOG_CONF	3106818	n/a	LTP282	ltpFR	0	13	0	ANTENNA	28	n/a	3	1	n/a	n/a	n/a	n/a	n/a
6215.462	n/a	RECOG_TARGET	3107731	n/a	LTP282	ltpFR	0	13	1	MONK	910	1	5	1	n/a	n/a	n/a	n/a	n/a
6216.066	n/a	RECOG_RESP	3108033	n/a	LTP282	ltpFR	0	13	1	MONK	910	1	n/a	1	n/a	n/a	n/a	n/a	n/a
6217.036	n/a	RECOG_CONF	3108518	n/a	LTP282	ltpFR	0	13	1	MONK	910	n/a	5	1	n/a	n/a	n/a	n/a	n/a
6218.892	n/a	RECOG_TARGET	3109446	n/a	LTP282	ltpFR	0	13	1	WART	1590	1	5	1	n/a	n/a	n/a	n/a	n/a
6219.78	n/a	RECOG_RESP	3109890	n/a	LTP282	ltpFR	0	13	1	WART	1590	1	n/a	1	n/a	n/a	n/a	n/a	n/a
6220.706	n/a	RECOG_CONF	3110353	n/a	LTP282	ltpFR	0	13	1	WART	1590	n/a	5	1	n/a	n/a	n/a	n/a	n/a
6222.388	n/a	RECOG_TARGET	3111194	n/a	LTP282	ltpFR	0	13	0	FAUCET	555	1	5	0	n/a	n/a	n/a	n/a	n/a
6223.3	n/a	RECOG_RESP	3111650	n/a	LTP282	ltpFR	0	13	0	FAUCET	555	1	n/a	0	n/a	n/a	n/a	n/a	n/a
6224.226	n/a	RECOG_CONF	3112113	n/a	LTP282	ltpFR	0	13	0	FAUCET	555	n/a	5	0	n/a	n/a	n/a	n/a	n/a
6226.066	n/a	RECOG_TARGET	3113033	n/a	LTP282	ltpFR	0	13	-1	BEETLE	116	0	3	-1	n/a	n/a	n/a	n/a	n/a
6226.846	n/a	RECOG_RESP	3113423	n/a	LTP282	ltpFR	0	13	-1	BEETLE	116	0	n/a	-1	n/a	n/a	n/a	n/a	n/a
6227.806	n/a	RECOG_CONF	3113903	n/a	LTP282	ltpFR	0	13	-1	BEETLE	116	n/a	3	-1	n/a	n/a	n/a	n/a	n/a
6229.53	n/a	RECOG_TARGET	3114765	n/a	LTP282	ltpFR	0	13	-1	WASHER	1592	1	5	-1	n/a	n/a	n/a	n/a	n/a
6230.37	n/a	RECOG_RESP	3115185	n/a	LTP282	ltpFR	0	13	-1	WASHER	1592	1	n/a	-1	n/a	n/a	n/a	n/a	n/a
6231.276	n/a	RECOG_CONF	3115638	n/a	LTP282	ltpFR	0	13	-1	WASHER	1592	n/a	5	-1	n/a	n/a	n/a	n/a	n/a
6232.812	n/a	RECOG_TARGET	3116406	n/a	LTP282	ltpFR	0	13	-1	BISON	131	1	5	-1	n/a	n/a	n/a	n/a	n/a
6233.396	n/a	RECOG_RESP	3116698	n/a	LTP282	ltpFR	0	13	-1	BISON	131	1	n/a	-1	n/a	n/a	n/a	n/a	n/a
6234.296	n/a	RECOG_CONF	3117148	n/a	LTP282	ltpFR	0	13	-1	BISON	131	n/a	5	-1	n/a	n/a	n/a	n/a	n/a
6236.056	n/a	RECOG_LURE	3118028	n/a	LTP282	ltpFR	0	13	n/a	CABOOSE	214	0	5	n/a	n/a	n/a	n/a	n/a	n/a
6236.806	n/a	RECOG_RESP	3118403	n/a	LTP282	ltpFR	0	13	n/a	CABOOSE	214	0	n/a	n/a	n/a	n/a	n/a	n/a	n/a
6237.736	n/a	RECOG_CONF	3118868	n/a	LTP282	ltpFR	0	13	n/a	CABOOSE	214	n/a	5	n/a	n/a	n/a	n/a	n/a	n/a
6239.554	n/a	RECOG_TARGET	3119777	n/a	LTP282	ltpFR	0	13	-1	DECK	443	1	5	-1	n/a	n/a	n/a	n/a	n/a
6240.232	n/a	RECOG_RESP	3120116	n/a	LTP282	ltpFR	0	13	-1	DECK	443	1	n/a	-1	n/a	n/a	n/a	n/a	n/a
6241.136	n/a	RECOG_CONF	3120568	n/a	LTP282	ltpFR	0	13	-1	DECK	443	n/a	5	-1	n/a	n/a	n/a	n/a	n/a
6242.866	n/a	RECOG_TARGET	3121433	n/a	LTP282	ltpFR	0	13	0	BLOUSE	139	1	5	0	n/a	n/a	n/a	n/a	n/a
6243.462	n/a	RECOG_RESP	3121731	n/a	LTP282	ltpFR	0	13	0	BLOUSE	139	1	n/a	0	n/a	n/a	n/a	n/a	n/a
6244.326	n/a	RECOG_CONF	3122163	n/a	LTP282	ltpFR	0	13	0	BLOUSE	139	n/a	5	0	n/a	n/a	n/a	n/a	n/a
6248.668	n/a	REC_START	3124334	n/a	LTP282	ltpFR	0	14	n/a	n/a	n/a	n/a	n/a	n/a	n/a	n/a	n/a	n/a	n/a
6248.722	n/a	RECOG_TARGET	3124361	n/a	LTP282	ltpFR	0	14	0	SPINACH	1352	1	5	0	n/a	n/a	n/a	n/a	n/a
6249.322	n/a	RECOG_RESP	3124661	n/a	LTP282	ltpFR	0	14	0	SPINACH	1352	1	n/a	0	n/a	n/a	n/a	n/a	n/a
6250.288	n/a	RECOG_CONF	3125144	n/a	LTP282	ltpFR	0	14	0	SPINACH	1352	n/a	5	0	n/a	n/a	n/a	n/a	n/a
6252.102	n/a	RECOG_TARGET	3126051	n/a	LTP282	ltpFR	0	14	0	KNUCKLE	789	1	5	0	n/a	n/a	n/a	n/a	n/a
6253.058	n/a	RECOG_RESP	3126529	n/a	LTP282	ltpFR	0	14	0	KNUCKLE	789	1	n/a	0	n/a	n/a	n/a	n/a	n/a
6254.388	n/a	RECOG_CONF	3127194	n/a	LTP282	ltpFR	0	14	0	KNUCKLE	789	n/a	5	0	n/a	n/a	n/a	n/a	n/a
6256.2	n/a	RECOG_TARGET	3128100	n/a	LTP282	ltpFR	0	14	-1	PASTA	1021	0	2	-1	n/a	n/a	n/a	n/a	n/a
6257.008	n/a	RECOG_RESP	3128504	n/a	LTP282	ltpFR	0	14	-1	PASTA	1021	0	n/a	-1	n/a	n/a	n/a	n/a	n/a
6258.368	n/a	RECOG_CONF	3129184	n/a	LTP282	ltpFR	0	14	-1	PASTA	1021	n/a	2	-1	n/a	n/a	n/a	n/a	n/a
6260.046	n/a	RECOG_TARGET	3130023	n/a	LTP282	ltpFR	0	14	0	JOURNAL	760	1	5	0	n/a	n/a	n/a	n/a	n/a
6260.788	n/a	RECOG_RESP	3130394	n/a	LTP282	ltpFR	0	14	0	JOURNAL	760	1	n/a	0	n/a	n/a	n/a	n/a	n/a
6261.938	n/a	RECOG_CONF	3130969	n/a	LTP282	ltpFR	0	14	0	JOURNAL	760	n/a	5	0	n/a	n/a	n/a	n/a	n/a
6263.728	n/a	RECOG_TARGET	3131864	n/a	LTP282	ltpFR	0	14	1	DIME	466	1	5	0	n/a	n/a	n/a	n/a	n/a
6265.658	n/a	RECOG_RESP	3132829	n/a	LTP282	ltpFR	0	14	1	DIME	466	1	n/a	0	n/a	n/a	n/a	n/a	n/a
6266.578	n/a	RECOG_CONF	3133289	n/a	LTP282	ltpFR	0	14	1	DIME	466	n/a	5	0	n/a	n/a	n/a	n/a	n/a
6268.58	n/a	RECOG_LURE	3134290	n/a	LTP282	ltpFR	0	14	n/a	NIGHTGOWN	953	0	2	n/a	n/a	n/a	n/a	n/a	n/a
6269.428	n/a	RECOG_RESP	3134714	n/a	LTP282	ltpFR	0	14	n/a	NIGHTGOWN	953	0	n/a	n/a	n/a	n/a	n/a	n/a	n/a
6270.5	n/a	RECOG_CONF	3135250	n/a	LTP282	ltpFR	0	14	n/a	NIGHTGOWN	953	n/a	2	n/a	n/a	n/a	n/a	n/a	n/a
6272.412	n/a	RECOG_LURE	3136206	n/a	LTP282	ltpFR	0	14	n/a	WORM	1623	0	2	n/a	n/a	n/a	n/a	n/a	n/a
6273.464	n/a	RECOG_RESP	3136732	n/a	LTP282	ltpFR	0	14	n/a	WORM	1623	0	n/a	n/a	n/a	n/a	n/a	n/a	n/a
6274.57	n/a	RECOG_CONF	3137285	n/a	LTP282	ltpFR	0	14	n/a	WORM	1623	n/a	2	n/a	n/a	n/a	n/a	n/a	n/a
6276.494	n/a	RECOG_LURE	3138247	n/a	LTP282	ltpFR	0	14	n/a	DENIM	446	0	4	n/a	n/a	n/a	n/a	n/a	n/a
6277.25	n/a	RECOG_RESP	3138625	n/a	LTP282	ltpFR	0	14	n/a	DENIM	446	0	n/a	n/a	n/a	n/a	n/a	n/a	n/a
6278.33	n/a	RECOG_CONF	3139165	n/a	LTP282	ltpFR	0	14	n/a	DENIM	446	n/a	4	n/a	n/a	n/a	n/a	n/a	n/a
6280.442	n/a	RECOG_LURE	3140221	n/a	LTP282	ltpFR	0	14	n/a	RESORT	1186	0	5	n/a	n/a	n/a	n/a	n/a	n/a
6281.21	n/a	RECOG_RESP	3140605	n/a	LTP282	ltpFR	0	14	n/a	RESORT	1186	0	n/a	n/a	n/a	n/a	n/a	n/a	n/a
6282.17	n/a	RECOG_CONF	3141085	n/a	LTP282	ltpFR	0	14	n/a	RESORT	1186	n/a	5	n/a	n/a	n/a	n/a	n/a	n/a
6284.358	n/a	RECOG_TARGET	3142179	n/a	LTP282	ltpFR	0	14	0	CAMEL	223	1	5	1	n/a	n/a	n/a	n/a	n/a
6285.104	n/a	RECOG_RESP	3142552	n/a	LTP282	ltpFR	0	14	0	CAMEL	223	1	n/a	1	n/a	n/a	n/a	n/a	n/a
6286.13	n/a	RECOG_CONF	3143065	n/a	LTP282	ltpFR	0	14	0	CAMEL	223	n/a	5	1	n/a	n/a	n/a	n/a	n/a
6287.838	n/a	RECOG_TARGET	3143919	n/a	LTP282	ltpFR	0	14	0	GRADUATE	653	1	5	1	n/a	n/a	n/a	n/a	n/a
6288.47	n/a	RECOG_RESP	3144235	n/a	LTP282	ltpFR	0	14	0	GRADUATE	653	1	n/a	1	n/a	n/a	n/a	n/a	n/a
6289.42	n/a	RECOG_CONF	3144710	n/a	LTP282	ltpFR	0	14	0	GRADUATE	653	n/a	5	1	n/a	n/a	n/a	n/a	n/a
6291.252	n/a	RECOG_LURE	3145626	n/a	LTP282	ltpFR	0	14	n/a	SPOUSE	1358	0	4	n/a	n/a	n/a	n/a	n/a	n/a
6292.27	n/a	RECOG_RESP	3146135	n/a	LTP282	ltpFR	0	14	n/a	SPOUSE	1358	0	n/a	n/a	n/a	n/a	n/a	n/a	n/a
6293.16	n/a	RECOG_CONF	3146580	n/a	LTP282	ltpFR	0	14	n/a	SPOUSE	1358	n/a	4	n/a	n/a	n/a	n/a	n/a	n/a
6295.132	n/a	RECOG_TARGET	3147566	n/a	LTP282	ltpFR	0	14	0	CRAB	397	1	5	0	n/a	n/a	n/a	n/a	n/a
6295.95	n/a	RECOG_RESP	3147975	n/a	LTP282	ltpFR	0	14	0	CRAB	397	1	n/a	0	n/a	n/a	n/a	n/a	n/a
6296.81	n/a	RECOG_CONF	3148405	n/a	LTP282	ltpFR	0	14	0	CRAB	397	n/a	5	0	n/a	n/a	n/a	n/a	n/a
6298.546	n/a	RECOG_TARGET	3149273	n/a	LTP282	ltpFR	0	14	-1	KITE	779	1	5	-1	n/a	n/a	n/a	n/a	n/a
6299.136	n/a	RECOG_RESP	3149568	n/a	LTP282	ltpFR	0	14	-1	KITE	779	1	n/a	-1	n/a	n/a	n/a	n/a	n/a
6299.99	n/a	RECOG_CONF	3149995	n/a	LTP282	ltpFR	0	14	-1	KITE	779	n/a	5	-1	n/a	n/a	n/a	n/a	n/a
6301.608	n/a	RECOG_LURE	3150804	n/a	LTP282	ltpFR	0	14	n/a	HERB	704	0	3	n/a	n/a	n/a	n/a	n/a	n/a
6302.3	n/a	RECOG_RESP	3151150	n/a	LTP282	ltpFR	0	14	n/a	HERB	704	0	n/a	n/a	n/a	n/a	n/a	n/a	n/a
6303.48	n/a	RECOG_CONF	3151740	n/a	LTP282	ltpFR	0	14	n/a	HERB	704	n/a	3	n/a	n/a	n/a	n/a	n/a	n/a
6305.288	n/a	RECOG_TARGET	3152644	n/a	LTP282	ltpFR	0	14	-1	MOAT	903	1	4	-1	n/a	n/a	n/a	n/a	n/a
6306.136	n/a	RECOG_RESP	3153068	n/a	LTP282	ltpFR	0	14	-1	MOAT	903	1	n/a	-1	n/a	n/a	n/a	n/a	n/a
6307.22	n/a	RECOG_CONF	3153610	n/a	LTP282	ltpFR	0	14	-1	MOAT	903	n/a	4	-1	n/a	n/a	n/a	n/a	n/a
6308.786	n/a	RECOG_LURE	3154393	n/a	LTP282	ltpFR	0	14	n/a	SAGE	1222	0	5	n/a	n/a	n/a	n/a	n/a	n/a
6309.572	n/a	RECOG_RESP	3154786	n/a	LTP282	ltpFR	0	14	n/a	SAGE	1222	0	n/a	n/a	n/a	n/a	n/a	n/a	n/a
6310.392	n/a	RECOG_CONF	3155196	n/a	LTP282	ltpFR	0	14	n/a	SAGE	1222	n/a	5	n/a	n/a	n/a	n/a	n/a	n/a
6312.33	n/a	RECOG_LURE	3156165	n/a	LTP282	ltpFR	0	14	n/a	DRILL	497	0	2	n/a	n/a	n/a	n/a	n/a	n/a
6313.302	n/a	RECOG_RESP	3156651	n/a	LTP282	ltpFR	0	14	n/a	DRILL	497	0	n/a	n/a	n/a	n/a	n/a	n/a	n/a
6314.342	n/a	RECOG_CONF	3157171	n/a	LTP282	ltpFR	0	14	n/a	DRILL	497	n/a	2	n/a	n/a	n/a	n/a	n/a	n/a
6316.146	n/a	RECOG_LURE	3158073	n/a	LTP282	ltpFR	0	14	n/a	FIREPLACE	570	0	3	n/a	n/a	n/a	n/a	n/a	n/a
6316.846	n/a	RECOG_RESP	3158423	n/a	LTP282	ltpFR	0	14	n/a	FIREPLACE	570	0	n/a	n/a	n/a	n/a	n/a	n/a	n/a
6317.812	n/a	RECOG_CONF	3158906	n/a	LTP282	ltpFR	0	14	n/a	FIREPLACE	570	n/a	3	n/a	n/a	n/a	n/a	n/a	n/a
6319.526	n/a	RECOG_TARGET	3159763	n/a	LTP282	ltpFR	0	14	0	KEG	770	1	5	1	n/a	n/a	n/a	n/a	n/a
6320.206	n/a	RECOG_RESP	3160103	n/a	LTP282	ltpFR	0	14	0	KEG	770	1	n/a	1	n/a	n/a	n/a	n/a	n/a
6321.132	n/a	RECOG_CONF	3160566	n/a	LTP282	ltpFR	0	14	0	KEG	770	n/a	5	1	n/a	n/a	n/a	n/a	n/a
6324.92	n/a	REC_START	3162460	n/a	LTP282	ltpFR	0	15	n/a	n/a	n/a	n/a	n/a	n/a	n/a	n/a	n/a	n/a	n/a
6324.98	n/a	RECOG_TARGET	3162490	n/a	LTP282	ltpFR	0	15	-1	OYSTER	995	1	5	-1	n/a	n/a	n/a	n/a	n/a
6325.716	n/a	RECOG_RESP	3162858	n/a	LTP282	ltpFR	0	15	-1	OYSTER	995	1	n/a	-1	n/a	n/a	n/a	n/a	n/a
6326.87	n/a	RECOG_CONF	3163435	n/a	LTP282	ltpFR	0	15	-1	OYSTER	995	n/a	5	-1	n/a	n/a	n/a	n/a	n/a
6328.528	n/a	RECOG_LURE	3164264	n/a	LTP282	ltpFR	0	15	n/a	JET	756	0	4	n/a	n/a	n/a	n/a	n/a	n/a
6329.242	n/a	RECOG_RESP	3164621	n/a	LTP282	ltpFR	0	15	n/a	JET	756	0	n/a	n/a	n/a	n/a	n/a	n/a	n/a
6330.062	n/a	RECOG_CONF	3165031	n/a	LTP282	ltpFR	0	15	n/a	JET	756	n/a	4	n/a	n/a	n/a	n/a	n/a	n/a
6331.874	n/a	RECOG_TARGET	3165937	n/a	LTP282	ltpFR	0	15	0	FOX	598	1	5	1	n/a	n/a	n/a	n/a	n/a
6332.562	n/a	RECOG_RESP	3166281	n/a	LTP282	ltpFR	0	15	0	FOX	598	1	n/a	1	n/a	n/a	n/a	n/a	n/a
6333.502	n/a	RECOG_CONF	3166751	n/a	LTP282	ltpFR	0	15	0	FOX	598	n/a	5	1	n/a	n/a	n/a	n/a	n/a
6335.284	n/a	RECOG_TARGET	3167642	n/a	LTP282	ltpFR	0	15	1	FATHER	554	1	4	1	n/a	n/a	n/a	n/a	n/a
6335.932	n/a	RECOG_RESP	3167966	n/a	LTP282	ltpFR	0	15	1	FATHER	554	1	n/a	1	n/a	n/a	n/a	n/a	n/a
6336.832	n/a	RECOG_CONF	3168416	n/a	LTP282	ltpFR	0	15	1	FATHER	554	n/a	4	1	n/a	n/a	n/a	n/a	n/a
6338.732	n/a	RECOG_LURE	3169366	n/a	LTP282	ltpFR	0	15	n/a	STEREO	1378	1	2	n/a	n/a	n/a	n/a	n/a	n/a
6339.792	n/a	RECOG_RESP	3169896	n/a	LTP282	ltpFR	0	15	n/a	STEREO	1378	1	n/a	n/a	n/a	n/a	n/a	n/a	n/a
6340.782	n/a	RECOG_CONF	3170391	n/a	LTP282	ltpFR	0	15	n/a	STEREO	1378	n/a	2	n/a	n/a	n/a	n/a	n/a	n/a
6342.43	n/a	RECOG_LURE	3171215	n/a	LTP282	ltpFR	0	15	n/a	OWNER	993	0	3	n/a	n/a	n/a	n/a	n/a	n/a
6343.266	n/a	RECOG_RESP	3171633	n/a	LTP282	ltpFR	0	15	n/a	OWNER	993	0	n/a	n/a	n/a	n/a	n/a	n/a	n/a
6344.452	n/a	RECOG_CONF	3172226	n/a	LTP282	ltpFR	0	15	n/a	OWNER	993	n/a	3	n/a	n/a	n/a	n/a	n/a	n/a
6346.176	n/a	RECOG_TARGET	3173088	n/a	LTP282	ltpFR	0	15	1	TIMBER	1469	1	5	1	n/a	n/a	n/a	n/a	n/a
6346.898	n/a	RECOG_RESP	3173449	n/a	LTP282	ltpFR	0	15	1	TIMBER	1469	1	n/a	1	n/a	n/a	n/a	n/a	n/a
6347.732	n/a	RECOG_CONF	3173866	n/a	LTP282	ltpFR	0	15	1	TIMBER	1469	n/a	5	1	n/a	n/a	n/a	n/a	n/a
6349.54	n/a	RECOG_TARGET	3174770	n/a	LTP282	ltpFR	0	15	0	BRAN	167	1	5	0	n/a	n/a	n/a	n/a	n/a
6350.152	n/a	RECOG_RESP	3175076	n/a	LTP282	ltpFR	0	15	0	BRAN	167	1	n/a	0	n/a	n/a	n/a	n/a	n/a
6350.962	n/a	RECOG_CONF	3175481	n/a	LTP282	ltpFR	0	15	0	BRAN	167	n/a	5	0	n/a	n/a	n/a	n/a	n/a
6352.568	n/a	RECOG_LURE	3176284	n/a	LTP282	ltpFR	0	15	n/a	AUTOMOBILE	62	0	2	n/a	n/a	n/a	n/a	n/a	n/a
6353.492	n/a	RECOG_RESP	3176746	n/a	LTP282	ltpFR	0	15	n/a	AUTOMOBILE	62	0	n/a	n/a	n/a	n/a	n/a	n/a	n/a
6354.322	n/a	RECOG_CONF	3177161	n/a	LTP282	ltpFR	0	15	n/a	AUTOMOBILE	62	n/a	2	n/a	n/a	n/a	n/a	n/a	n/a
6356.082	n/a	RECOG_LURE	3178041	n/a	LTP282	ltpFR	0	15	n/a	MARGARINE	868	0	2	n/a	n/a	n/a	n/a	n/a	n/a
6357.218	n/a	RECOG_RESP	3178609	n/a	LTP282	ltpFR	0	15	n/a	MARGARINE	868	0	n/a	n/a	n/a	n/a	n/a	n/a	n/a
6358.112	n/a	RECOG_CONF	3179056	n/a	LTP282	ltpFR	0	15	n/a	MARGARINE	868	n/a	2	n/a	n/a	n/a	n/a	n/a	n/a
6359.796	n/a	RECOG_TARGET	3179898	n/a	LTP282	ltpFR	0	15	1	PUMPKIN	1142	1	5	1	n/a	n/a	n/a	n/a	n/a
6360.408	n/a	RECOG_RESP	3180204	n/a	LTP282	ltpFR	0	15	1	PUMPKIN	1142	1	n/a	1	n/a	n/a	n/a	n/a	n/a
6361.222	n/a	RECOG_CONF	3180611	n/a	LTP282	ltpFR	0	15	1	PUMPKIN	1142	n/a	5	1	n/a	n/a	n/a	n/a	n/a
6362.808	n/a	RECOG_TARGET	3181404	n/a	LTP282	ltpFR	0	15	0	CEREAL	272	0	2	0	n/a	n/a	n/a	n/a	n/a
6363.798	n/a	RECOG_RESP	3181899	n/a	LTP282	ltpFR	0	15	0	CEREAL	272	0	n/a	0	n/a	n/a	n/a	n/a	n/a
6364.642	n/a	RECOG_CONF	3182321	n/a	LTP282	ltpFR	0	15	0	CEREAL	272	n/a	2	0	n/a	n/a	n/a	n/a	n/a
6366.572	n/a	RECOG_TARGET	3183286	n/a	LTP282	ltpFR	0	15	0	APPLE	33	1	3	0	n/a	n/a	n/a	n/a	n/a
6367.178	n/a	RECOG_RESP	3183589	n/a	LTP282	ltpFR	0	15	0	APPLE	33	1	n/a	0	n/a	n/a	n/a	n/a	n/a
6368.174	n/a	RECOG_CONF	3184087	n/a	LTP282	ltpFR	0	15	0	APPLE	33	n/a	3	0	n/a	n/a	n/a	n/a	n/a
6369.852	n/a	RECOG_TARGET	3184926	n/a	LTP282	ltpFR	0	15	0	OCTOPUS	971	1	5	0	n/a	n/a	n/a	n/a	n/a
6370.478	n/a	RECOG_RESP	3185239	n/a	LTP282	ltpFR	0	15	0	OCTOPUS	971	1	n/a	0	n/a	n/a	n/a	n/a	n/a
6371.244	n/a	RECOG_CONF	3185622	n/a	LTP282	ltpFR	0	15	0	OCTOPUS	971	n/a	5	0	n/a	n/a	n/a	n/a	n/a
6372.964	n/a	RECOG_TARGET	3186482	n/a	LTP282	ltpFR	0	15	-1	SOCIETY	1338	0	4	-1	n/a	n/a	n/a	n/a	n/a
6373.834	n/a	RECOG_RESP	3186917	n/a	LTP282	ltpFR	0	15	-1	SOCIETY	1338	0	n/a	-1	n/a	n/a	n/a	n/a	n/a
6374.654	n/a	RECOG_CONF	3187327	n/a	LTP282	ltpFR	0	15	-1	SOCIETY	1338	n/a	4	-1	n/a	n/a	n/a	n/a	n/a
6376.478	n/a	RECOG_LURE	3188239	n/a	LTP282	ltpFR	0	15	n/a	SUPPER	1411	0	4	n/a	n/a	n/a	n/a	n/a	n/a
6377.254	n/a	RECOG_RESP	3188627	n/a	LTP282	ltpFR	0	15	n/a	SUPPER	1411	0	n/a	n/a	n/a	n/a	n/a	n/a	n/a
6377.984	n/a	RECOG_CONF	3188992	n/a	LTP282	ltpFR	0	15	n/a	SUPPER	1411	n/a	4	n/a	n/a	n/a	n/a	n/a	n/a
6379.94	n/a	RECOG_TARGET	3189970	n/a	LTP282	ltpFR	0	15	1	STEAM	1375	1	5	0	n/a	n/a	n/a	n/a	n/a
6380.568	n/a	RECOG_RESP	3190284	n/a	LTP282	ltpFR	0	15	1	STEAM	1375	1	n/a	0	n/a	n/a	n/a	n/a	n/a
6381.484	n/a	RECOG_CONF	3190742	n/a	LTP282	ltpFR	0	15	1	STEAM	1375	n/a	5	0	n/a	n/a	n/a	n/a	n/a
6383.318	n/a	RECOG_LURE	3191659	n/a	LTP282	ltpFR	0	15	n/a	OPERA	978	0	2	n/a	n/a	n/a	n/a	n/a	n/a
6384.098	n/a	RECOG_RESP	3192049	n/a	LTP282	ltpFR	0	15	n/a	OPERA	978	0	n/a	n/a	n/a	n/a	n/a	n/a	n/a
6384.984	n/a	RECOG_CONF	3192492	n/a	LTP282	ltpFR	0	15	n/a	OPERA	978	n/a	2	n/a	n/a	n/a	n/a	n/a	n/a
6386.884	n/a	RECOG_TARGET	3193442	n/a	LTP282	ltpFR	0	15	1	FEATHER	557	1	5	0	n/a	n/a	n/a	n/a	n/a
6387.574	n/a	RECOG_RESP	3193787	n/a	LTP282	ltpFR	0	15	1	FEATHER	557	1	n/a	0	n/a	n/a	n/a	n/a	n/a
6388.464	n/a	RECOG_CONF	3194232	n/a	LTP282	ltpFR	0	15	1	FEATHER	557	n/a	5	0	n/a	n/a	n/a	n/a	n/a
6390.212	n/a	RECOG_LURE	3195106	n/a	LTP282	ltpFR	0	15	n/a	FELLOW	558	0	5	n/a	n/a	n/a	n/a	n/a	n/a
6391.46	n/a	RECOG_RESP	3195730	n/a	LTP282	ltpFR	0	15	n/a	FELLOW	558	0	n/a	n/a	n/a	n/a	n/a	n/a	n/a
6392.504	n/a	RECOG_CONF	3196252	n/a	LTP282	ltpFR	0	15	n/a	FELLOW	558	n/a	5	n/a	n/a	n/a	n/a	n/a	n/a
6396.772	n/a	REC_START	3198386	n/a	LTP282	ltpFR	0	16	n/a	n/a	n/a	n/a	n/a	n/a	n/a	n/a	n/a	n/a	n/a
6396.82	n/a	RECOG_LURE	3198410	n/a	LTP282	ltpFR	0	16	n/a	SPATULA	1348	0	3	n/a	n/a	n/a	n/a	n/a	n/a
6397.756	n/a	RECOG_RESP	3198878	n/a	LTP282	ltpFR	0	16	n/a	SPATULA	1348	0	n/a	n/a	n/a	n/a	n/a	n/a	n/a
6398.692	n/a	RECOG_CONF	3199346	n/a	LTP282	ltpFR	0	16	n/a	SPATULA	1348	n/a	3	n/a	n/a	n/a	n/a	n/a	n/a
6400.384	n/a	RECOG_LURE	3200192	n/a	LTP282	ltpFR	0	16	n/a	SURF	1412	0	3	n/a	n/a	n/a	n/a	n/a	n/a
6401.312	n/a	RECOG_RESP	3200656	n/a	LTP282	ltpFR	0	16	n/a	SURF	1412	0	n/a	n/a	n/a	n/a	n/a	n/a	n/a
6402.002	n/a	RECOG_CONF	3201001	n/a	LTP282	ltpFR	0	16	n/a	SURF	1412	n/a	3	n/a	n/a	n/a	n/a	n/a	n/a
6403.814	n/a	RECOG_LURE	3201907	n/a	LTP282	ltpFR	0	16	n/a	OPERATOR	979	1	4	n/a	n/a	n/a	n/a	n/a	n/a
6404.908	n/a	RECOG_RESP	3202454	n/a	LTP282	ltpFR	0	16	n/a	OPERATOR	979	1	n/a	n/a	n/a	n/a	n/a	n/a	n/a
6406.592	n/a	RECOG_CONF	3203296	n/a	LTP282	ltpFR	0	16	n/a	OPERATOR	979	n/a	4	n/a	n/a	n/a	n/a	n/a	n/a
6408.516	n/a	RECOG_TARGET	3204258	n/a	LTP282	ltpFR	0	16	1	DIGGER	464	1	4	0	n/a	n/a	n/a	n/a	n/a
6409.452	n/a	RECOG_RESP	3204726	n/a	LTP282	ltpFR	0	16	1	DIGGER	464	1	n/a	0	n/a	n/a	n/a	n/a	n/a
6410.702	n/a	RECOG_CONF	3205351	n/a	LTP282	ltpFR	0	16	1	DIGGER	464	n/a	4	0	n/a	n/a	n/a	n/a	n/a
6412.632	n/a	RECOG_TARGET	3206316	n/a	LTP282	ltpFR	0	16	-1	FIG	563	0	2	-1	n/a	n/a	n/a	n/a	n/a
6413.652	n/a	RECOG_RESP	3206826	n/a	LTP282	ltpFR	0	16	-1	FIG	563	0	n/a	-1	n/a	n/a	n/a	n/a	n/a
6414.602	n/a	RECOG_CONF	3207301	n/a	LTP282	ltpFR	0	16	-1	FIG	563	n/a	2	-1	n/a	n/a	n/a	n/a	n/a
6416.664	n/a	RECOG_LURE	3208332	n/a	LTP282	ltpFR	0	16	n/a	CARPENTER	246	1	4	n/a	n/a	n/a	n/a	n/a	n/a
6417.368	n/a	RECOG_RESP	3208684	n/a	LTP282	ltpFR	0	16	n/a	CARPENTER	246	1	n/a	n/a	n/a	n/a	n/a	n/a	n/a
6418.652	n/a	RECOG_CONF	3209326	n/a	LTP282	ltpFR	0	16	n/a	CARPENTER	246	n/a	4	n/a	n/a	n/a	n/a	n/a	n/a
6420.494	n/a	RECOG_LURE	3210247	n/a	LTP282	ltpFR	0	16	n/a	SCRIBBLE	1256	0	5	n/a	n/a	n/a	n/a	n/a	n/a
6421.538	n/a	RECOG_RESP	3210769	n/a	LTP282	ltpFR	0	16	n/a	SCRIBBLE	1256	0	n/a	n/a	n/a	n/a	n/a	n/a	n/a
6422.432	n/a	RECOG_CONF	3211216	n/a	LTP282	ltpFR	0	16	n/a	SCRIBBLE	1256	n/a	5	n/a	n/a	n/a	n/a	n/a	n/a
6424.326	n/a	RECOG_TARGET	3212163	n/a	LTP282	ltpFR	0	16	0	SALOON	1228	1	2	1	n/a	n/a	n/a	n/a	n/a
6426.134	n/a	RECOG_RESP	3213067	n/a	LTP282	ltpFR	0	16	0	SALOON	1228	1	n/a	1	n/a	n/a	n/a	n/a	n/a
6427.274	n/a	RECOG_CONF	3213637	n/a	LTP282	ltpFR	0	16	0	SALOON	1228	n/a	2	1	n/a	n/a	n/a	n/a	n/a
6429.062	n/a	RECOG_TARGET	3214531	n/a	LTP282	ltpFR	0	16	0	CANVAS	234	1	5	1	n/a	n/a	n/a	n/a	n/a
6429.974	n/a	RECOG_RESP	3214987	n/a	LTP282	ltpFR	0	16	0	CANVAS	234	1	n/a	1	n/a	n/a	n/a	n/a	n/a
6431.134	n/a	RECOG_CONF	3215567	n/a	LTP282	ltpFR	0	16	0	CANVAS	234	n/a	5	1	n/a	n/a	n/a	n/a	n/a
6432.974	n/a	RECOG_TARGET	3216487	n/a	LTP282	ltpFR	0	16	0	SPHINX	1349	1	5	1	n/a	n/a	n/a	n/a	n/a
6433.638	n/a	RECOG_RESP	3216819	n/a	LTP282	ltpFR	0	16	0	SPHINX	1349	1	n/a	1	n/a	n/a	n/a	n/a	n/a
6434.784	n/a	RECOG_CONF	3217392	n/a	LTP282	ltpFR	0	16	0	SPHINX	1349	n/a	5	1	n/a	n/a	n/a	n/a	n/a
6436.572	n/a	RECOG_LURE	3218286	n/a	LTP282	ltpFR	0	16	n/a	CHECKERS	285	0	2	n/a	n/a	n/a	n/a	n/a	n/a
6437.414	n/a	RECOG_RESP	3218707	n/a	LTP282	ltpFR	0	16	n/a	CHECKERS	285	0	n/a	n/a	n/a	n/a	n/a	n/a	n/a
6438.564	n/a	RECOG_CONF	3219282	n/a	LTP282	ltpFR	0	16	n/a	CHECKERS	285	n/a	2	n/a	n/a	n/a	n/a	n/a	n/a
6440.286	n/a	RECOG_TARGET	3220143	n/a	LTP282	ltpFR	0	16	0	GREASE	660	1	2	0	n/a	n/a	n/a	n/a	n/a
6441.364	n/a	RECOG_RESP	3220682	n/a	LTP282	ltpFR	0	16	0	GREASE	660	1	n/a	0	n/a	n/a	n/a	n/a	n/a
6442.324	n/a	RECOG_CONF	3221162	n/a	LTP282	ltpFR	0	16	0	GREASE	660	n/a	2	0	n/a	n/a	n/a	n/a	n/a
6444.27	n/a	RECOG_TARGET	3222135	n/a	LTP282	ltpFR	0	16	0	CHESS	294	1	5	1	n/a	n/a	n/a	n/a	n/a
6444.934	n/a	RECOG_RESP	3222467	n/a	LTP282	ltpFR	0	16	0	CHESS	294	1	n/a	1	n/a	n/a	n/a	n/a	n/a
6445.954	n/a	RECOG_CONF	3222977	n/a	LTP282	ltpFR	0	16	0	CHESS	294	n/a	5	1	n/a	n/a	n/a	n/a	n/a
6447.95	n/a	RECOG_TARGET	3223975	n/a	LTP282	ltpFR	0	16	0	LODGE	839	0	1	1	n/a	n/a	n/a	n/a	n/a
6448.87	n/a	RECOG_RESP	3224435	n/a	LTP282	ltpFR	0	16	0	LODGE	839	0	n/a	1	n/a	n/a	n/a	n/a	n/a
6449.874	n/a	RECOG_CONF	3224937	n/a	LTP282	ltpFR	0	16	0	LODGE	839	n/a	1	1	n/a	n/a	n/a	n/a	n/a
6451.73	n/a	RECOG_TARGET	3225865	n/a	LTP282	ltpFR	0	16	1	ORCHID	982	1	5	1	n/a	n/a	n/a	n/a	n/a
6452.454	n/a	RECOG_RESP	3226227	n/a	LTP282	ltpFR	0	16	1	ORCHID	982	1	n/a	1	n/a	n/a	n/a	n/a	n/a
6453.334	n/a	RECOG_CONF	3226667	n/a	LTP282	ltpFR	0	16	1	ORCHID	982	n/a	5	1	n/a	n/a	n/a	n/a	n/a
6455.16	n/a	RECOG_TARGET	3227580	n/a	LTP282	ltpFR	0	16	1	WAND	1586	1	5	0	n/a	n/a	n/a	n/a	n/a
6455.904	n/a	RECOG_RESP	3227952	n/a	LTP282	ltpFR	0	16	1	WAND	1586	1	n/a	0	n/a	n/a	n/a	n/a	n/a
6456.684	n/a	RECOG_CONF	3228342	n/a	LTP282	ltpFR	0	16	1	WAND	1586	n/a	5	0	n/a	n/a	n/a	n/a	n/a
6458.44	n/a	RECOG_TARGET	3229220	n/a	LTP282	ltpFR	0	16	1	SANDPAPER	1231	1	5	0	n/a	n/a	n/a	n/a	n/a
6459.2	n/a	RECOG_RESP	3229600	n/a	LTP282	ltpFR	0	16	1	SANDPAPER	1231	1	n/a	0	n/a	n/a	n/a	n/a	n/a
6460.114	n/a	RECOG_CONF	3230057	n/a	LTP282	ltpFR	0	16	1	SANDPAPER	1231	n/a	5	0	n/a	n/a	n/a	n/a	n/a
6461.92	n/a	RECOG_LURE	3230960	n/a	LTP282	ltpFR	0	16	n/a	SOFA	1342	0	2	n/a	n/a	n/a	n/a	n/a	n/a
6462.586	n/a	RECOG_RESP	3231293	n/a	LTP282	ltpFR	0	16	n/a	SOFA	1342	0	n/a	n/a	n/a	n/a	n/a	n/a	n/a
6463.596	n/a	RECOG_CONF	3231798	n/a	LTP282	ltpFR	0	16	n/a	SOFA	1342	n/a	2	n/a	n/a	n/a	n/a	n/a	n/a
6465.416	n/a	RECOG_TARGET	3232708	n/a	LTP282	ltpFR	0	16	0	SWAMP	1416	1	5	1	n/a	n/a	n/a	n/a	n/a
6466.056	n/a	RECOG_RESP	3233028	n/a	LTP282	ltpFR	0	16	0	SWAMP	1416	1	n/a	1	n/a	n/a	n/a	n/a	n/a
6467.156	n/a	RECOG_CONF	3233578	n/a	LTP282	ltpFR	0	16	0	SWAMP	1416	n/a	5	1	n/a	n/a	n/a	n/a	n/a
6468.896	n/a	RECOG_LURE	3234448	n/a	LTP282	ltpFR	0	16	n/a	DINER	467	0	2	n/a	n/a	n/a	n/a	n/a	n/a
6470.446	n/a	RECOG_RESP	3235223	n/a	LTP282	ltpFR	0	16	n/a	DINER	467	0	n/a	n/a	n/a	n/a	n/a	n/a	n/a
6471.916	n/a	RECOG_CONF	3235958	n/a	LTP282	ltpFR	0	16	n/a	DINER	467	n/a	2	n/a	n/a	n/a	n/a	n/a	n/a
6477.814	n/a	SESS_END	3238907	n/a	LTP282	ltpFR	0	16	n/a	n/a	n/a	n/a	n/a	n/a	n/a	n/a	n/a	n/a	n/a
