mstime	trial_type	stim_file	subject	experiment	session	trial	task	item_name	item_num	recog_conf	resp	color_b	color_g	color_r	case	font
0	SESS_START	n/a	LTP150	ltpFR	16	n/a	n/a	n/a	n/a	5	n/a	n/a	n/a	n/a	n/a	n/a
1673467	SESS_START	n/a	LTP150	ltpFR	16	n/a	n/a	n/a	n/a	n/a	n/a	n/a	n/a	n/a	n/a	n/a
1708135	WORD	wordpools/wasnorm_wordpool.txt	LTP150	ltpFR	16	1	0	ASSISTANT	48	n/a	1	0	0.5869140625	0.422607421875	lower	../fonts/zerothre.ttf
1712081	WORD	wordpools/wasnorm_wordpool.txt	LTP150	ltpFR	16	1	0	EAR	513	n/a	0	0	0.5869140625	0.422607421875	lower	../fonts/zerothre.ttf
1715944	WORD	wordpools/wasnorm_wordpool.txt	LTP150	ltpFR	16	1	1	PISTON	1076	n/a	0	1	0.412841796875	0.57763671875	upper	../fonts/amplitud.ttf
1719931	WORD	wordpools/wasnorm_wordpool.txt	LTP150	ltpFR	16	1	1	MARBLE	867	n/a	0	1	0.412841796875	0.57763671875	upper	../fonts/amplitud.ttf
1724025	WORD	wordpools/wasnorm_wordpool.txt	LTP150	ltpFR	16	1	1	SECRETARY	1265	n/a	1	1	0.412841796875	0.57763671875	upper	../fonts/amplitud.ttf
1728096	WORD	wordpools/wasnorm_wordpool.txt	LTP150	ltpFR	16	1	1	EARRING	514	n/a	0	1	0.412841796875	0.57763671875	upper	../fonts/amplitud.ttf
1731984	WORD	wordpools/wasnorm_wordpool.txt	LTP150	ltpFR	16	1	0	PATIO	1025	n/a	1	0	0.5869140625	0.422607421875	lower	../fonts/zerothre.ttf
1735863	WORD	wordpools/wasnorm_wordpool.txt	LTP150	ltpFR	16	1	0	MEAL	882	n/a	0	0	0.5869140625	0.422607421875	lower	../fonts/zerothre.ttf
1739858	WORD	wordpools/wasnorm_wordpool.txt	LTP150	ltpFR	16	1	0	PICNIC	1060	n/a	1	0	0.5869140625	0.422607421875	lower	../fonts/zerothre.ttf
1744003	WORD	wordpools/wasnorm_wordpool.txt	LTP150	ltpFR	16	1	0	REPORT	1184	n/a	0	0	0.5869140625	0.422607421875	lower	../fonts/zerothre.ttf
1747874	WORD	wordpools/wasnorm_wordpool.txt	LTP150	ltpFR	16	1	0	SYRINGE	1424	n/a	0	0	0.5869140625	0.422607421875	lower	../fonts/zerothre.ttf
1752068	WORD	wordpools/wasnorm_wordpool.txt	LTP150	ltpFR	16	1	0	CORAL	378	n/a	1	0	0.5869140625	0.422607421875	lower	../fonts/zerothre.ttf
1756138	WORD	wordpools/wasnorm_wordpool.txt	LTP150	ltpFR	16	1	1	SWIMMER	1420	n/a	0	1	0.412841796875	0.57763671875	upper	../fonts/amplitud.ttf
1760025	WORD	wordpools/wasnorm_wordpool.txt	LTP150	ltpFR	16	1	1	BARK	87	n/a	0	1	0.412841796875	0.57763671875	upper	../fonts/amplitud.ttf
1763897	WORD	wordpools/wasnorm_wordpool.txt	LTP150	ltpFR	16	1	1	SQUIRREL	1362	n/a	1	1	0.412841796875	0.57763671875	upper	../fonts/amplitud.ttf
1768091	WORD	wordpools/wasnorm_wordpool.txt	LTP150	ltpFR	16	1	1	DUSTPAN	509	n/a	0	1	0.412841796875	0.57763671875	upper	../fonts/amplitud.ttf
1773836	REC_START	n/a	LTP150	ltpFR	16	1	n/a	n/a	n/a	n/a	n/a	n/a	n/a	n/a	n/a	n/a
1774983	REC_WORD	wordpools/wasnorm_wordpool.txt	LTP150	ltpFR	16	1	1	DUSTPAN	509	n/a	0	n/a	n/a	n/a	n/a	n/a
1776809	REC_WORD	wordpools/wasnorm_wordpool.txt	LTP150	ltpFR	16	1	1	SQUIRREL	1362	n/a	1	n/a	n/a	n/a	n/a	n/a
1778136	REC_WORD	wordpools/wasnorm_wordpool.txt	LTP150	ltpFR	16	1	1	BARK	87	n/a	0	n/a	n/a	n/a	n/a	n/a
1779233	REC_WORD	wordpools/wasnorm_wordpool.txt	LTP150	ltpFR	16	1	n/a	TREE	1502	n/a	n/a	n/a	n/a	n/a	n/a	n/a
1781304	REC_WORD	wordpools/wasnorm_wordpool.txt	LTP150	ltpFR	16	1	0	CORAL	378	n/a	1	n/a	n/a	n/a	n/a	n/a
1783484	REC_WORD	wordpools/wasnorm_wordpool.txt	LTP150	ltpFR	16	1	1	SWIMMER	1420	n/a	0	n/a	n/a	n/a	n/a	n/a
1786901	REC_WORD	wordpools/wasnorm_wordpool.txt	LTP150	ltpFR	16	1	0	ASSISTANT	48	n/a	1	n/a	n/a	n/a	n/a	n/a
1788413	REC_WORD	wordpools/wasnorm_wordpool.txt	LTP150	ltpFR	16	1	0	EAR	513	n/a	0	n/a	n/a	n/a	n/a	n/a
1792244	REC_WORD	wordpools/wasnorm_wordpool.txt	LTP150	ltpFR	16	1	1	PISTON	1076	n/a	0	n/a	n/a	n/a	n/a	n/a
1793242	REC_WORD	wordpools/wasnorm_wordpool.txt	LTP150	ltpFR	16	1	1	MARBLE	867	n/a	0	n/a	n/a	n/a	n/a	n/a
1794534	REC_WORD	wordpools/wasnorm_wordpool.txt	LTP150	ltpFR	16	1	1	SECRETARY	1265	n/a	1	n/a	n/a	n/a	n/a	n/a
1796933	REC_WORD	wordpools/wasnorm_wordpool.txt	LTP150	ltpFR	16	1	1	EARRING	514	n/a	0	n/a	n/a	n/a	n/a	n/a
1799976	REC_WORD	wordpools/wasnorm_wordpool.txt	LTP150	ltpFR	16	1	0	PATIO	1025	n/a	1	n/a	n/a	n/a	n/a	n/a
1801473	REC_WORD	wordpools/wasnorm_wordpool.txt	LTP150	ltpFR	16	1	0	MEAL	882	n/a	0	n/a	n/a	n/a	n/a	n/a
1802720	REC_WORD	wordpools/wasnorm_wordpool.txt	LTP150	ltpFR	16	1	0	PICNIC	1060	n/a	1	n/a	n/a	n/a	n/a	n/a
1803787	REC_WORD	wordpools/wasnorm_wordpool.txt	LTP150	ltpFR	16	1	0	REPORT	1184	n/a	0	n/a	n/a	n/a	n/a	n/a
1804810	REC_WORD	wordpools/wasnorm_wordpool.txt	LTP150	ltpFR	16	1	0	SYRINGE	1424	n/a	0	n/a	n/a	n/a	n/a	n/a
1857421	WORD	wordpools/wasnorm_wordpool.txt	LTP150	ltpFR	16	2	1	PAGE	1001	n/a	0	1	0.412841796875	0.57763671875	upper	../fonts/amplitud.ttf
1861275	WORD	wordpools/wasnorm_wordpool.txt	LTP150	ltpFR	16	2	1	SHELF	1280	n/a	0	1	0.412841796875	0.57763671875	upper	../fonts/amplitud.ttf
1865179	WORD	wordpools/wasnorm_wordpool.txt	LTP150	ltpFR	16	2	1	CREEK	404	n/a	0	1	0.412841796875	0.57763671875	upper	../fonts/amplitud.ttf
1869016	WORD	wordpools/wasnorm_wordpool.txt	LTP150	ltpFR	16	2	1	KITTEN	780	n/a	1	1	0.412841796875	0.57763671875	upper	../fonts/amplitud.ttf
1873078	WORD	wordpools/wasnorm_wordpool.txt	LTP150	ltpFR	16	2	0	BUFFALO	186	n/a	1	0	0.5869140625	0.422607421875	lower	../fonts/zerothre.ttf
1877206	WORD	wordpools/wasnorm_wordpool.txt	LTP150	ltpFR	16	2	0	APE	31	n/a	1	0	0.5869140625	0.422607421875	lower	../fonts/zerothre.ttf
1881343	WORD	wordpools/wasnorm_wordpool.txt	LTP150	ltpFR	16	2	0	DETERGENT	455	n/a	0	0	0.5869140625	0.422607421875	lower	../fonts/zerothre.ttf
1885455	WORD	wordpools/wasnorm_wordpool.txt	LTP150	ltpFR	16	2	0	SLIDE	1326	n/a	0	0	0.5869140625	0.422607421875	lower	../fonts/zerothre.ttf
1889284	WORD	wordpools/wasnorm_wordpool.txt	LTP150	ltpFR	16	2	1	TYPIST	1532	n/a	1	1	0.412841796875	0.57763671875	upper	../fonts/amplitud.ttf
1893379	WORD	wordpools/wasnorm_wordpool.txt	LTP150	ltpFR	16	2	1	CABINET	212	n/a	0	1	0.412841796875	0.57763671875	upper	../fonts/amplitud.ttf
1897333	WORD	wordpools/wasnorm_wordpool.txt	LTP150	ltpFR	16	2	1	LAWYER	806	n/a	1	1	0.412841796875	0.57763671875	upper	../fonts/amplitud.ttf
1901245	WORD	wordpools/wasnorm_wordpool.txt	LTP150	ltpFR	16	2	1	RODENT	1204	n/a	1	1	0.412841796875	0.57763671875	upper	../fonts/amplitud.ttf
1905291	WORD	wordpools/wasnorm_wordpool.txt	LTP150	ltpFR	16	2	0	CRYSTAL	418	n/a	0	0	0.5869140625	0.422607421875	lower	../fonts/zerothre.ttf
1909211	WORD	wordpools/wasnorm_wordpool.txt	LTP150	ltpFR	16	2	0	COURT	391	n/a	1	0	0.5869140625	0.422607421875	lower	../fonts/zerothre.ttf
1913173	WORD	wordpools/wasnorm_wordpool.txt	LTP150	ltpFR	16	2	0	BRICK	172	n/a	0	0	0.5869140625	0.422607421875	lower	../fonts/zerothre.ttf
1917127	WORD	wordpools/wasnorm_wordpool.txt	LTP150	ltpFR	16	2	0	BUILDER	190	n/a	1	0	0.5869140625	0.422607421875	lower	../fonts/zerothre.ttf
1923054	REC_START	n/a	LTP150	ltpFR	16	2	n/a	n/a	n/a	n/a	n/a	n/a	n/a	n/a	n/a	n/a
1923882	REC_WORD	wordpools/wasnorm_wordpool.txt	LTP150	ltpFR	16	2	0	BUILDER	190	n/a	1	n/a	n/a	n/a	n/a	n/a
1928990	REC_WORD	wordpools/wasnorm_wordpool.txt	LTP150	ltpFR	16	2	1	PAGE	1001	n/a	0	n/a	n/a	n/a	n/a	n/a
1930098	REC_WORD	wordpools/wasnorm_wordpool.txt	LTP150	ltpFR	16	2	1	SHELF	1280	n/a	0	n/a	n/a	n/a	n/a	n/a
1932862	REC_WORD	wordpools/wasnorm_wordpool.txt	LTP150	ltpFR	16	2	1	CREEK	404	n/a	0	n/a	n/a	n/a	n/a	n/a
1934139	REC_WORD	wordpools/wasnorm_wordpool.txt	LTP150	ltpFR	16	2	1	KITTEN	780	n/a	1	n/a	n/a	n/a	n/a	n/a
1935600	REC_WORD	wordpools/wasnorm_wordpool.txt	LTP150	ltpFR	16	2	0	BUFFALO	186	n/a	1	n/a	n/a	n/a	n/a	n/a
1938015	REC_WORD	wordpools/wasnorm_wordpool.txt	LTP150	ltpFR	16	2	0	APE	31	n/a	1	n/a	n/a	n/a	n/a	n/a
1939087	REC_WORD	wordpools/wasnorm_wordpool.txt	LTP150	ltpFR	16	2	0	DETERGENT	455	n/a	0	n/a	n/a	n/a	n/a	n/a
1940255	REC_WORD	wordpools/wasnorm_wordpool.txt	LTP150	ltpFR	16	2	0	SLIDE	1326	n/a	0	n/a	n/a	n/a	n/a	n/a
1943867	REC_WORD	wordpools/wasnorm_wordpool.txt	LTP150	ltpFR	16	2	1	TYPIST	1532	n/a	1	n/a	n/a	n/a	n/a	n/a
1944934	REC_WORD	wordpools/wasnorm_wordpool.txt	LTP150	ltpFR	16	2	1	CABINET	212	n/a	0	n/a	n/a	n/a	n/a	n/a
1949274	REC_WORD	wordpools/wasnorm_wordpool.txt	LTP150	ltpFR	16	2	1	LAWYER	806	n/a	1	n/a	n/a	n/a	n/a	n/a
1950586	REC_WORD	wordpools/wasnorm_wordpool.txt	LTP150	ltpFR	16	2	1	RODENT	1204	n/a	1	n/a	n/a	n/a	n/a	n/a
1952118	REC_WORD	wordpools/wasnorm_wordpool.txt	LTP150	ltpFR	16	2	0	CRYSTAL	418	n/a	0	n/a	n/a	n/a	n/a	n/a
1962354	REC_WORD	wordpools/wasnorm_wordpool.txt	LTP150	ltpFR	16	2	0	COURT	391	n/a	1	n/a	n/a	n/a	n/a	n/a
1966575	REC_WORD	wordpools/wasnorm_wordpool.txt	LTP150	ltpFR	16	2	0	BRICK	172	n/a	0	n/a	n/a	n/a	n/a	n/a
1970810	REC_WORD	wordpools/wasnorm_wordpool.txt	LTP150	ltpFR	16	2	0	APE	31	n/a	1	n/a	n/a	n/a	n/a	n/a
2001304	WORD	wordpools/wasnorm_wordpool.txt	LTP150	ltpFR	16	3	0	PENGUIN	1044	n/a	1	0	0.5869140625	0.422607421875	lower	../fonts/zerothre.ttf
2005416	WORD	wordpools/wasnorm_wordpool.txt	LTP150	ltpFR	16	3	0	SWORD	1423	n/a	1	0	0.5869140625	0.422607421875	lower	../fonts/zerothre.ttf
2009545	WORD	wordpools/wasnorm_wordpool.txt	LTP150	ltpFR	16	3	0	BRACES	164	n/a	0	0	0.5869140625	0.422607421875	lower	../fonts/zerothre.ttf
2013665	WORD	wordpools/wasnorm_wordpool.txt	LTP150	ltpFR	16	3	0	COLUMN	350	n/a	1	0	0.5869140625	0.422607421875	lower	../fonts/zerothre.ttf
2017644	WORD	wordpools/wasnorm_wordpool.txt	LTP150	ltpFR	16	3	0	EARTH	515	n/a	1	0	0.5869140625	0.422607421875	lower	../fonts/zerothre.ttf
2021664	WORD	wordpools/wasnorm_wordpool.txt	LTP150	ltpFR	16	3	0	JEEP	753	n/a	1	0	0.5869140625	0.422607421875	lower	../fonts/zerothre.ttf
2025777	WORD	wordpools/wasnorm_wordpool.txt	LTP150	ltpFR	16	3	0	BRAKE	166	n/a	0	0	0.5869140625	0.422607421875	lower	../fonts/zerothre.ttf
2029806	WORD	wordpools/wasnorm_wordpool.txt	LTP150	ltpFR	16	3	0	HAMMOCK	681	n/a	0	0	0.5869140625	0.422607421875	lower	../fonts/zerothre.ttf
2033617	WORD	wordpools/wasnorm_wordpool.txt	LTP150	ltpFR	16	3	0	CROW	414	n/a	0	0	0.5869140625	0.422607421875	lower	../fonts/zerothre.ttf
2037712	WORD	wordpools/wasnorm_wordpool.txt	LTP150	ltpFR	16	3	0	RAZOR	1171	n/a	0	0	0.5869140625	0.422607421875	lower	../fonts/zerothre.ttf
2041633	WORD	wordpools/wasnorm_wordpool.txt	LTP150	ltpFR	16	3	0	FLUTE	585	n/a	0	0	0.5869140625	0.422607421875	lower	../fonts/zerothre.ttf
2045736	WORD	wordpools/wasnorm_wordpool.txt	LTP150	ltpFR	16	3	0	SHEEP	1278	n/a	1	0	0.5869140625	0.422607421875	lower	../fonts/zerothre.ttf
2049607	WORD	wordpools/wasnorm_wordpool.txt	LTP150	ltpFR	16	3	0	RACCOON	1153	n/a	1	0	0.5869140625	0.422607421875	lower	../fonts/zerothre.ttf
2053486	WORD	wordpools/wasnorm_wordpool.txt	LTP150	ltpFR	16	3	0	CAPTAIN	239	n/a	1	0	0.5869140625	0.422607421875	lower	../fonts/zerothre.ttf
2057606	WORD	wordpools/wasnorm_wordpool.txt	LTP150	ltpFR	16	3	0	SHIP	1286	n/a	1	0	0.5869140625	0.422607421875	lower	../fonts/zerothre.ttf
2061501	WORD	wordpools/wasnorm_wordpool.txt	LTP150	ltpFR	16	3	0	ATMOSPHERE	54	n/a	1	0	0.5869140625	0.422607421875	lower	../fonts/zerothre.ttf
2067304	REC_START	n/a	LTP150	ltpFR	16	3	n/a	n/a	n/a	n/a	n/a	n/a	n/a	n/a	n/a	n/a
2070551	REC_WORD	wordpools/wasnorm_wordpool.txt	LTP150	ltpFR	16	3	0	HAMMOCK	681	n/a	0	n/a	n/a	n/a	n/a	n/a
2072407	REC_WORD	wordpools/wasnorm_wordpool.txt	LTP150	ltpFR	16	3	0	CROW	414	n/a	0	n/a	n/a	n/a	n/a	n/a
2074911	REC_WORD	wordpools/wasnorm_wordpool.txt	LTP150	ltpFR	16	3	0	RAZOR	1171	n/a	0	n/a	n/a	n/a	n/a	n/a
2076338	REC_WORD	wordpools/wasnorm_wordpool.txt	LTP150	ltpFR	16	3	0	FLUTE	585	n/a	0	n/a	n/a	n/a	n/a	n/a
2077660	REC_WORD	wordpools/wasnorm_wordpool.txt	LTP150	ltpFR	16	3	0	SHEEP	1278	n/a	1	n/a	n/a	n/a	n/a	n/a
2079925	REC_WORD	wordpools/wasnorm_wordpool.txt	LTP150	ltpFR	16	3	0	RACCOON	1153	n/a	1	n/a	n/a	n/a	n/a	n/a
2081302	REC_WORD	wordpools/wasnorm_wordpool.txt	LTP150	ltpFR	16	3	0	CAPTAIN	239	n/a	1	n/a	n/a	n/a	n/a	n/a
2082524	REC_WORD	wordpools/wasnorm_wordpool.txt	LTP150	ltpFR	16	3	0	SHIP	1286	n/a	1	n/a	n/a	n/a	n/a	n/a
2083781	REC_WORD	wordpools/wasnorm_wordpool.txt	LTP150	ltpFR	16	3	0	ATMOSPHERE	54	n/a	1	n/a	n/a	n/a	n/a	n/a
2086510	REC_WORD	wordpools/wasnorm_wordpool.txt	LTP150	ltpFR	16	3	0	JEEP	753	n/a	1	n/a	n/a	n/a	n/a	n/a
2087777	REC_WORD	wordpools/wasnorm_wordpool.txt	LTP150	ltpFR	16	3	0	EARTH	515	n/a	1	n/a	n/a	n/a	n/a	n/a
2088935	REC_WORD	wordpools/wasnorm_wordpool.txt	LTP150	ltpFR	16	3	0	COLUMN	350	n/a	1	n/a	n/a	n/a	n/a	n/a
2091114	REC_WORD	wordpools/wasnorm_wordpool.txt	LTP150	ltpFR	16	3	0	CORAL	378	n/a	1	n/a	n/a	n/a	n/a	n/a
2114082	REC_WORD	wordpools/wasnorm_wordpool.txt	LTP150	ltpFR	16	3	0	BRACES	164	n/a	0	n/a	n/a	n/a	n/a	n/a
2115674	REC_WORD	wordpools/wasnorm_wordpool.txt	LTP150	ltpFR	16	3	0	SWORD	1423	n/a	1	n/a	n/a	n/a	n/a	n/a
2117455	REC_WORD	wordpools/wasnorm_wordpool.txt	LTP150	ltpFR	16	3	0	PENGUIN	1044	n/a	1	n/a	n/a	n/a	n/a	n/a
2145154	WORD	wordpools/wasnorm_wordpool.txt	LTP150	ltpFR	16	4	-1	ERASER	538	n/a	-1	1	1.0	1.0	upper	../fonts/Verdana.ttf
2149191	WORD	wordpools/wasnorm_wordpool.txt	LTP150	ltpFR	16	4	-1	BLACKBOARD	133	n/a	-1	1	1.0	1.0	upper	../fonts/Verdana.ttf
2153145	WORD	wordpools/wasnorm_wordpool.txt	LTP150	ltpFR	16	4	-1	SNORKEL	1336	n/a	-1	1	1.0	1.0	upper	../fonts/Verdana.ttf
2157007	WORD	wordpools/wasnorm_wordpool.txt	LTP150	ltpFR	16	4	-1	PLUM	1090	n/a	-1	1	1.0	1.0	upper	../fonts/Verdana.ttf
2161103	WORD	wordpools/wasnorm_wordpool.txt	LTP150	ltpFR	16	4	-1	VACUUM	1543	n/a	-1	1	1.0	1.0	upper	../fonts/Verdana.ttf
2165165	WORD	wordpools/wasnorm_wordpool.txt	LTP150	ltpFR	16	4	-1	SINK	1309	n/a	-1	1	1.0	1.0	upper	../fonts/Verdana.ttf
2169043	WORD	wordpools/wasnorm_wordpool.txt	LTP150	ltpFR	16	4	-1	LIVER	833	n/a	-1	1	1.0	1.0	upper	../fonts/Verdana.ttf
2173114	WORD	wordpools/wasnorm_wordpool.txt	LTP150	ltpFR	16	4	-1	GRILL	661	n/a	-1	1	1.0	1.0	upper	../fonts/Verdana.ttf
2177176	WORD	wordpools/wasnorm_wordpool.txt	LTP150	ltpFR	16	4	-1	TOOTH	1481	n/a	-1	1	1.0	1.0	upper	../fonts/Verdana.ttf
2181080	WORD	wordpools/wasnorm_wordpool.txt	LTP150	ltpFR	16	4	-1	DOUGHNUT	490	n/a	-1	1	1.0	1.0	upper	../fonts/Verdana.ttf
2185216	WORD	wordpools/wasnorm_wordpool.txt	LTP150	ltpFR	16	4	-1	CANE	231	n/a	-1	1	1.0	1.0	upper	../fonts/Verdana.ttf
2189245	WORD	wordpools/wasnorm_wordpool.txt	LTP150	ltpFR	16	4	-1	CAPTIVE	240	n/a	-1	1	1.0	1.0	upper	../fonts/Verdana.ttf
2193424	WORD	wordpools/wasnorm_wordpool.txt	LTP150	ltpFR	16	4	-1	HEAD	695	n/a	-1	1	1.0	1.0	upper	../fonts/Verdana.ttf
2197311	WORD	wordpools/wasnorm_wordpool.txt	LTP150	ltpFR	16	4	-1	KNIGHT	786	n/a	-1	1	1.0	1.0	upper	../fonts/Verdana.ttf
2201481	WORD	wordpools/wasnorm_wordpool.txt	LTP150	ltpFR	16	4	-1	TEA	1439	n/a	-1	1	1.0	1.0	upper	../fonts/Verdana.ttf
2205410	WORD	wordpools/wasnorm_wordpool.txt	LTP150	ltpFR	16	4	-1	CITRUS	313	n/a	-1	1	1.0	1.0	upper	../fonts/Verdana.ttf
2211029	REC_START	n/a	LTP150	ltpFR	16	4	n/a	n/a	n/a	n/a	n/a	n/a	n/a	n/a	n/a	n/a
2212146	REC_WORD	wordpools/wasnorm_wordpool.txt	LTP150	ltpFR	16	4	-1	KNIGHT	786	n/a	-1	n/a	n/a	n/a	n/a	n/a
2213189	REC_WORD	wordpools/wasnorm_wordpool.txt	LTP150	ltpFR	16	4	-1	TEA	1439	n/a	-1	n/a	n/a	n/a	n/a	n/a
2214271	REC_WORD	wordpools/wasnorm_wordpool.txt	LTP150	ltpFR	16	4	-1	CITRUS	313	n/a	-1	n/a	n/a	n/a	n/a	n/a
2218148	REC_WORD	wordpools/wasnorm_wordpool.txt	LTP150	ltpFR	16	4	-1	ERASER	538	n/a	-1	n/a	n/a	n/a	n/a	n/a
2219430	REC_WORD	wordpools/wasnorm_wordpool.txt	LTP150	ltpFR	16	4	-1	BLACKBOARD	133	n/a	-1	n/a	n/a	n/a	n/a	n/a
2220747	REC_WORD	wordpools/wasnorm_wordpool.txt	LTP150	ltpFR	16	4	-1	SNORKEL	1336	n/a	-1	n/a	n/a	n/a	n/a	n/a
2222203	REC_WORD	wordpools/wasnorm_wordpool.txt	LTP150	ltpFR	16	4	-1	PLUM	1090	n/a	-1	n/a	n/a	n/a	n/a	n/a
2223366	REC_WORD	wordpools/wasnorm_wordpool.txt	LTP150	ltpFR	16	4	-1	SINK	1309	n/a	-1	n/a	n/a	n/a	n/a	n/a
2226189	REC_WORD	wordpools/wasnorm_wordpool.txt	LTP150	ltpFR	16	4	-1	LIVER	833	n/a	-1	n/a	n/a	n/a	n/a	n/a
2227601	REC_WORD	wordpools/wasnorm_wordpool.txt	LTP150	ltpFR	16	4	-1	GRILL	661	n/a	-1	n/a	n/a	n/a	n/a	n/a
2231312	REC_WORD	wordpools/wasnorm_wordpool.txt	LTP150	ltpFR	16	4	-1	TOOTH	1481	n/a	-1	n/a	n/a	n/a	n/a	n/a
2233947	REC_WORD	wordpools/wasnorm_wordpool.txt	LTP150	ltpFR	16	4	-1	DOUGHNUT	490	n/a	-1	n/a	n/a	n/a	n/a	n/a
2235768	REC_WORD	wordpools/wasnorm_wordpool.txt	LTP150	ltpFR	16	4	-1	CANE	231	n/a	-1	n/a	n/a	n/a	n/a	n/a
2238436	REC_WORD	wordpools/wasnorm_wordpool.txt	LTP150	ltpFR	16	4	-1	HEAD	695	n/a	-1	n/a	n/a	n/a	n/a	n/a
2291085	WORD	wordpools/wasnorm_wordpool.txt	LTP150	ltpFR	16	5	1	ARTIST	43	n/a	1	1	0.412841796875	0.57763671875	upper	../fonts/amplitud.ttf
2295014	WORD	wordpools/wasnorm_wordpool.txt	LTP150	ltpFR	16	5	1	ZOO	1637	n/a	0	1	0.412841796875	0.57763671875	upper	../fonts/amplitud.ttf
2298936	WORD	wordpools/wasnorm_wordpool.txt	LTP150	ltpFR	16	5	1	OTTER	986	n/a	1	1	0.412841796875	0.57763671875	upper	../fonts/amplitud.ttf
2302773	WORD	wordpools/wasnorm_wordpool.txt	LTP150	ltpFR	16	5	1	MAGICIAN	854	n/a	1	1	0.412841796875	0.57763671875	upper	../fonts/amplitud.ttf
2306609	WORD	wordpools/wasnorm_wordpool.txt	LTP150	ltpFR	16	5	1	NECKLACE	940	n/a	0	1	0.412841796875	0.57763671875	upper	../fonts/amplitud.ttf
2310671	WORD	wordpools/wasnorm_wordpool.txt	LTP150	ltpFR	16	5	1	MALL	860	n/a	0	1	0.412841796875	0.57763671875	upper	../fonts/amplitud.ttf
2314691	WORD	wordpools/wasnorm_wordpool.txt	LTP150	ltpFR	16	5	1	CRUTCH	417	n/a	0	1	0.412841796875	0.57763671875	upper	../fonts/amplitud.ttf
2318520	WORD	wordpools/wasnorm_wordpool.txt	LTP150	ltpFR	16	5	1	PATROL	1027	n/a	1	1	0.412841796875	0.57763671875	upper	../fonts/amplitud.ttf
2322574	WORD	wordpools/wasnorm_wordpool.txt	LTP150	ltpFR	16	5	1	CROOK	412	n/a	1	1	0.412841796875	0.57763671875	upper	../fonts/amplitud.ttf
2326653	WORD	wordpools/wasnorm_wordpool.txt	LTP150	ltpFR	16	5	1	RICE	1190	n/a	1	1	0.412841796875	0.57763671875	upper	../fonts/amplitud.ttf
2330706	WORD	wordpools/wasnorm_wordpool.txt	LTP150	ltpFR	16	5	1	OREGANO	983	n/a	1	1	0.412841796875	0.57763671875	upper	../fonts/amplitud.ttf
2334593	WORD	wordpools/wasnorm_wordpool.txt	LTP150	ltpFR	16	5	1	SPY	1360	n/a	1	1	0.412841796875	0.57763671875	upper	../fonts/amplitud.ttf
2338522	WORD	wordpools/wasnorm_wordpool.txt	LTP150	ltpFR	16	5	1	PAINTING	1005	n/a	0	1	0.412841796875	0.57763671875	upper	../fonts/amplitud.ttf
2342434	WORD	wordpools/wasnorm_wordpool.txt	LTP150	ltpFR	16	5	1	HIP	710	n/a	0	1	0.412841796875	0.57763671875	upper	../fonts/amplitud.ttf
2346263	WORD	wordpools/wasnorm_wordpool.txt	LTP150	ltpFR	16	5	1	PUCK	1138	n/a	0	1	0.412841796875	0.57763671875	upper	../fonts/amplitud.ttf
2350217	WORD	wordpools/wasnorm_wordpool.txt	LTP150	ltpFR	16	5	1	CUE	422	n/a	0	1	0.412841796875	0.57763671875	upper	../fonts/amplitud.ttf
2355971	REC_START	n/a	LTP150	ltpFR	16	5	n/a	n/a	n/a	n/a	n/a	n/a	n/a	n/a	n/a	n/a
2356774	REC_WORD	wordpools/wasnorm_wordpool.txt	LTP150	ltpFR	16	5	1	SPY	1360	n/a	1	n/a	n/a	n/a	n/a	n/a
2358056	REC_WORD	wordpools/wasnorm_wordpool.txt	LTP150	ltpFR	16	5	1	PAINTING	1005	n/a	0	n/a	n/a	n/a	n/a	n/a
2359298	REC_WORD	wordpools/wasnorm_wordpool.txt	LTP150	ltpFR	16	5	1	HIP	710	n/a	0	n/a	n/a	n/a	n/a	n/a
2360740	REC_WORD	wordpools/wasnorm_wordpool.txt	LTP150	ltpFR	16	5	1	CUE	422	n/a	0	n/a	n/a	n/a	n/a	n/a
2365404	REC_WORD	wordpools/wasnorm_wordpool.txt	LTP150	ltpFR	16	5	1	PUCK	1138	n/a	0	n/a	n/a	n/a	n/a	n/a
2371954	REC_WORD	wordpools/wasnorm_wordpool.txt	LTP150	ltpFR	16	5	1	ARTIST	43	n/a	1	n/a	n/a	n/a	n/a	n/a
2373606	REC_WORD	wordpools/wasnorm_wordpool.txt	LTP150	ltpFR	16	5	1	ZOO	1637	n/a	0	n/a	n/a	n/a	n/a	n/a
2375267	REC_WORD	wordpools/wasnorm_wordpool.txt	LTP150	ltpFR	16	5	1	OTTER	986	n/a	1	n/a	n/a	n/a	n/a	n/a
2376529	REC_WORD	wordpools/wasnorm_wordpool.txt	LTP150	ltpFR	16	5	1	MAGICIAN	854	n/a	1	n/a	n/a	n/a	n/a	n/a
2378115	REC_WORD	wordpools/wasnorm_wordpool.txt	LTP150	ltpFR	16	5	1	MALL	860	n/a	0	n/a	n/a	n/a	n/a	n/a
2379687	REC_WORD	wordpools/wasnorm_wordpool.txt	LTP150	ltpFR	16	5	1	NECKLACE	940	n/a	0	n/a	n/a	n/a	n/a	n/a
2383298	REC_WORD	wordpools/wasnorm_wordpool.txt	LTP150	ltpFR	16	5	1	PATROL	1027	n/a	1	n/a	n/a	n/a	n/a	n/a
2389969	REC_WORD	wordpools/wasnorm_wordpool.txt	LTP150	ltpFR	16	5	1	CROOK	412	n/a	1	n/a	n/a	n/a	n/a	n/a
2394159	REC_WORD	wordpools/wasnorm_wordpool.txt	LTP150	ltpFR	16	5	1	RICE	1190	n/a	1	n/a	n/a	n/a	n/a	n/a
2397287	REC_WORD	wordpools/wasnorm_wordpool.txt	LTP150	ltpFR	16	5	1	OREGANO	983	n/a	1	n/a	n/a	n/a	n/a	n/a
2404440	REC_WORD	wordpools/wasnorm_wordpool.txt	LTP150	ltpFR	16	5	1	MAGICIAN	854	n/a	1	n/a	n/a	n/a	n/a	n/a
2433821	WORD	wordpools/wasnorm_wordpool.txt	LTP150	ltpFR	16	6	1	WINGS	1614	n/a	0	1	0.412841796875	0.57763671875	upper	../fonts/amplitud.ttf
2437724	WORD	wordpools/wasnorm_wordpool.txt	LTP150	ltpFR	16	6	1	BATTERY	101	n/a	0	1	0.412841796875	0.57763671875	upper	../fonts/amplitud.ttf
2441678	WORD	wordpools/wasnorm_wordpool.txt	LTP150	ltpFR	16	6	1	HEATER	698	n/a	0	1	0.412841796875	0.57763671875	upper	../fonts/amplitud.ttf
2445731	WORD	wordpools/wasnorm_wordpool.txt	LTP150	ltpFR	16	6	0	HAYSTACK	694	n/a	1	0	0.5869140625	0.422607421875	lower	../fonts/zerothre.ttf
2449560	WORD	wordpools/wasnorm_wordpool.txt	LTP150	ltpFR	16	6	0	STABLE	1363	n/a	1	0	0.5869140625	0.422607421875	lower	../fonts/zerothre.ttf
2453672	WORD	wordpools/wasnorm_wordpool.txt	LTP150	ltpFR	16	6	0	CRIB	407	n/a	1	0	0.5869140625	0.422607421875	lower	../fonts/zerothre.ttf
2457601	WORD	wordpools/wasnorm_wordpool.txt	LTP150	ltpFR	16	6	1	CAULIFLOWER	262	n/a	1	1	0.412841796875	0.57763671875	upper	../fonts/amplitud.ttf
2461688	WORD	wordpools/wasnorm_wordpool.txt	LTP150	ltpFR	16	6	1	BLANKET	135	n/a	0	1	0.412841796875	0.57763671875	upper	../fonts/amplitud.ttf
2465759	WORD	wordpools/wasnorm_wordpool.txt	LTP150	ltpFR	16	6	1	DONOR	485	n/a	1	1	0.412841796875	0.57763671875	upper	../fonts/amplitud.ttf
2469804	WORD	wordpools/wasnorm_wordpool.txt	LTP150	ltpFR	16	6	0	FOX	598	n/a	1	0	0.5869140625	0.422607421875	lower	../fonts/zerothre.ttf
2473682	WORD	wordpools/wasnorm_wordpool.txt	LTP150	ltpFR	16	6	0	COYOTE	396	n/a	1	0	0.5869140625	0.422607421875	lower	../fonts/zerothre.ttf
2477711	WORD	wordpools/wasnorm_wordpool.txt	LTP150	ltpFR	16	6	0	INFANT	737	n/a	1	0	0.5869140625	0.422607421875	lower	../fonts/zerothre.ttf
2481757	WORD	wordpools/wasnorm_wordpool.txt	LTP150	ltpFR	16	6	0	FARMER	553	n/a	1	0	0.5869140625	0.422607421875	lower	../fonts/zerothre.ttf
2485878	WORD	wordpools/wasnorm_wordpool.txt	LTP150	ltpFR	16	6	0	HAIL	676	n/a	0	0	0.5869140625	0.422607421875	lower	../fonts/zerothre.ttf
2489831	WORD	wordpools/wasnorm_wordpool.txt	LTP150	ltpFR	16	6	1	WAITER	1580	n/a	1	1	0.412841796875	0.57763671875	upper	../fonts/amplitud.ttf
2493927	WORD	wordpools/wasnorm_wordpool.txt	LTP150	ltpFR	16	6	1	SERVER	1272	n/a	1	1	0.412841796875	0.57763671875	upper	../fonts/amplitud.ttf
2499536	REC_START	n/a	LTP150	ltpFR	16	6	n/a	n/a	n/a	n/a	n/a	n/a	n/a	n/a	n/a	n/a
2500284	REC_WORD	wordpools/wasnorm_wordpool.txt	LTP150	ltpFR	16	6	0	HAIL	676	n/a	0	n/a	n/a	n/a	n/a	n/a
2501392	REC_WORD	wordpools/wasnorm_wordpool.txt	LTP150	ltpFR	16	6	1	WAITER	1580	n/a	1	n/a	n/a	n/a	n/a	n/a
2502669	REC_WORD	wordpools/wasnorm_wordpool.txt	LTP150	ltpFR	16	6	1	SERVER	1272	n/a	1	n/a	n/a	n/a	n/a	n/a
2506400	REC_WORD	wordpools/wasnorm_wordpool.txt	LTP150	ltpFR	16	6	1	WINGS	1614	n/a	0	n/a	n/a	n/a	n/a	n/a
2507637	REC_WORD	wordpools/wasnorm_wordpool.txt	LTP150	ltpFR	16	6	1	BATTERY	101	n/a	0	n/a	n/a	n/a	n/a	n/a
2508730	REC_WORD	wordpools/wasnorm_wordpool.txt	LTP150	ltpFR	16	6	1	HEATER	698	n/a	0	n/a	n/a	n/a	n/a	n/a
2513060	REC_WORD	wordpools/wasnorm_wordpool.txt	LTP150	ltpFR	16	6	0	HAYSTACK	694	n/a	1	n/a	n/a	n/a	n/a	n/a
2517560	REC_WORD	wordpools/wasnorm_wordpool.txt	LTP150	ltpFR	16	6	n/a	BARN	89	n/a	n/a	n/a	n/a	n/a	n/a	n/a
2519894	REC_WORD_VV	wordpools/wasnorm_wordpool.txt	LTP150	ltpFR	16	6	n/a	<>	-1	n/a	n/a	n/a	n/a	n/a	n/a	n/a
2522319	REC_WORD	wordpools/wasnorm_wordpool.txt	LTP150	ltpFR	16	6	0	STABLE	1363	n/a	1	n/a	n/a	n/a	n/a	n/a
2526280	REC_WORD	wordpools/wasnorm_wordpool.txt	LTP150	ltpFR	16	6	0	CRIB	407	n/a	1	n/a	n/a	n/a	n/a	n/a
2527597	REC_WORD	wordpools/wasnorm_wordpool.txt	LTP150	ltpFR	16	6	1	CAULIFLOWER	262	n/a	1	n/a	n/a	n/a	n/a	n/a
2529378	REC_WORD	wordpools/wasnorm_wordpool.txt	LTP150	ltpFR	16	6	1	BLANKET	135	n/a	0	n/a	n/a	n/a	n/a	n/a
2531059	REC_WORD	wordpools/wasnorm_wordpool.txt	LTP150	ltpFR	16	6	1	DONOR	485	n/a	1	n/a	n/a	n/a	n/a	n/a
2535050	REC_WORD	wordpools/wasnorm_wordpool.txt	LTP150	ltpFR	16	6	0	FOX	598	n/a	1	n/a	n/a	n/a	n/a	n/a
2536437	REC_WORD	wordpools/wasnorm_wordpool.txt	LTP150	ltpFR	16	6	0	COYOTE	396	n/a	1	n/a	n/a	n/a	n/a	n/a
2539330	REC_WORD	wordpools/wasnorm_wordpool.txt	LTP150	ltpFR	16	6	0	INFANT	737	n/a	1	n/a	n/a	n/a	n/a	n/a
2540173	REC_WORD	wordpools/wasnorm_wordpool.txt	LTP150	ltpFR	16	6	0	FARMER	553	n/a	1	n/a	n/a	n/a	n/a	n/a
2577763	WORD	wordpools/wasnorm_wordpool.txt	LTP150	ltpFR	16	7	0	PUDDLE	1140	n/a	0	0	0.5869140625	0.422607421875	lower	../fonts/zerothre.ttf
2581599	WORD	wordpools/wasnorm_wordpool.txt	LTP150	ltpFR	16	7	0	DIVER	476	n/a	1	0	0.5869140625	0.422607421875	lower	../fonts/zerothre.ttf
2585569	WORD	wordpools/wasnorm_wordpool.txt	LTP150	ltpFR	16	7	0	CORPORATION	382	n/a	1	0	0.5869140625	0.422607421875	lower	../fonts/zerothre.ttf
2589432	WORD	wordpools/wasnorm_wordpool.txt	LTP150	ltpFR	16	7	0	COIN	343	n/a	0	0	0.5869140625	0.422607421875	lower	../fonts/zerothre.ttf
2593277	WORD	wordpools/wasnorm_wordpool.txt	LTP150	ltpFR	16	7	0	HUT	729	n/a	1	0	0.5869140625	0.422607421875	lower	../fonts/zerothre.ttf
2597389	WORD	wordpools/wasnorm_wordpool.txt	LTP150	ltpFR	16	7	0	DRYER	503	n/a	1	0	0.5869140625	0.422607421875	lower	../fonts/zerothre.ttf
2601459	WORD	wordpools/wasnorm_wordpool.txt	LTP150	ltpFR	16	7	0	BUGGY	188	n/a	1	0	0.5869140625	0.422607421875	lower	../fonts/zerothre.ttf
2605438	WORD	wordpools/wasnorm_wordpool.txt	LTP150	ltpFR	16	7	0	TULIP	1517	n/a	0	0	0.5869140625	0.422607421875	lower	../fonts/zerothre.ttf
2609442	WORD	wordpools/wasnorm_wordpool.txt	LTP150	ltpFR	16	7	0	SHORTCAKE	1292	n/a	0	0	0.5869140625	0.422607421875	lower	../fonts/zerothre.ttf
2613362	WORD	wordpools/wasnorm_wordpool.txt	LTP150	ltpFR	16	7	0	ANCESTOR	20	n/a	1	0	0.5869140625	0.422607421875	lower	../fonts/zerothre.ttf
2617208	WORD	wordpools/wasnorm_wordpool.txt	LTP150	ltpFR	16	7	0	BROTHER	179	n/a	1	0	0.5869140625	0.422607421875	lower	../fonts/zerothre.ttf
2621062	WORD	wordpools/wasnorm_wordpool.txt	LTP150	ltpFR	16	7	0	GARAGE	621	n/a	1	0	0.5869140625	0.422607421875	lower	../fonts/zerothre.ttf
2625265	WORD	wordpools/wasnorm_wordpool.txt	LTP150	ltpFR	16	7	0	SEAL	1262	n/a	1	0	0.5869140625	0.422607421875	lower	../fonts/zerothre.ttf
2629161	WORD	wordpools/wasnorm_wordpool.txt	LTP150	ltpFR	16	7	0	SEAFOOD	1260	n/a	1	0	0.5869140625	0.422607421875	lower	../fonts/zerothre.ttf
2633206	WORD	wordpools/wasnorm_wordpool.txt	LTP150	ltpFR	16	7	0	SEED	1266	n/a	0	0	0.5869140625	0.422607421875	lower	../fonts/zerothre.ttf
2637409	WORD	wordpools/wasnorm_wordpool.txt	LTP150	ltpFR	16	7	0	PRIMATE	1123	n/a	1	0	0.5869140625	0.422607421875	lower	../fonts/zerothre.ttf
2643228	REC_START	n/a	LTP150	ltpFR	16	7	n/a	n/a	n/a	n/a	n/a	n/a	n/a	n/a	n/a	n/a
2643981	REC_WORD	wordpools/wasnorm_wordpool.txt	LTP150	ltpFR	16	7	0	SEED	1266	n/a	0	n/a	n/a	n/a	n/a	n/a
2645428	REC_WORD	wordpools/wasnorm_wordpool.txt	LTP150	ltpFR	16	7	0	PRIMATE	1123	n/a	1	n/a	n/a	n/a	n/a	n/a
2648610	REC_WORD	wordpools/wasnorm_wordpool.txt	LTP150	ltpFR	16	7	0	PUDDLE	1140	n/a	0	n/a	n/a	n/a	n/a	n/a
2649758	REC_WORD	wordpools/wasnorm_wordpool.txt	LTP150	ltpFR	16	7	0	DIVER	476	n/a	1	n/a	n/a	n/a	n/a	n/a
2651917	REC_WORD	wordpools/wasnorm_wordpool.txt	LTP150	ltpFR	16	7	0	CORPORATION	382	n/a	1	n/a	n/a	n/a	n/a	n/a
2653704	REC_WORD	wordpools/wasnorm_wordpool.txt	LTP150	ltpFR	16	7	0	COIN	343	n/a	0	n/a	n/a	n/a	n/a	n/a
2655569	REC_WORD	wordpools/wasnorm_wordpool.txt	LTP150	ltpFR	16	7	0	HUT	729	n/a	1	n/a	n/a	n/a	n/a	n/a
2665986	REC_WORD	wordpools/wasnorm_wordpool.txt	LTP150	ltpFR	16	7	0	DRYER	503	n/a	1	n/a	n/a	n/a	n/a	n/a
2668445	REC_WORD	wordpools/wasnorm_wordpool.txt	LTP150	ltpFR	16	7	0	BUGGY	188	n/a	1	n/a	n/a	n/a	n/a	n/a
2670755	REC_WORD	wordpools/wasnorm_wordpool.txt	LTP150	ltpFR	16	7	0	TULIP	1517	n/a	0	n/a	n/a	n/a	n/a	n/a
2673120	REC_WORD	wordpools/wasnorm_wordpool.txt	LTP150	ltpFR	16	7	0	SHORTCAKE	1292	n/a	0	n/a	n/a	n/a	n/a	n/a
2675325	REC_WORD	wordpools/wasnorm_wordpool.txt	LTP150	ltpFR	16	7	0	ANCESTOR	20	n/a	1	n/a	n/a	n/a	n/a	n/a
2677809	REC_WORD	wordpools/wasnorm_wordpool.txt	LTP150	ltpFR	16	7	0	BROTHER	179	n/a	1	n/a	n/a	n/a	n/a	n/a
2687497	REC_WORD	wordpools/wasnorm_wordpool.txt	LTP150	ltpFR	16	7	0	ANCESTOR	20	n/a	1	n/a	n/a	n/a	n/a	n/a
2708450	REC_WORD	wordpools/wasnorm_wordpool.txt	LTP150	ltpFR	16	7	0	GARAGE	621	n/a	1	n/a	n/a	n/a	n/a	n/a
2710295	REC_WORD	wordpools/wasnorm_wordpool.txt	LTP150	ltpFR	16	7	0	SEAL	1262	n/a	1	n/a	n/a	n/a	n/a	n/a
2711542	REC_WORD	wordpools/wasnorm_wordpool.txt	LTP150	ltpFR	16	7	0	SEAFOOD	1260	n/a	1	n/a	n/a	n/a	n/a	n/a
2714256	REC_WORD	wordpools/wasnorm_wordpool.txt	LTP150	ltpFR	16	7	0	SEED	1266	n/a	0	n/a	n/a	n/a	n/a	n/a
2715858	REC_WORD	wordpools/wasnorm_wordpool.txt	LTP150	ltpFR	16	7	0	PRIMATE	1123	n/a	1	n/a	n/a	n/a	n/a	n/a
2721395	WORD	wordpools/wasnorm_wordpool.txt	LTP150	ltpFR	16	8	1	STOMACH	1384	n/a	0	1	0.412841796875	0.57763671875	upper	../fonts/amplitud.ttf
2725574	WORD	wordpools/wasnorm_wordpool.txt	LTP150	ltpFR	16	8	1	RELATIVE	1182	n/a	1	1	0.412841796875	0.57763671875	upper	../fonts/amplitud.ttf
2729553	WORD	wordpools/wasnorm_wordpool.txt	LTP150	ltpFR	16	8	1	VILLAGE	1566	n/a	0	1	0.412841796875	0.57763671875	upper	../fonts/amplitud.ttf
2733640	WORD	wordpools/wasnorm_wordpool.txt	LTP150	ltpFR	16	8	1	SUPPER	1411	n/a	0	1	0.412841796875	0.57763671875	upper	../fonts/amplitud.ttf
2737777	WORD	wordpools/wasnorm_wordpool.txt	LTP150	ltpFR	16	8	1	AUNT	60	n/a	1	1	0.412841796875	0.57763671875	upper	../fonts/amplitud.ttf
2741964	WORD	wordpools/wasnorm_wordpool.txt	LTP150	ltpFR	16	8	1	JURY	766	n/a	1	1	0.412841796875	0.57763671875	upper	../fonts/amplitud.ttf
2746042	WORD	wordpools/wasnorm_wordpool.txt	LTP150	ltpFR	16	8	1	TRASH	1497	n/a	0	1	0.412841796875	0.57763671875	upper	../fonts/amplitud.ttf
2749897	WORD	wordpools/wasnorm_wordpool.txt	LTP150	ltpFR	16	8	1	LITTER	832	n/a	0	1	0.412841796875	0.57763671875	upper	../fonts/amplitud.ttf
2754099	WORD	wordpools/wasnorm_wordpool.txt	LTP150	ltpFR	16	8	1	PITCHFORK	1078	n/a	0	1	0.412841796875	0.57763671875	upper	../fonts/amplitud.ttf
2757946	WORD	wordpools/wasnorm_wordpool.txt	LTP150	ltpFR	16	8	1	GUARDIAN	668	n/a	1	1	0.412841796875	0.57763671875	upper	../fonts/amplitud.ttf
2762007	WORD	wordpools/wasnorm_wordpool.txt	LTP150	ltpFR	16	8	1	COUNTY	389	n/a	0	1	0.412841796875	0.57763671875	upper	../fonts/amplitud.ttf
2766035	WORD	wordpools/wasnorm_wordpool.txt	LTP150	ltpFR	16	8	1	LANDSCAPE	799	n/a	0	1	0.412841796875	0.57763671875	upper	../fonts/amplitud.ttf
2769974	WORD	wordpools/wasnorm_wordpool.txt	LTP150	ltpFR	16	8	1	LIGHTER	819	n/a	0	1	0.412841796875	0.57763671875	upper	../fonts/amplitud.ttf
2773869	WORD	wordpools/wasnorm_wordpool.txt	LTP150	ltpFR	16	8	1	ROCK	1201	n/a	0	1	0.412841796875	0.57763671875	upper	../fonts/amplitud.ttf
2777906	WORD	wordpools/wasnorm_wordpool.txt	LTP150	ltpFR	16	8	1	SUN	1406	n/a	0	1	0.412841796875	0.57763671875	upper	../fonts/amplitud.ttf
2782025	WORD	wordpools/wasnorm_wordpool.txt	LTP150	ltpFR	16	8	1	RAISIN	1163	n/a	0	1	0.412841796875	0.57763671875	upper	../fonts/amplitud.ttf
2787878	REC_START	n/a	LTP150	ltpFR	16	8	n/a	n/a	n/a	n/a	n/a	n/a	n/a	n/a	n/a	n/a
2788596	REC_WORD	wordpools/wasnorm_wordpool.txt	LTP150	ltpFR	16	8	1	ROCK	1201	n/a	0	n/a	n/a	n/a	n/a	n/a
2789604	REC_WORD	wordpools/wasnorm_wordpool.txt	LTP150	ltpFR	16	8	1	SUN	1406	n/a	0	n/a	n/a	n/a	n/a	n/a
2791205	REC_WORD	wordpools/wasnorm_wordpool.txt	LTP150	ltpFR	16	8	1	RAISIN	1163	n/a	0	n/a	n/a	n/a	n/a	n/a
2793170	REC_WORD	wordpools/wasnorm_wordpool.txt	LTP150	ltpFR	16	8	1	STOMACH	1384	n/a	0	n/a	n/a	n/a	n/a	n/a
2795331	REC_WORD	wordpools/wasnorm_wordpool.txt	LTP150	ltpFR	16	8	1	RELATIVE	1182	n/a	1	n/a	n/a	n/a	n/a	n/a
2797316	REC_WORD	wordpools/wasnorm_wordpool.txt	LTP150	ltpFR	16	8	1	VILLAGE	1566	n/a	0	n/a	n/a	n/a	n/a	n/a
2800973	REC_WORD	wordpools/wasnorm_wordpool.txt	LTP150	ltpFR	16	8	1	SUPPER	1411	n/a	0	n/a	n/a	n/a	n/a	n/a
2802824	REC_WORD	wordpools/wasnorm_wordpool.txt	LTP150	ltpFR	16	8	1	AUNT	60	n/a	1	n/a	n/a	n/a	n/a	n/a
2804510	REC_WORD	wordpools/wasnorm_wordpool.txt	LTP150	ltpFR	16	8	1	JURY	766	n/a	1	n/a	n/a	n/a	n/a	n/a
2807473	REC_WORD	wordpools/wasnorm_wordpool.txt	LTP150	ltpFR	16	8	1	TRASH	1497	n/a	0	n/a	n/a	n/a	n/a	n/a
2809089	REC_WORD	wordpools/wasnorm_wordpool.txt	LTP150	ltpFR	16	8	1	LITTER	832	n/a	0	n/a	n/a	n/a	n/a	n/a
2811634	REC_WORD	wordpools/wasnorm_wordpool.txt	LTP150	ltpFR	16	8	1	PITCHFORK	1078	n/a	0	n/a	n/a	n/a	n/a	n/a
2814961	REC_WORD	wordpools/wasnorm_wordpool.txt	LTP150	ltpFR	16	8	1	GUARDIAN	668	n/a	1	n/a	n/a	n/a	n/a	n/a
2815859	REC_WORD_VV	wordpools/wasnorm_wordpool.txt	LTP150	ltpFR	16	8	n/a	<>	-1	n/a	n/a	n/a	n/a	n/a	n/a	n/a
2825168	REC_WORD	wordpools/wasnorm_wordpool.txt	LTP150	ltpFR	16	8	1	ROCK	1201	n/a	0	n/a	n/a	n/a	n/a	n/a
2829668	REC_WORD	wordpools/wasnorm_wordpool.txt	LTP150	ltpFR	16	8	1	LIGHTER	819	n/a	0	n/a	n/a	n/a	n/a	n/a
2839091	REC_WORD	wordpools/wasnorm_wordpool.txt	LTP150	ltpFR	16	8	1	SUN	1406	n/a	0	n/a	n/a	n/a	n/a	n/a
2842359	REC_WORD	wordpools/wasnorm_wordpool.txt	LTP150	ltpFR	16	8	1	RAISIN	1163	n/a	0	n/a	n/a	n/a	n/a	n/a
2852122	REC_WORD	wordpools/wasnorm_wordpool.txt	LTP150	ltpFR	16	8	1	COUNTY	389	n/a	0	n/a	n/a	n/a	n/a	n/a
2854402	REC_WORD	wordpools/wasnorm_wordpool.txt	LTP150	ltpFR	16	8	1	LANDSCAPE	799	n/a	0	n/a	n/a	n/a	n/a	n/a
2866136	WORD	wordpools/wasnorm_wordpool.txt	LTP150	ltpFR	16	9	0	BUBBLE	183	n/a	0	0	0.5869140625	0.422607421875	lower	../fonts/zerothre.ttf
2870206	WORD	wordpools/wasnorm_wordpool.txt	LTP150	ltpFR	16	9	0	JAW	751	n/a	0	0	0.5869140625	0.422607421875	lower	../fonts/zerothre.ttf
2874393	WORD	wordpools/wasnorm_wordpool.txt	LTP150	ltpFR	16	9	0	BASKETBALL	96	n/a	1	0	0.5869140625	0.422607421875	lower	../fonts/zerothre.ttf
2878364	WORD	wordpools/wasnorm_wordpool.txt	LTP150	ltpFR	16	9	0	WIFE	1609	n/a	1	0	0.5869140625	0.422607421875	lower	../fonts/zerothre.ttf
2882534	WORD	wordpools/wasnorm_wordpool.txt	LTP150	ltpFR	16	9	1	SERPENT	1270	n/a	1	1	0.412841796875	0.57763671875	upper	../fonts/amplitud.ttf
2886471	WORD	wordpools/wasnorm_wordpool.txt	LTP150	ltpFR	16	9	1	PECAN	1036	n/a	0	1	0.412841796875	0.57763671875	upper	../fonts/amplitud.ttf
2890450	WORD	wordpools/wasnorm_wordpool.txt	LTP150	ltpFR	16	9	1	PRUNE	1134	n/a	1	1	0.412841796875	0.57763671875	upper	../fonts/amplitud.ttf
2894295	WORD	wordpools/wasnorm_wordpool.txt	LTP150	ltpFR	16	9	1	BASEMENT	94	n/a	0	1	0.412841796875	0.57763671875	upper	../fonts/amplitud.ttf
2898457	WORD	wordpools/wasnorm_wordpool.txt	LTP150	ltpFR	16	9	1	BOLT	146	n/a	0	1	0.412841796875	0.57763671875	upper	../fonts/amplitud.ttf
2902660	WORD	wordpools/wasnorm_wordpool.txt	LTP150	ltpFR	16	9	1	FORT	595	n/a	0	1	0.412841796875	0.57763671875	upper	../fonts/amplitud.ttf
2906681	WORD	wordpools/wasnorm_wordpool.txt	LTP150	ltpFR	16	9	0	SIDING	1304	n/a	1	0	0.5869140625	0.422607421875	lower	../fonts/zerothre.ttf
2910844	WORD	wordpools/wasnorm_wordpool.txt	LTP150	ltpFR	16	9	0	COBBLER	335	n/a	0	0	0.5869140625	0.422607421875	lower	../fonts/zerothre.ttf
2914914	WORD	wordpools/wasnorm_wordpool.txt	LTP150	ltpFR	16	9	1	PEAR	1033	n/a	1	1	0.412841796875	0.57763671875	upper	../fonts/amplitud.ttf
2918959	WORD	wordpools/wasnorm_wordpool.txt	LTP150	ltpFR	16	9	1	COLONEL	348	n/a	1	1	0.412841796875	0.57763671875	upper	../fonts/amplitud.ttf
2923112	WORD	wordpools/wasnorm_wordpool.txt	LTP150	ltpFR	16	9	0	ESSAY	540	n/a	0	0	0.5869140625	0.422607421875	lower	../fonts/zerothre.ttf
2927299	WORD	wordpools/wasnorm_wordpool.txt	LTP150	ltpFR	16	9	0	BINDER	127	n/a	0	0	0.5869140625	0.422607421875	lower	../fonts/zerothre.ttf
2932977	REC_START	n/a	LTP150	ltpFR	16	9	n/a	n/a	n/a	n/a	n/a	n/a	n/a	n/a	n/a	n/a
2934134	REC_WORD	wordpools/wasnorm_wordpool.txt	LTP150	ltpFR	16	9	1	PEAR	1033	n/a	1	n/a	n/a	n/a	n/a	n/a
2935341	REC_WORD	wordpools/wasnorm_wordpool.txt	LTP150	ltpFR	16	9	0	COBBLER	335	n/a	0	n/a	n/a	n/a	n/a	n/a
2937940	REC_WORD	wordpools/wasnorm_wordpool.txt	LTP150	ltpFR	16	9	1	COLONEL	348	n/a	1	n/a	n/a	n/a	n/a	n/a
2941901	REC_WORD	wordpools/wasnorm_wordpool.txt	LTP150	ltpFR	16	9	0	ESSAY	540	n/a	0	n/a	n/a	n/a	n/a	n/a
2943129	REC_WORD	wordpools/wasnorm_wordpool.txt	LTP150	ltpFR	16	9	0	BINDER	127	n/a	0	n/a	n/a	n/a	n/a	n/a
2959681	REC_WORD	wordpools/wasnorm_wordpool.txt	LTP150	ltpFR	16	9	0	WIFE	1609	n/a	1	n/a	n/a	n/a	n/a	n/a
2960589	REC_WORD	wordpools/wasnorm_wordpool.txt	LTP150	ltpFR	16	9	1	SERPENT	1270	n/a	1	n/a	n/a	n/a	n/a	n/a
2962515	REC_WORD	wordpools/wasnorm_wordpool.txt	LTP150	ltpFR	16	9	1	BASEMENT	94	n/a	0	n/a	n/a	n/a	n/a	n/a
2964076	REC_WORD	wordpools/wasnorm_wordpool.txt	LTP150	ltpFR	16	9	1	PECAN	1036	n/a	0	n/a	n/a	n/a	n/a	n/a
2965503	REC_WORD	wordpools/wasnorm_wordpool.txt	LTP150	ltpFR	16	9	1	PRUNE	1134	n/a	1	n/a	n/a	n/a	n/a	n/a
2967109	REC_WORD	wordpools/wasnorm_wordpool.txt	LTP150	ltpFR	16	9	1	BOLT	146	n/a	0	n/a	n/a	n/a	n/a	n/a
2968231	REC_WORD	wordpools/wasnorm_wordpool.txt	LTP150	ltpFR	16	9	1	FORT	595	n/a	0	n/a	n/a	n/a	n/a	n/a
2972287	REC_WORD	wordpools/wasnorm_wordpool.txt	LTP150	ltpFR	16	9	0	SIDING	1304	n/a	1	n/a	n/a	n/a	n/a	n/a
2992272	REC_WORD	wordpools/wasnorm_wordpool.txt	LTP150	ltpFR	16	9	1	BOLT	146	n/a	0	n/a	n/a	n/a	n/a	n/a
3006584	REC_WORD	wordpools/wasnorm_wordpool.txt	LTP150	ltpFR	16	9	0	HAIL	676	n/a	0	n/a	n/a	n/a	n/a	n/a
3010744	WORD	wordpools/wasnorm_wordpool.txt	LTP150	ltpFR	16	10	0	ORANGE	980	n/a	n/a	0	0.5869140625	0.422607421875	lower	../fonts/zerothre.ttf
3013766	SLOW_MSG	n/a	LTP150	ltpFR	16	10	n/a	n/a	n/a	n/a	n/a	n/a	n/a	n/a	n/a	n/a
3016229	WORD	wordpools/wasnorm_wordpool.txt	LTP150	ltpFR	16	10	0	FIG	563	n/a	0	0	0.5869140625	0.422607421875	lower	../fonts/zerothre.ttf
3020224	WORD	wordpools/wasnorm_wordpool.txt	LTP150	ltpFR	16	10	0	DINOSAUR	469	n/a	1	0	0.5869140625	0.422607421875	lower	../fonts/zerothre.ttf
3024220	WORD	wordpools/wasnorm_wordpool.txt	LTP150	ltpFR	16	10	0	DASHBOARD	441	n/a	0	0	0.5869140625	0.422607421875	lower	../fonts/zerothre.ttf
3028049	WORD	wordpools/wasnorm_wordpool.txt	LTP150	ltpFR	16	10	0	LIZARD	834	n/a	0	0	0.5869140625	0.422607421875	lower	../fonts/zerothre.ttf
3031929	WORD	wordpools/wasnorm_wordpool.txt	LTP150	ltpFR	16	10	1	RUG	1215	n/a	0	1	0.412841796875	0.57763671875	upper	../fonts/amplitud.ttf
3036006	WORD	wordpools/wasnorm_wordpool.txt	LTP150	ltpFR	16	10	1	FLIPPER	580	n/a	0	1	0.412841796875	0.57763671875	upper	../fonts/amplitud.ttf
3040151	WORD	wordpools/wasnorm_wordpool.txt	LTP150	ltpFR	16	10	0	WHALE	1601	n/a	1	0	0.5869140625	0.422607421875	lower	../fonts/zerothre.ttf
3044105	WORD	wordpools/wasnorm_wordpool.txt	LTP150	ltpFR	16	10	0	PEPPER	1047	n/a	0	0	0.5869140625	0.422607421875	lower	../fonts/zerothre.ttf
3048125	WORD	wordpools/wasnorm_wordpool.txt	LTP150	ltpFR	16	10	0	BALLERINA	74	n/a	1	0	0.5869140625	0.422607421875	lower	../fonts/zerothre.ttf
3052079	WORD	wordpools/wasnorm_wordpool.txt	LTP150	ltpFR	16	10	1	GIRAFFE	636	n/a	1	1	0.412841796875	0.57763671875	upper	../fonts/amplitud.ttf
3056149	WORD	wordpools/wasnorm_wordpool.txt	LTP150	ltpFR	16	10	1	RUST	1219	n/a	0	1	0.412841796875	0.57763671875	upper	../fonts/amplitud.ttf
3060228	WORD	wordpools/wasnorm_wordpool.txt	LTP150	ltpFR	16	10	1	EMPIRE	530	n/a	0	1	0.412841796875	0.57763671875	upper	../fonts/amplitud.ttf
3064198	WORD	wordpools/wasnorm_wordpool.txt	LTP150	ltpFR	16	10	1	MONUMENT	913	n/a	0	1	0.412841796875	0.57763671875	upper	../fonts/amplitud.ttf
3068169	WORD	wordpools/wasnorm_wordpool.txt	LTP150	ltpFR	16	10	1	CHIME	300	n/a	0	1	0.412841796875	0.57763671875	upper	../fonts/amplitud.ttf
3072089	WORD	wordpools/wasnorm_wordpool.txt	LTP150	ltpFR	16	10	1	MAT	877	n/a	0	1	0.412841796875	0.57763671875	upper	../fonts/amplitud.ttf
3077659	REC_START	n/a	LTP150	ltpFR	16	10	n/a	n/a	n/a	n/a	n/a	n/a	n/a	n/a	n/a	n/a
3082014	REC_WORD	wordpools/wasnorm_wordpool.txt	LTP150	ltpFR	16	10	0	ORANGE	980	n/a	n/a	n/a	n/a	n/a	n/a	n/a
3082831	REC_WORD	wordpools/wasnorm_wordpool.txt	LTP150	ltpFR	16	10	0	FIG	563	n/a	0	n/a	n/a	n/a	n/a	n/a
3084094	REC_WORD	wordpools/wasnorm_wordpool.txt	LTP150	ltpFR	16	10	0	DINOSAUR	469	n/a	1	n/a	n/a	n/a	n/a	n/a
3085281	REC_WORD	wordpools/wasnorm_wordpool.txt	LTP150	ltpFR	16	10	0	DASHBOARD	441	n/a	0	n/a	n/a	n/a	n/a	n/a
3087077	REC_WORD	wordpools/wasnorm_wordpool.txt	LTP150	ltpFR	16	10	0	LIZARD	834	n/a	0	n/a	n/a	n/a	n/a	n/a
3093952	REC_WORD	wordpools/wasnorm_wordpool.txt	LTP150	ltpFR	16	10	1	RUG	1215	n/a	0	n/a	n/a	n/a	n/a	n/a
3095188	REC_WORD	wordpools/wasnorm_wordpool.txt	LTP150	ltpFR	16	10	1	FLIPPER	580	n/a	0	n/a	n/a	n/a	n/a	n/a
3096745	REC_WORD	wordpools/wasnorm_wordpool.txt	LTP150	ltpFR	16	10	0	WHALE	1601	n/a	1	n/a	n/a	n/a	n/a	n/a
3099868	REC_WORD	wordpools/wasnorm_wordpool.txt	LTP150	ltpFR	16	10	0	PEPPER	1047	n/a	0	n/a	n/a	n/a	n/a	n/a
3101415	REC_WORD	wordpools/wasnorm_wordpool.txt	LTP150	ltpFR	16	10	0	BALLERINA	74	n/a	1	n/a	n/a	n/a	n/a	n/a
3105515	REC_WORD	wordpools/wasnorm_wordpool.txt	LTP150	ltpFR	16	10	1	GIRAFFE	636	n/a	1	n/a	n/a	n/a	n/a	n/a
3106927	REC_WORD	wordpools/wasnorm_wordpool.txt	LTP150	ltpFR	16	10	1	RUST	1219	n/a	0	n/a	n/a	n/a	n/a	n/a
3108075	REC_WORD	wordpools/wasnorm_wordpool.txt	LTP150	ltpFR	16	10	1	EMPIRE	530	n/a	0	n/a	n/a	n/a	n/a	n/a
3109526	REC_WORD	wordpools/wasnorm_wordpool.txt	LTP150	ltpFR	16	10	1	MONUMENT	913	n/a	0	n/a	n/a	n/a	n/a	n/a
3111008	REC_WORD	wordpools/wasnorm_wordpool.txt	LTP150	ltpFR	16	10	1	CHIME	300	n/a	0	n/a	n/a	n/a	n/a	n/a
3112988	REC_WORD	wordpools/wasnorm_wordpool.txt	LTP150	ltpFR	16	10	1	MAT	877	n/a	0	n/a	n/a	n/a	n/a	n/a
3156184	WORD	wordpools/wasnorm_wordpool.txt	LTP150	ltpFR	16	11	1	MICROSCOPE	891	n/a	0	1	0.412841796875	0.57763671875	upper	../fonts/amplitud.ttf
3160246	WORD	wordpools/wasnorm_wordpool.txt	LTP150	ltpFR	16	11	1	PHYSICIAN	1056	n/a	1	1	0.412841796875	0.57763671875	upper	../fonts/amplitud.ttf
3164099	WORD	wordpools/wasnorm_wordpool.txt	LTP150	ltpFR	16	11	1	DISH	474	n/a	0	1	0.412841796875	0.57763671875	upper	../fonts/amplitud.ttf
3167971	WORD	wordpools/wasnorm_wordpool.txt	LTP150	ltpFR	16	11	1	DIGGER	464	n/a	0	1	0.412841796875	0.57763671875	upper	../fonts/amplitud.ttf
3172007	WORD	wordpools/wasnorm_wordpool.txt	LTP150	ltpFR	16	11	1	SNAIL	1332	n/a	1	1	0.412841796875	0.57763671875	upper	../fonts/amplitud.ttf
3176202	WORD	wordpools/wasnorm_wordpool.txt	LTP150	ltpFR	16	11	1	ASIA	46	n/a	0	1	0.412841796875	0.57763671875	upper	../fonts/amplitud.ttf
3180347	WORD	wordpools/wasnorm_wordpool.txt	LTP150	ltpFR	16	11	1	DIRT	472	n/a	0	1	0.412841796875	0.57763671875	upper	../fonts/amplitud.ttf
3184418	WORD	wordpools/wasnorm_wordpool.txt	LTP150	ltpFR	16	11	1	LOAF	835	n/a	0	1	0.412841796875	0.57763671875	upper	../fonts/amplitud.ttf
3188479	WORD	wordpools/wasnorm_wordpool.txt	LTP150	ltpFR	16	11	1	CRUMB	416	n/a	0	1	0.412841796875	0.57763671875	upper	../fonts/amplitud.ttf
3192591	WORD	wordpools/wasnorm_wordpool.txt	LTP150	ltpFR	16	11	1	TURNIP	1521	n/a	0	1	0.412841796875	0.57763671875	upper	../fonts/amplitud.ttf
3196504	WORD	wordpools/wasnorm_wordpool.txt	LTP150	ltpFR	16	11	1	HARE	688	n/a	1	1	0.412841796875	0.57763671875	upper	../fonts/amplitud.ttf
3200416	WORD	wordpools/wasnorm_wordpool.txt	LTP150	ltpFR	16	11	1	THORN	1459	n/a	0	1	0.412841796875	0.57763671875	upper	../fonts/amplitud.ttf
3204611	WORD	wordpools/wasnorm_wordpool.txt	LTP150	ltpFR	16	11	1	GARDEN	623	n/a	0	1	0.412841796875	0.57763671875	upper	../fonts/amplitud.ttf
3208498	WORD	wordpools/wasnorm_wordpool.txt	LTP150	ltpFR	16	11	1	ORCHID	982	n/a	1	1	0.412841796875	0.57763671875	upper	../fonts/amplitud.ttf
3212402	WORD	wordpools/wasnorm_wordpool.txt	LTP150	ltpFR	16	11	1	BIBLE	124	n/a	0	1	0.412841796875	0.57763671875	upper	../fonts/amplitud.ttf
3216214	WORD	wordpools/wasnorm_wordpool.txt	LTP150	ltpFR	16	11	1	STETHOSCOPE	1379	n/a	0	1	0.412841796875	0.57763671875	upper	../fonts/amplitud.ttf
3221984	REC_START	n/a	LTP150	ltpFR	16	11	n/a	n/a	n/a	n/a	n/a	n/a	n/a	n/a	n/a	n/a
3223041	REC_WORD	wordpools/wasnorm_wordpool.txt	LTP150	ltpFR	16	11	1	STETHOSCOPE	1379	n/a	0	n/a	n/a	n/a	n/a	n/a
3225007	REC_WORD	wordpools/wasnorm_wordpool.txt	LTP150	ltpFR	16	11	1	MICROSCOPE	891	n/a	0	n/a	n/a	n/a	n/a	n/a
3226448	REC_WORD	wordpools/wasnorm_wordpool.txt	LTP150	ltpFR	16	11	1	PHYSICIAN	1056	n/a	1	n/a	n/a	n/a	n/a	n/a
3228519	REC_WORD	wordpools/wasnorm_wordpool.txt	LTP150	ltpFR	16	11	1	DISH	474	n/a	0	n/a	n/a	n/a	n/a	n/a
3231113	REC_WORD	wordpools/wasnorm_wordpool.txt	LTP150	ltpFR	16	11	1	DIGGER	464	n/a	0	n/a	n/a	n/a	n/a	n/a
3232310	REC_WORD	wordpools/wasnorm_wordpool.txt	LTP150	ltpFR	16	11	1	SNAIL	1332	n/a	1	n/a	n/a	n/a	n/a	n/a
3234176	REC_WORD	wordpools/wasnorm_wordpool.txt	LTP150	ltpFR	16	11	1	ASIA	46	n/a	0	n/a	n/a	n/a	n/a	n/a
3235992	REC_WORD	wordpools/wasnorm_wordpool.txt	LTP150	ltpFR	16	11	1	DIRT	472	n/a	0	n/a	n/a	n/a	n/a	n/a
3237444	REC_WORD	wordpools/wasnorm_wordpool.txt	LTP150	ltpFR	16	11	1	LOAF	835	n/a	0	n/a	n/a	n/a	n/a	n/a
3238905	REC_WORD	wordpools/wasnorm_wordpool.txt	LTP150	ltpFR	16	11	1	CRUMB	416	n/a	0	n/a	n/a	n/a	n/a	n/a
3243834	REC_WORD	wordpools/wasnorm_wordpool.txt	LTP150	ltpFR	16	11	1	TURNIP	1521	n/a	0	n/a	n/a	n/a	n/a	n/a
3245800	REC_WORD	wordpools/wasnorm_wordpool.txt	LTP150	ltpFR	16	11	1	HARE	688	n/a	1	n/a	n/a	n/a	n/a	n/a
3247670	REC_WORD	wordpools/wasnorm_wordpool.txt	LTP150	ltpFR	16	11	1	THORN	1459	n/a	0	n/a	n/a	n/a	n/a	n/a
3251956	REC_WORD	wordpools/wasnorm_wordpool.txt	LTP150	ltpFR	16	11	1	GARDEN	623	n/a	0	n/a	n/a	n/a	n/a	n/a
3253517	REC_WORD	wordpools/wasnorm_wordpool.txt	LTP150	ltpFR	16	11	1	ORCHID	982	n/a	1	n/a	n/a	n/a	n/a	n/a
3255303	REC_WORD	wordpools/wasnorm_wordpool.txt	LTP150	ltpFR	16	11	1	BIBLE	124	n/a	0	n/a	n/a	n/a	n/a	n/a
3261644	REC_WORD	wordpools/wasnorm_wordpool.txt	LTP150	ltpFR	16	11	1	ORCHID	982	n/a	1	n/a	n/a	n/a	n/a	n/a
3300850	WORD	wordpools/wasnorm_wordpool.txt	LTP150	ltpFR	16	12	-1	IGLOO	734	n/a	-1	1	1.0	1.0	upper	../fonts/Verdana.ttf
3304804	WORD	wordpools/wasnorm_wordpool.txt	LTP150	ltpFR	16	12	-1	SHELL	1281	n/a	-1	1	1.0	1.0	upper	../fonts/Verdana.ttf
3308724	WORD	wordpools/wasnorm_wordpool.txt	LTP150	ltpFR	16	12	-1	SPOON	1357	n/a	-1	1	1.0	1.0	upper	../fonts/Verdana.ttf
3312862	WORD	wordpools/wasnorm_wordpool.txt	LTP150	ltpFR	16	12	-1	SCISSORS	1250	n/a	-1	1	1.0	1.0	upper	../fonts/Verdana.ttf
3316824	WORD	wordpools/wasnorm_wordpool.txt	LTP150	ltpFR	16	12	-1	SCALPEL	1243	n/a	-1	1	1.0	1.0	upper	../fonts/Verdana.ttf
3320852	WORD	wordpools/wasnorm_wordpool.txt	LTP150	ltpFR	16	12	-1	FROST	609	n/a	-1	1	1.0	1.0	upper	../fonts/Verdana.ttf
3324889	WORD	wordpools/wasnorm_wordpool.txt	LTP150	ltpFR	16	12	-1	BUGLE	189	n/a	-1	1	1.0	1.0	upper	../fonts/Verdana.ttf
3329083	WORD	wordpools/wasnorm_wordpool.txt	LTP150	ltpFR	16	12	-1	PIKE	1067	n/a	-1	1	1.0	1.0	upper	../fonts/Verdana.ttf
3333020	WORD	wordpools/wasnorm_wordpool.txt	LTP150	ltpFR	16	12	-1	TEENAGER	1444	n/a	-1	1	1.0	1.0	upper	../fonts/Verdana.ttf
3336959	WORD	wordpools/wasnorm_wordpool.txt	LTP150	ltpFR	16	12	-1	BOUILLON	154	n/a	-1	1	1.0	1.0	upper	../fonts/Verdana.ttf
3340937	WORD	wordpools/wasnorm_wordpool.txt	LTP150	ltpFR	16	12	-1	ARTICLE	42	n/a	-1	1	1.0	1.0	upper	../fonts/Verdana.ttf
3345140	WORD	wordpools/wasnorm_wordpool.txt	LTP150	ltpFR	16	12	-1	STEREO	1378	n/a	-1	1	1.0	1.0	upper	../fonts/Verdana.ttf
3349135	WORD	wordpools/wasnorm_wordpool.txt	LTP150	ltpFR	16	12	-1	LIST	830	n/a	-1	1	1.0	1.0	upper	../fonts/Verdana.ttf
3352998	WORD	wordpools/wasnorm_wordpool.txt	LTP150	ltpFR	16	12	-1	DIPLOMA	470	n/a	-1	1	1.0	1.0	upper	../fonts/Verdana.ttf
3357142	WORD	wordpools/wasnorm_wordpool.txt	LTP150	ltpFR	16	12	-1	HELICOPTER	701	n/a	-1	1	1.0	1.0	upper	../fonts/Verdana.ttf
3361055	WORD	wordpools/wasnorm_wordpool.txt	LTP150	ltpFR	16	12	-1	TERMINAL	1450	n/a	-1	1	1.0	1.0	upper	../fonts/Verdana.ttf
3366707	REC_START	n/a	LTP150	ltpFR	16	12	n/a	n/a	n/a	n/a	n/a	n/a	n/a	n/a	n/a	n/a
3367914	REC_WORD	wordpools/wasnorm_wordpool.txt	LTP150	ltpFR	16	12	-1	TERMINAL	1450	n/a	-1	n/a	n/a	n/a	n/a	n/a
3369401	REC_WORD	wordpools/wasnorm_wordpool.txt	LTP150	ltpFR	16	12	-1	HELICOPTER	701	n/a	-1	n/a	n/a	n/a	n/a	n/a
3371530	REC_WORD	wordpools/wasnorm_wordpool.txt	LTP150	ltpFR	16	12	-1	DIPLOMA	470	n/a	-1	n/a	n/a	n/a	n/a	n/a
3372743	REC_WORD	wordpools/wasnorm_wordpool.txt	LTP150	ltpFR	16	12	-1	LIST	830	n/a	-1	n/a	n/a	n/a	n/a	n/a
3376539	REC_WORD	wordpools/wasnorm_wordpool.txt	LTP150	ltpFR	16	12	-1	BOUILLON	154	n/a	-1	n/a	n/a	n/a	n/a	n/a
3377761	REC_WORD_VV	wordpools/wasnorm_wordpool.txt	LTP150	ltpFR	16	12	n/a	<>	-1	n/a	n/a	n/a	n/a	n/a	n/a	n/a
3378761	REC_WORD_VV	wordpools/wasnorm_wordpool.txt	LTP150	ltpFR	16	12	n/a	<>	-1	n/a	n/a	n/a	n/a	n/a	n/a	n/a
3380865	REC_WORD	wordpools/wasnorm_wordpool.txt	LTP150	ltpFR	16	12	-1	TEENAGER	1444	n/a	-1	n/a	n/a	n/a	n/a	n/a
3384806	REC_WORD	wordpools/wasnorm_wordpool.txt	LTP150	ltpFR	16	12	-1	ARTICLE	42	n/a	-1	n/a	n/a	n/a	n/a	n/a
3387294	REC_WORD	wordpools/wasnorm_wordpool.txt	LTP150	ltpFR	16	12	-1	FROST	609	n/a	-1	n/a	n/a	n/a	n/a	n/a
3389395	REC_WORD	wordpools/wasnorm_wordpool.txt	LTP150	ltpFR	16	12	-1	SPOON	1357	n/a	-1	n/a	n/a	n/a	n/a	n/a
3390348	REC_WORD	wordpools/wasnorm_wordpool.txt	LTP150	ltpFR	16	12	-1	SCISSORS	1250	n/a	-1	n/a	n/a	n/a	n/a	n/a
3391096	REC_WORD	wordpools/wasnorm_wordpool.txt	LTP150	ltpFR	16	12	-1	SCALPEL	1243	n/a	-1	n/a	n/a	n/a	n/a	n/a
3394469	REC_WORD	wordpools/wasnorm_wordpool.txt	LTP150	ltpFR	16	12	-1	IGLOO	734	n/a	-1	n/a	n/a	n/a	n/a	n/a
3395511	REC_WORD	wordpools/wasnorm_wordpool.txt	LTP150	ltpFR	16	12	-1	SHELL	1281	n/a	-1	n/a	n/a	n/a	n/a	n/a
3417606	REC_WORD	wordpools/wasnorm_wordpool.txt	LTP150	ltpFR	16	12	-1	FROST	609	n/a	-1	n/a	n/a	n/a	n/a	n/a
3419481	REC_WORD	wordpools/wasnorm_wordpool.txt	LTP150	ltpFR	16	12	-1	IGLOO	734	n/a	-1	n/a	n/a	n/a	n/a	n/a
3430671	REC_WORD	wordpools/wasnorm_wordpool.txt	LTP150	ltpFR	16	12	-1	STEREO	1378	n/a	-1	n/a	n/a	n/a	n/a	n/a
3442277	REST_REWET	n/a	LTP150	ltpFR	16	12	n/a	n/a	n/a	n/a	n/a	n/a	n/a	n/a	n/a	n/a
3605905	WORD	wordpools/wasnorm_wordpool.txt	LTP150	ltpFR	16	13	-1	EDITOR	516	n/a	-1	1	1.0	1.0	upper	../fonts/Verdana.ttf
3609759	WORD	wordpools/wasnorm_wordpool.txt	LTP150	ltpFR	16	13	-1	STRAW	1390	n/a	-1	1	1.0	1.0	upper	../fonts/Verdana.ttf
3613679	WORD	wordpools/wasnorm_wordpool.txt	LTP150	ltpFR	16	13	-1	SADDLE	1221	n/a	-1	1	1.0	1.0	upper	../fonts/Verdana.ttf
3617792	WORD	wordpools/wasnorm_wordpool.txt	LTP150	ltpFR	16	13	-1	COACH	331	n/a	-1	1	1.0	1.0	upper	../fonts/Verdana.ttf
3621719	WORD	wordpools/wasnorm_wordpool.txt	LTP150	ltpFR	16	13	-1	BEDROOM	111	n/a	-1	1	1.0	1.0	upper	../fonts/Verdana.ttf
3625657	WORD	wordpools/wasnorm_wordpool.txt	LTP150	ltpFR	16	13	-1	COP	376	n/a	-1	1	1.0	1.0	upper	../fonts/Verdana.ttf
3629753	WORD	wordpools/wasnorm_wordpool.txt	LTP150	ltpFR	16	13	-1	COMMANDER	354	n/a	-1	1	1.0	1.0	upper	../fonts/Verdana.ttf
3633706	WORD	wordpools/wasnorm_wordpool.txt	LTP150	ltpFR	16	13	-1	WARDROBE	1587	n/a	-1	1	1.0	1.0	upper	../fonts/Verdana.ttf
3637760	WORD	wordpools/wasnorm_wordpool.txt	LTP150	ltpFR	16	13	-1	RESORT	1186	n/a	-1	1	1.0	1.0	upper	../fonts/Verdana.ttf
3641955	WORD	wordpools/wasnorm_wordpool.txt	LTP150	ltpFR	16	13	-1	WATERFALL	1595	n/a	-1	1	1.0	1.0	upper	../fonts/Verdana.ttf
3645942	WORD	wordpools/wasnorm_wordpool.txt	LTP150	ltpFR	16	13	-1	STREAM	1392	n/a	-1	1	1.0	1.0	upper	../fonts/Verdana.ttf
3649755	WORD	wordpools/wasnorm_wordpool.txt	LTP150	ltpFR	16	13	-1	DICTATOR	462	n/a	-1	1	1.0	1.0	upper	../fonts/Verdana.ttf
3653641	WORD	wordpools/wasnorm_wordpool.txt	LTP150	ltpFR	16	13	-1	DRESSER	496	n/a	-1	1	1.0	1.0	upper	../fonts/Verdana.ttf
3657495	WORD	wordpools/wasnorm_wordpool.txt	LTP150	ltpFR	16	13	-1	BUILDING	191	n/a	-1	1	1.0	1.0	upper	../fonts/Verdana.ttf
3661532	WORD	wordpools/wasnorm_wordpool.txt	LTP150	ltpFR	16	13	-1	COW	393	n/a	-1	1	1.0	1.0	upper	../fonts/Verdana.ttf
3665344	WORD	wordpools/wasnorm_wordpool.txt	LTP150	ltpFR	16	13	-1	GOAT	644	n/a	-1	1	1.0	1.0	upper	../fonts/Verdana.ttf
3671005	REC_START	n/a	LTP150	ltpFR	16	13	n/a	n/a	n/a	n/a	n/a	n/a	n/a	n/a	n/a	n/a
3671793	REC_WORD	wordpools/wasnorm_wordpool.txt	LTP150	ltpFR	16	13	-1	DRESSER	496	n/a	-1	n/a	n/a	n/a	n/a	n/a
3672841	REC_WORD	wordpools/wasnorm_wordpool.txt	LTP150	ltpFR	16	13	-1	BUILDING	191	n/a	-1	n/a	n/a	n/a	n/a	n/a
3673968	REC_WORD	wordpools/wasnorm_wordpool.txt	LTP150	ltpFR	16	13	-1	COW	393	n/a	-1	n/a	n/a	n/a	n/a	n/a
3675265	REC_WORD	wordpools/wasnorm_wordpool.txt	LTP150	ltpFR	16	13	-1	GOAT	644	n/a	-1	n/a	n/a	n/a	n/a	n/a
3676971	REC_WORD	wordpools/wasnorm_wordpool.txt	LTP150	ltpFR	16	13	-1	EDITOR	516	n/a	-1	n/a	n/a	n/a	n/a	n/a
3678158	REC_WORD	wordpools/wasnorm_wordpool.txt	LTP150	ltpFR	16	13	-1	STRAW	1390	n/a	-1	n/a	n/a	n/a	n/a	n/a
3679550	REC_WORD	wordpools/wasnorm_wordpool.txt	LTP150	ltpFR	16	13	-1	SADDLE	1221	n/a	-1	n/a	n/a	n/a	n/a	n/a
3689109	REC_WORD	wordpools/wasnorm_wordpool.txt	LTP150	ltpFR	16	13	-1	COACH	331	n/a	-1	n/a	n/a	n/a	n/a	n/a
3697194	REC_WORD	wordpools/wasnorm_wordpool.txt	LTP150	ltpFR	16	13	-1	IGLOO	734	n/a	-1	n/a	n/a	n/a	n/a	n/a
3703022	REC_WORD	wordpools/wasnorm_wordpool.txt	LTP150	ltpFR	16	13	-1	BEDROOM	111	n/a	-1	n/a	n/a	n/a	n/a	n/a
3703895	REC_WORD_VV	wordpools/wasnorm_wordpool.txt	LTP150	ltpFR	16	13	n/a	<>	-1	n/a	n/a	n/a	n/a	n/a	n/a	n/a
3705661	REC_WORD	wordpools/wasnorm_wordpool.txt	LTP150	ltpFR	16	13	-1	COP	376	n/a	-1	n/a	n/a	n/a	n/a	n/a
3707517	REC_WORD	wordpools/wasnorm_wordpool.txt	LTP150	ltpFR	16	13	-1	COMMANDER	354	n/a	-1	n/a	n/a	n/a	n/a	n/a
3709821	REC_WORD	wordpools/wasnorm_wordpool.txt	LTP150	ltpFR	16	13	-1	WARDROBE	1587	n/a	-1	n/a	n/a	n/a	n/a	n/a
3723201	REC_WORD	wordpools/wasnorm_wordpool.txt	LTP150	ltpFR	16	13	-1	DRESSER	496	n/a	-1	n/a	n/a	n/a	n/a	n/a
3724268	REC_WORD	wordpools/wasnorm_wordpool.txt	LTP150	ltpFR	16	13	-1	BUILDING	191	n/a	-1	n/a	n/a	n/a	n/a	n/a
3725097	REC_WORD	wordpools/wasnorm_wordpool.txt	LTP150	ltpFR	16	13	-1	COW	393	n/a	-1	n/a	n/a	n/a	n/a	n/a
3725985	REC_WORD	wordpools/wasnorm_wordpool.txt	LTP150	ltpFR	16	13	-1	GOAT	644	n/a	-1	n/a	n/a	n/a	n/a	n/a
3733682	REC_WORD	wordpools/wasnorm_wordpool.txt	LTP150	ltpFR	16	13	-1	WATERFALL	1595	n/a	-1	n/a	n/a	n/a	n/a	n/a
3736556	REC_WORD	wordpools/wasnorm_wordpool.txt	LTP150	ltpFR	16	13	-1	STREAM	1392	n/a	-1	n/a	n/a	n/a	n/a	n/a
3749238	WORD	wordpools/wasnorm_wordpool.txt	LTP150	ltpFR	16	14	0	ROBE	1198	n/a	0	0	0.5869140625	0.422607421875	lower	../fonts/zerothre.ttf
3753234	WORD	wordpools/wasnorm_wordpool.txt	LTP150	ltpFR	16	14	0	VAGRANT	1544	n/a	1	0	0.5869140625	0.422607421875	lower	../fonts/zerothre.ttf
3757196	WORD	wordpools/wasnorm_wordpool.txt	LTP150	ltpFR	16	14	0	DENIM	446	n/a	0	0	0.5869140625	0.422607421875	lower	../fonts/zerothre.ttf
3761008	WORD	wordpools/wasnorm_wordpool.txt	LTP150	ltpFR	16	14	0	FLANNEL	574	n/a	0	0	0.5869140625	0.422607421875	lower	../fonts/zerothre.ttf
3765128	WORD	wordpools/wasnorm_wordpool.txt	LTP150	ltpFR	16	14	0	VILLAIN	1567	n/a	1	0	0.5869140625	0.422607421875	lower	../fonts/zerothre.ttf
3769015	WORD	wordpools/wasnorm_wordpool.txt	LTP150	ltpFR	16	14	0	LIBRARY	816	n/a	1	0	0.5869140625	0.422607421875	lower	../fonts/zerothre.ttf
3772887	WORD	wordpools/wasnorm_wordpool.txt	LTP150	ltpFR	16	14	0	PRISONER	1128	n/a	1	0	0.5869140625	0.422607421875	lower	../fonts/zerothre.ttf
3776982	WORD	wordpools/wasnorm_wordpool.txt	LTP150	ltpFR	16	14	0	MOWER	928	n/a	0	0	0.5869140625	0.422607421875	lower	../fonts/zerothre.ttf
3780944	WORD	wordpools/wasnorm_wordpool.txt	LTP150	ltpFR	16	14	0	ROBBER	1197	n/a	1	0	0.5869140625	0.422607421875	lower	../fonts/zerothre.ttf
3784906	WORD	wordpools/wasnorm_wordpool.txt	LTP150	ltpFR	16	14	0	ENCYCLOPEDIA	533	n/a	0	0	0.5869140625	0.422607421875	lower	../fonts/zerothre.ttf
3788960	WORD	wordpools/wasnorm_wordpool.txt	LTP150	ltpFR	16	14	0	WALL	1582	n/a	0	0	0.5869140625	0.422607421875	lower	../fonts/zerothre.ttf
3792972	WORD	wordpools/wasnorm_wordpool.txt	LTP150	ltpFR	16	14	0	SCARF	1246	n/a	1	0	0.5869140625	0.422607421875	lower	../fonts/zerothre.ttf
3797175	WORD	wordpools/wasnorm_wordpool.txt	LTP150	ltpFR	16	14	0	ELBOW	520	n/a	0	0	0.5869140625	0.422607421875	lower	../fonts/zerothre.ttf
3801070	WORD	wordpools/wasnorm_wordpool.txt	LTP150	ltpFR	16	14	0	JOINT	758	n/a	0	0	0.5869140625	0.422607421875	lower	../fonts/zerothre.ttf
3804942	WORD	wordpools/wasnorm_wordpool.txt	LTP150	ltpFR	16	14	0	FLEET	578	n/a	1	0	0.5869140625	0.422607421875	lower	../fonts/zerothre.ttf
3808904	WORD	wordpools/wasnorm_wordpool.txt	LTP150	ltpFR	16	14	0	STAFF	1365	n/a	1	0	0.5869140625	0.422607421875	lower	../fonts/zerothre.ttf
3814814	REC_START	n/a	LTP150	ltpFR	16	14	n/a	n/a	n/a	n/a	n/a	n/a	n/a	n/a	n/a	n/a
3815512	REC_WORD	wordpools/wasnorm_wordpool.txt	LTP150	ltpFR	16	14	0	FLEET	578	n/a	1	n/a	n/a	n/a	n/a	n/a
3816739	REC_WORD	wordpools/wasnorm_wordpool.txt	LTP150	ltpFR	16	14	0	STAFF	1365	n/a	1	n/a	n/a	n/a	n/a	n/a
3820351	REC_WORD	wordpools/wasnorm_wordpool.txt	LTP150	ltpFR	16	14	0	ROBBER	1197	n/a	1	n/a	n/a	n/a	n/a	n/a
3825200	REC_WORD	wordpools/wasnorm_wordpool.txt	LTP150	ltpFR	16	14	0	MOWER	928	n/a	0	n/a	n/a	n/a	n/a	n/a
3826487	REC_WORD	wordpools/wasnorm_wordpool.txt	LTP150	ltpFR	16	14	0	SCARF	1246	n/a	1	n/a	n/a	n/a	n/a	n/a
3827824	REC_WORD	wordpools/wasnorm_wordpool.txt	LTP150	ltpFR	16	14	0	WALL	1582	n/a	0	n/a	n/a	n/a	n/a	n/a
3829146	REC_WORD	wordpools/wasnorm_wordpool.txt	LTP150	ltpFR	16	14	0	ELBOW	520	n/a	0	n/a	n/a	n/a	n/a	n/a
3830383	REC_WORD	wordpools/wasnorm_wordpool.txt	LTP150	ltpFR	16	14	0	JOINT	758	n/a	0	n/a	n/a	n/a	n/a	n/a
3831239	REC_WORD	wordpools/wasnorm_wordpool.txt	LTP150	ltpFR	16	14	0	ENCYCLOPEDIA	533	n/a	0	n/a	n/a	n/a	n/a	n/a
3833751	REC_WORD	wordpools/wasnorm_wordpool.txt	LTP150	ltpFR	16	14	0	ROBE	1198	n/a	0	n/a	n/a	n/a	n/a	n/a
3837980	REC_WORD	wordpools/wasnorm_wordpool.txt	LTP150	ltpFR	16	14	0	VAGRANT	1544	n/a	1	n/a	n/a	n/a	n/a	n/a
3842980	REC_WORD	wordpools/wasnorm_wordpool.txt	LTP150	ltpFR	16	14	0	DENIM	446	n/a	0	n/a	n/a	n/a	n/a	n/a
3844526	REC_WORD	wordpools/wasnorm_wordpool.txt	LTP150	ltpFR	16	14	0	FLANNEL	574	n/a	0	n/a	n/a	n/a	n/a	n/a
3846432	REC_WORD	wordpools/wasnorm_wordpool.txt	LTP150	ltpFR	16	14	0	VILLAIN	1567	n/a	1	n/a	n/a	n/a	n/a	n/a
3849619	REC_WORD	wordpools/wasnorm_wordpool.txt	LTP150	ltpFR	16	14	0	LIBRARY	816	n/a	1	n/a	n/a	n/a	n/a	n/a
3851326	REC_WORD	wordpools/wasnorm_wordpool.txt	LTP150	ltpFR	16	14	0	PRISONER	1128	n/a	1	n/a	n/a	n/a	n/a	n/a
3869998	REC_WORD	wordpools/wasnorm_wordpool.txt	LTP150	ltpFR	16	14	0	ROBBER	1197	n/a	1	n/a	n/a	n/a	n/a	n/a
3875645	REC_WORD	wordpools/wasnorm_wordpool.txt	LTP150	ltpFR	16	14	0	ROBE	1198	n/a	0	n/a	n/a	n/a	n/a	n/a
3892781	WORD	wordpools/wasnorm_wordpool.txt	LTP150	ltpFR	16	15	-1	SKULL	1320	n/a	-1	1	1.0	1.0	upper	../fonts/Verdana.ttf
3896893	WORD	wordpools/wasnorm_wordpool.txt	LTP150	ltpFR	16	15	-1	KIDNEY	776	n/a	-1	1	1.0	1.0	upper	../fonts/Verdana.ttf
3900721	WORD	wordpools/wasnorm_wordpool.txt	LTP150	ltpFR	16	15	-1	PIN	1072	n/a	-1	1	1.0	1.0	upper	../fonts/Verdana.ttf
3904809	WORD	wordpools/wasnorm_wordpool.txt	LTP150	ltpFR	16	15	-1	CHEEK	287	n/a	-1	1	1.0	1.0	upper	../fonts/Verdana.ttf
3908662	WORD	wordpools/wasnorm_wordpool.txt	LTP150	ltpFR	16	15	-1	MOTH	920	n/a	-1	1	1.0	1.0	upper	../fonts/Verdana.ttf
3912800	WORD	wordpools/wasnorm_wordpool.txt	LTP150	ltpFR	16	15	-1	SANDWICH	1232	n/a	-1	1	1.0	1.0	upper	../fonts/Verdana.ttf
3916669	WORD	wordpools/wasnorm_wordpool.txt	LTP150	ltpFR	16	15	-1	STRAWBERRY	1391	n/a	-1	1	1.0	1.0	upper	../fonts/Verdana.ttf
3920565	WORD	wordpools/wasnorm_wordpool.txt	LTP150	ltpFR	16	15	-1	SWAMP	1416	n/a	-1	1	1.0	1.0	upper	../fonts/Verdana.ttf
3924419	WORD	wordpools/wasnorm_wordpool.txt	LTP150	ltpFR	16	15	-1	ARROW	40	n/a	-1	1	1.0	1.0	upper	../fonts/Verdana.ttf
3928464	WORD	wordpools/wasnorm_wordpool.txt	LTP150	ltpFR	16	15	-1	KNOT	788	n/a	-1	1	1.0	1.0	upper	../fonts/Verdana.ttf
3932476	WORD	wordpools/wasnorm_wordpool.txt	LTP150	ltpFR	16	15	-1	SUBWAY	1400	n/a	-1	1	1.0	1.0	upper	../fonts/Verdana.ttf
3936588	WORD	wordpools/wasnorm_wordpool.txt	LTP150	ltpFR	16	15	-1	TRAIN	1494	n/a	-1	1	1.0	1.0	upper	../fonts/Verdana.ttf
3940567	WORD	wordpools/wasnorm_wordpool.txt	LTP150	ltpFR	16	15	-1	TREAD	1499	n/a	-1	1	1.0	1.0	upper	../fonts/Verdana.ttf
3944529	WORD	wordpools/wasnorm_wordpool.txt	LTP150	ltpFR	16	15	-1	DOUGH	489	n/a	-1	1	1.0	1.0	upper	../fonts/Verdana.ttf
3948466	WORD	wordpools/wasnorm_wordpool.txt	LTP150	ltpFR	16	15	-1	GRIZZLY	662	n/a	-1	1	1.0	1.0	upper	../fonts/Verdana.ttf
3952678	WORD	wordpools/wasnorm_wordpool.txt	LTP150	ltpFR	16	15	-1	PEACH	1031	n/a	-1	1	1.0	1.0	upper	../fonts/Verdana.ttf
3958580	REC_START	n/a	LTP150	ltpFR	16	15	n/a	n/a	n/a	n/a	n/a	n/a	n/a	n/a	n/a	n/a
3959667	REC_WORD	wordpools/wasnorm_wordpool.txt	LTP150	ltpFR	16	15	-1	TREAD	1499	n/a	-1	n/a	n/a	n/a	n/a	n/a
3961149	REC_WORD	wordpools/wasnorm_wordpool.txt	LTP150	ltpFR	16	15	-1	DOUGH	489	n/a	-1	n/a	n/a	n/a	n/a	n/a
3962546	REC_WORD	wordpools/wasnorm_wordpool.txt	LTP150	ltpFR	16	15	-1	GRIZZLY	662	n/a	-1	n/a	n/a	n/a	n/a	n/a
3964102	REC_WORD	wordpools/wasnorm_wordpool.txt	LTP150	ltpFR	16	15	-1	PEACH	1031	n/a	-1	n/a	n/a	n/a	n/a	n/a
3975172	REC_WORD	wordpools/wasnorm_wordpool.txt	LTP150	ltpFR	16	15	0	PUDDLE	1140	n/a	0	n/a	n/a	n/a	n/a	n/a
3981472	REC_WORD	wordpools/wasnorm_wordpool.txt	LTP150	ltpFR	16	15	-1	SWAMP	1416	n/a	-1	n/a	n/a	n/a	n/a	n/a
3983014	REC_WORD	wordpools/wasnorm_wordpool.txt	LTP150	ltpFR	16	15	-1	ARROW	40	n/a	-1	n/a	n/a	n/a	n/a	n/a
3984421	REC_WORD	wordpools/wasnorm_wordpool.txt	LTP150	ltpFR	16	15	-1	KNOT	788	n/a	-1	n/a	n/a	n/a	n/a	n/a
3986646	REC_WORD	wordpools/wasnorm_wordpool.txt	LTP150	ltpFR	16	15	-1	SUBWAY	1400	n/a	-1	n/a	n/a	n/a	n/a	n/a
3988048	REC_WORD	wordpools/wasnorm_wordpool.txt	LTP150	ltpFR	16	15	-1	TRAIN	1494	n/a	-1	n/a	n/a	n/a	n/a	n/a
3989564	REC_WORD	wordpools/wasnorm_wordpool.txt	LTP150	ltpFR	16	15	-1	TREAD	1499	n/a	-1	n/a	n/a	n/a	n/a	n/a
4002180	REC_WORD	wordpools/wasnorm_wordpool.txt	LTP150	ltpFR	16	15	-1	STRAWBERRY	1391	n/a	-1	n/a	n/a	n/a	n/a	n/a
4003667	REC_WORD	wordpools/wasnorm_wordpool.txt	LTP150	ltpFR	16	15	-1	SANDWICH	1232	n/a	-1	n/a	n/a	n/a	n/a	n/a
4005074	REC_WORD	wordpools/wasnorm_wordpool.txt	LTP150	ltpFR	16	15	-1	MOTH	920	n/a	-1	n/a	n/a	n/a	n/a	n/a
4006561	REC_WORD	wordpools/wasnorm_wordpool.txt	LTP150	ltpFR	16	15	-1	PIN	1072	n/a	-1	n/a	n/a	n/a	n/a	n/a
4007748	REC_WORD	wordpools/wasnorm_wordpool.txt	LTP150	ltpFR	16	15	-1	CHEEK	287	n/a	-1	n/a	n/a	n/a	n/a	n/a
4009030	REC_WORD	wordpools/wasnorm_wordpool.txt	LTP150	ltpFR	16	15	-1	SKULL	1320	n/a	-1	n/a	n/a	n/a	n/a	n/a
4010588	REC_WORD	wordpools/wasnorm_wordpool.txt	LTP150	ltpFR	16	15	-1	KIDNEY	776	n/a	-1	n/a	n/a	n/a	n/a	n/a
4036964	WORD	wordpools/wasnorm_wordpool.txt	LTP150	ltpFR	16	16	1	SHRUB	1299	n/a	0	1	0.412841796875	0.57763671875	upper	../fonts/amplitud.ttf
4041092	WORD	wordpools/wasnorm_wordpool.txt	LTP150	ltpFR	16	16	1	AMBULANCE	19	n/a	0	1	0.412841796875	0.57763671875	upper	../fonts/amplitud.ttf
4044914	WORD	wordpools/wasnorm_wordpool.txt	LTP150	ltpFR	16	16	1	TOENAIL	1474	n/a	0	1	0.412841796875	0.57763671875	upper	../fonts/amplitud.ttf
4048926	WORD	wordpools/wasnorm_wordpool.txt	LTP150	ltpFR	16	16	1	KNUCKLE	789	n/a	0	1	0.412841796875	0.57763671875	upper	../fonts/amplitud.ttf
4052954	WORD	wordpools/wasnorm_wordpool.txt	LTP150	ltpFR	16	16	1	LUNCH	849	n/a	0	1	0.412841796875	0.57763671875	upper	../fonts/amplitud.ttf
4056850	WORD	wordpools/wasnorm_wordpool.txt	LTP150	ltpFR	16	16	1	CATHEDRAL	260	n/a	0	1	0.412841796875	0.57763671875	upper	../fonts/amplitud.ttf
4061011	WORD	wordpools/wasnorm_wordpool.txt	LTP150	ltpFR	16	16	0	POPE	1105	n/a	1	0	0.5869140625	0.422607421875	lower	../fonts/zerothre.ttf
4064940	WORD	wordpools/wasnorm_wordpool.txt	LTP150	ltpFR	16	16	0	FLESH	579	n/a	0	0	0.5869140625	0.422607421875	lower	../fonts/zerothre.ttf
4069010	WORD	wordpools/wasnorm_wordpool.txt	LTP150	ltpFR	16	16	0	BEET	115	n/a	0	0	0.5869140625	0.422607421875	lower	../fonts/zerothre.ttf
4072856	WORD	wordpools/wasnorm_wordpool.txt	LTP150	ltpFR	16	16	1	SENATOR	1268	n/a	1	1	0.412841796875	0.57763671875	upper	../fonts/amplitud.ttf
4076835	WORD	wordpools/wasnorm_wordpool.txt	LTP150	ltpFR	16	16	1	RABBIT	1152	n/a	1	1	0.412841796875	0.57763671875	upper	../fonts/amplitud.ttf
4081029	WORD	wordpools/wasnorm_wordpool.txt	LTP150	ltpFR	16	16	0	COUGAR	387	n/a	1	0	0.5869140625	0.422607421875	lower	../fonts/zerothre.ttf
4084984	WORD	wordpools/wasnorm_wordpool.txt	LTP150	ltpFR	16	16	0	SNACK	1331	n/a	0	0	0.5869140625	0.422607421875	lower	../fonts/zerothre.ttf
4088904	WORD	wordpools/wasnorm_wordpool.txt	LTP150	ltpFR	16	16	0	PRISON	1127	n/a	1	0	0.5869140625	0.422607421875	lower	../fonts/zerothre.ttf
4093065	WORD	wordpools/wasnorm_wordpool.txt	LTP150	ltpFR	16	16	0	LION	827	n/a	1	0	0.5869140625	0.422607421875	lower	../fonts/zerothre.ttf
4097210	WORD	wordpools/wasnorm_wordpool.txt	LTP150	ltpFR	16	16	0	BUS	201	n/a	1	0	0.5869140625	0.422607421875	lower	../fonts/zerothre.ttf
4102822	REC_START	n/a	LTP150	ltpFR	16	16	n/a	n/a	n/a	n/a	n/a	n/a	n/a	n/a	n/a	n/a
4103839	REC_WORD	wordpools/wasnorm_wordpool.txt	LTP150	ltpFR	16	16	0	PRISON	1127	n/a	1	n/a	n/a	n/a	n/a	n/a
4105032	REC_WORD	wordpools/wasnorm_wordpool.txt	LTP150	ltpFR	16	16	0	LION	827	n/a	1	n/a	n/a	n/a	n/a	n/a
4106184	REC_WORD	wordpools/wasnorm_wordpool.txt	LTP150	ltpFR	16	16	0	BUS	201	n/a	1	n/a	n/a	n/a	n/a	n/a
4114246	REC_WORD	wordpools/wasnorm_wordpool.txt	LTP150	ltpFR	16	16	1	SHRUB	1299	n/a	0	n/a	n/a	n/a	n/a	n/a
4115932	REC_WORD	wordpools/wasnorm_wordpool.txt	LTP150	ltpFR	16	16	1	AMBULANCE	19	n/a	0	n/a	n/a	n/a	n/a	n/a
4117448	REC_WORD	wordpools/wasnorm_wordpool.txt	LTP150	ltpFR	16	16	1	TOENAIL	1474	n/a	0	n/a	n/a	n/a	n/a	n/a
4119394	REC_WORD	wordpools/wasnorm_wordpool.txt	LTP150	ltpFR	16	16	1	KNUCKLE	789	n/a	0	n/a	n/a	n/a	n/a	n/a
4121045	REC_WORD	wordpools/wasnorm_wordpool.txt	LTP150	ltpFR	16	16	1	LUNCH	849	n/a	0	n/a	n/a	n/a	n/a	n/a
4122472	REC_WORD	wordpools/wasnorm_wordpool.txt	LTP150	ltpFR	16	16	1	CATHEDRAL	260	n/a	0	n/a	n/a	n/a	n/a	n/a
4124218	REC_WORD	wordpools/wasnorm_wordpool.txt	LTP150	ltpFR	16	16	0	POPE	1105	n/a	1	n/a	n/a	n/a	n/a	n/a
4127086	REC_WORD	wordpools/wasnorm_wordpool.txt	LTP150	ltpFR	16	16	0	FLESH	579	n/a	0	n/a	n/a	n/a	n/a	n/a
4128723	REC_WORD	wordpools/wasnorm_wordpool.txt	LTP150	ltpFR	16	16	0	BEET	115	n/a	0	n/a	n/a	n/a	n/a	n/a
4130015	REC_WORD	wordpools/wasnorm_wordpool.txt	LTP150	ltpFR	16	16	1	SENATOR	1268	n/a	1	n/a	n/a	n/a	n/a	n/a
4131671	REC_WORD	wordpools/wasnorm_wordpool.txt	LTP150	ltpFR	16	16	1	RABBIT	1152	n/a	1	n/a	n/a	n/a	n/a	n/a
4133501	REC_WORD	wordpools/wasnorm_wordpool.txt	LTP150	ltpFR	16	16	0	COUGAR	387	n/a	1	n/a	n/a	n/a	n/a	n/a
4134779	REC_WORD	wordpools/wasnorm_wordpool.txt	LTP150	ltpFR	16	16	0	SNACK	1331	n/a	0	n/a	n/a	n/a	n/a	n/a
4194899	REC_START	n/a	LTP150	ltpFR	16	1	n/a	n/a	n/a	n/a	n/a	n/a	n/a	n/a	n/a	n/a
4194932	RECOG_TARGET	n/a	LTP150	ltpFR	16	1	1	OREGANO	983	5	1	n/a	n/a	n/a	n/a	n/a
4196301	RECOG_RESP	n/a	LTP150	ltpFR	16	1	1	OREGANO	983	n/a	1	n/a	n/a	n/a	n/a	n/a
4197837	RECOG_CONF	n/a	LTP150	ltpFR	16	1	1	OREGANO	983	5	1	n/a	n/a	n/a	n/a	n/a
4199417	RECOG_TARGET	n/a	LTP150	ltpFR	16	1	1	FORT	595	5	0	n/a	n/a	n/a	n/a	n/a
4200032	RECOG_RESP	n/a	LTP150	ltpFR	16	1	1	FORT	595	n/a	0	n/a	n/a	n/a	n/a	n/a
4200960	RECOG_CONF	n/a	LTP150	ltpFR	16	1	1	FORT	595	5	0	n/a	n/a	n/a	n/a	n/a
4202347	RECOG_TARGET	n/a	LTP150	ltpFR	16	1	0	JEEP	753	5	1	n/a	n/a	n/a	n/a	n/a
4202911	RECOG_RESP	n/a	LTP150	ltpFR	16	1	0	JEEP	753	n/a	1	n/a	n/a	n/a	n/a	n/a
4203794	RECOG_CONF	n/a	LTP150	ltpFR	16	1	0	JEEP	753	5	1	n/a	n/a	n/a	n/a	n/a
4205294	RECOG_TARGET	n/a	LTP150	ltpFR	16	1	0	LION	827	5	1	n/a	n/a	n/a	n/a	n/a
4205819	RECOG_RESP	n/a	LTP150	ltpFR	16	1	0	LION	827	n/a	1	n/a	n/a	n/a	n/a	n/a
4206667	RECOG_CONF	n/a	LTP150	ltpFR	16	1	0	LION	827	5	1	n/a	n/a	n/a	n/a	n/a
4208032	RECOG_LURE	n/a	LTP150	ltpFR	16	1	n/a	MACHINE	852	3	n/a	n/a	n/a	n/a	n/a	n/a
4208767	RECOG_RESP	n/a	LTP150	ltpFR	16	1	n/a	MACHINE	852	n/a	n/a	n/a	n/a	n/a	n/a	n/a
4209760	RECOG_CONF	n/a	LTP150	ltpFR	16	1	n/a	MACHINE	852	3	n/a	n/a	n/a	n/a	n/a	n/a
4211079	RECOG_TARGET	n/a	LTP150	ltpFR	16	1	0	SHEEP	1278	5	1	n/a	n/a	n/a	n/a	n/a
4211760	RECOG_RESP	n/a	LTP150	ltpFR	16	1	0	SHEEP	1278	n/a	1	n/a	n/a	n/a	n/a	n/a
4212624	RECOG_CONF	n/a	LTP150	ltpFR	16	1	0	SHEEP	1278	5	1	n/a	n/a	n/a	n/a	n/a
4214025	RECOG_TARGET	n/a	LTP150	ltpFR	16	1	-1	BUGLE	189	5	-1	n/a	n/a	n/a	n/a	n/a
4214694	RECOG_RESP	n/a	LTP150	ltpFR	16	1	-1	BUGLE	189	n/a	-1	n/a	n/a	n/a	n/a	n/a
4215507	RECOG_CONF	n/a	LTP150	ltpFR	16	1	-1	BUGLE	189	5	-1	n/a	n/a	n/a	n/a	n/a
4216973	RECOG_LURE	n/a	LTP150	ltpFR	16	1	n/a	SUPERMARKET	1409	1	n/a	n/a	n/a	n/a	n/a	n/a
4218166	RECOG_RESP	n/a	LTP150	ltpFR	16	1	n/a	SUPERMARKET	1409	n/a	n/a	n/a	n/a	n/a	n/a	n/a
4219039	RECOG_CONF	n/a	LTP150	ltpFR	16	1	n/a	SUPERMARKET	1409	1	n/a	n/a	n/a	n/a	n/a	n/a
4220451	RECOG_LURE	n/a	LTP150	ltpFR	16	1	n/a	BOUQUET	157	1	n/a	n/a	n/a	n/a	n/a	n/a
4221329	RECOG_RESP	n/a	LTP150	ltpFR	16	1	n/a	BOUQUET	157	n/a	n/a	n/a	n/a	n/a	n/a	n/a
4222302	RECOG_CONF	n/a	LTP150	ltpFR	16	1	n/a	BOUQUET	157	1	n/a	n/a	n/a	n/a	n/a	n/a
4223681	RECOG_LURE	n/a	LTP150	ltpFR	16	1	n/a	CORK	380	5	n/a	n/a	n/a	n/a	n/a	n/a
4224377	RECOG_RESP	n/a	LTP150	ltpFR	16	1	n/a	CORK	380	n/a	n/a	n/a	n/a	n/a	n/a	n/a
4225235	RECOG_CONF	n/a	LTP150	ltpFR	16	1	n/a	CORK	380	5	n/a	n/a	n/a	n/a	n/a	n/a
4226569	RECOG_TARGET	n/a	LTP150	ltpFR	16	1	0	TULIP	1517	5	0	n/a	n/a	n/a	n/a	n/a
4227255	RECOG_RESP	n/a	LTP150	ltpFR	16	1	0	TULIP	1517	n/a	0	n/a	n/a	n/a	n/a	n/a
4228098	RECOG_CONF	n/a	LTP150	ltpFR	16	1	0	TULIP	1517	5	0	n/a	n/a	n/a	n/a	n/a
4229532	RECOG_TARGET	n/a	LTP150	ltpFR	16	1	0	BINDER	127	5	0	n/a	n/a	n/a	n/a	n/a
4230174	RECOG_RESP	n/a	LTP150	ltpFR	16	1	0	BINDER	127	n/a	0	n/a	n/a	n/a	n/a	n/a
4230992	RECOG_CONF	n/a	LTP150	ltpFR	16	1	0	BINDER	127	5	0	n/a	n/a	n/a	n/a	n/a
4232370	RECOG_TARGET	n/a	LTP150	ltpFR	16	1	0	STAFF	1365	4	1	n/a	n/a	n/a	n/a	n/a
4233007	RECOG_RESP	n/a	LTP150	ltpFR	16	1	0	STAFF	1365	n/a	1	n/a	n/a	n/a	n/a	n/a
4233825	RECOG_CONF	n/a	LTP150	ltpFR	16	1	0	STAFF	1365	4	1	n/a	n/a	n/a	n/a	n/a
4235242	RECOG_TARGET	n/a	LTP150	ltpFR	16	1	1	GARDEN	623	3	0	n/a	n/a	n/a	n/a	n/a
4235836	RECOG_RESP	n/a	LTP150	ltpFR	16	1	1	GARDEN	623	n/a	0	n/a	n/a	n/a	n/a	n/a
4236669	RECOG_CONF	n/a	LTP150	ltpFR	16	1	1	GARDEN	623	3	0	n/a	n/a	n/a	n/a	n/a
4237957	RECOG_TARGET	n/a	LTP150	ltpFR	16	1	0	COBBLER	335	5	0	n/a	n/a	n/a	n/a	n/a
4238548	RECOG_RESP	n/a	LTP150	ltpFR	16	1	0	COBBLER	335	n/a	0	n/a	n/a	n/a	n/a	n/a
4239273	RECOG_CONF	n/a	LTP150	ltpFR	16	1	0	COBBLER	335	5	0	n/a	n/a	n/a	n/a	n/a
4240603	RECOG_TARGET	n/a	LTP150	ltpFR	16	1	0	PEPPER	1047	5	0	n/a	n/a	n/a	n/a	n/a
4241224	RECOG_RESP	n/a	LTP150	ltpFR	16	1	0	PEPPER	1047	n/a	0	n/a	n/a	n/a	n/a	n/a
4242027	RECOG_CONF	n/a	LTP150	ltpFR	16	1	0	PEPPER	1047	5	0	n/a	n/a	n/a	n/a	n/a
4243258	RECOG_TARGET	n/a	LTP150	ltpFR	16	1	0	ESSAY	540	5	0	n/a	n/a	n/a	n/a	n/a
4244142	RECOG_RESP	n/a	LTP150	ltpFR	16	1	0	ESSAY	540	n/a	0	n/a	n/a	n/a	n/a	n/a
4245120	RECOG_CONF	n/a	LTP150	ltpFR	16	1	0	ESSAY	540	5	0	n/a	n/a	n/a	n/a	n/a
4246562	RECOG_TARGET	n/a	LTP150	ltpFR	16	1	0	HAMMOCK	681	5	0	n/a	n/a	n/a	n/a	n/a
4247080	RECOG_RESP	n/a	LTP150	ltpFR	16	1	0	HAMMOCK	681	n/a	0	n/a	n/a	n/a	n/a	n/a
4247883	RECOG_CONF	n/a	LTP150	ltpFR	16	1	0	HAMMOCK	681	5	0	n/a	n/a	n/a	n/a	n/a
4249318	RECOG_TARGET	n/a	LTP150	ltpFR	16	1	1	PAINTING	1005	5	0	n/a	n/a	n/a	n/a	n/a
4249914	RECOG_RESP	n/a	LTP150	ltpFR	16	1	1	PAINTING	1005	n/a	0	n/a	n/a	n/a	n/a	n/a
4250727	RECOG_CONF	n/a	LTP150	ltpFR	16	1	1	PAINTING	1005	5	0	n/a	n/a	n/a	n/a	n/a
4252214	RECOG_LURE	n/a	LTP150	ltpFR	16	1	n/a	YOLK	1633	5	n/a	n/a	n/a	n/a	n/a	n/a
4252817	RECOG_RESP	n/a	LTP150	ltpFR	16	1	n/a	YOLK	1633	n/a	n/a	n/a	n/a	n/a	n/a	n/a
4253610	RECOG_CONF	n/a	LTP150	ltpFR	16	1	n/a	YOLK	1633	5	n/a	n/a	n/a	n/a	n/a	n/a
4256572	REC_START	n/a	LTP150	ltpFR	16	2	n/a	n/a	n/a	n/a	n/a	n/a	n/a	n/a	n/a	n/a
4256601	RECOG_TARGET	n/a	LTP150	ltpFR	16	2	-1	WARDROBE	1587	5	-1	n/a	n/a	n/a	n/a	n/a
4257365	RECOG_RESP	n/a	LTP150	ltpFR	16	2	-1	WARDROBE	1587	n/a	-1	n/a	n/a	n/a	n/a	n/a
4258203	RECOG_CONF	n/a	LTP150	ltpFR	16	2	-1	WARDROBE	1587	5	-1	n/a	n/a	n/a	n/a	n/a
4259756	RECOG_TARGET	n/a	LTP150	ltpFR	16	2	1	RODENT	1204	5	1	n/a	n/a	n/a	n/a	n/a
4260468	RECOG_RESP	n/a	LTP150	ltpFR	16	2	1	RODENT	1204	n/a	1	n/a	n/a	n/a	n/a	n/a
4261276	RECOG_CONF	n/a	LTP150	ltpFR	16	2	1	RODENT	1204	5	1	n/a	n/a	n/a	n/a	n/a
4262644	RECOG_TARGET	n/a	LTP150	ltpFR	16	2	1	BASEMENT	94	5	0	n/a	n/a	n/a	n/a	n/a
4263481	RECOG_RESP	n/a	LTP150	ltpFR	16	2	1	BASEMENT	94	n/a	0	n/a	n/a	n/a	n/a	n/a
4264299	RECOG_CONF	n/a	LTP150	ltpFR	16	2	1	BASEMENT	94	5	0	n/a	n/a	n/a	n/a	n/a
4265849	RECOG_LURE	n/a	LTP150	ltpFR	16	2	n/a	COCKTAIL	338	5	n/a	n/a	n/a	n/a	n/a	n/a
4266529	RECOG_RESP	n/a	LTP150	ltpFR	16	2	n/a	COCKTAIL	338	n/a	n/a	n/a	n/a	n/a	n/a	n/a
4267352	RECOG_CONF	n/a	LTP150	ltpFR	16	2	n/a	COCKTAIL	338	5	n/a	n/a	n/a	n/a	n/a	n/a
4268788	RECOG_TARGET	n/a	LTP150	ltpFR	16	2	1	PISTON	1076	5	0	n/a	n/a	n/a	n/a	n/a
4269448	RECOG_RESP	n/a	LTP150	ltpFR	16	2	1	PISTON	1076	n/a	0	n/a	n/a	n/a	n/a	n/a
4270296	RECOG_CONF	n/a	LTP150	ltpFR	16	2	1	PISTON	1076	5	0	n/a	n/a	n/a	n/a	n/a
4271784	RECOG_LURE	n/a	LTP150	ltpFR	16	2	n/a	CHART	282	1	n/a	n/a	n/a	n/a	n/a	n/a
4272780	RECOG_RESP	n/a	LTP150	ltpFR	16	2	n/a	CHART	282	n/a	n/a	n/a	n/a	n/a	n/a	n/a
4273708	RECOG_CONF	n/a	LTP150	ltpFR	16	2	n/a	CHART	282	1	n/a	n/a	n/a	n/a	n/a	n/a
4275254	RECOG_TARGET	n/a	LTP150	ltpFR	16	2	1	RUG	1215	5	0	n/a	n/a	n/a	n/a	n/a
4275933	RECOG_RESP	n/a	LTP150	ltpFR	16	2	1	RUG	1215	n/a	0	n/a	n/a	n/a	n/a	n/a
4276791	RECOG_CONF	n/a	LTP150	ltpFR	16	2	1	RUG	1215	5	0	n/a	n/a	n/a	n/a	n/a
4278317	RECOG_LURE	n/a	LTP150	ltpFR	16	2	n/a	MACARONI	851	5	n/a	n/a	n/a	n/a	n/a	n/a
4279046	RECOG_RESP	n/a	LTP150	ltpFR	16	2	n/a	MACARONI	851	n/a	n/a	n/a	n/a	n/a	n/a	n/a
4280053	RECOG_CONF	n/a	LTP150	ltpFR	16	2	n/a	MACARONI	851	5	n/a	n/a	n/a	n/a	n/a	n/a
4281605	RECOG_LURE	n/a	LTP150	ltpFR	16	2	n/a	WOMAN	1620	1	n/a	n/a	n/a	n/a	n/a	n/a
4282558	RECOG_RESP	n/a	LTP150	ltpFR	16	2	n/a	WOMAN	1620	n/a	n/a	n/a	n/a	n/a	n/a	n/a
4283506	RECOG_CONF	n/a	LTP150	ltpFR	16	2	n/a	WOMAN	1620	1	n/a	n/a	n/a	n/a	n/a	n/a
4284952	RECOG_LURE	n/a	LTP150	ltpFR	16	2	n/a	EDITORIAL	517	5	n/a	n/a	n/a	n/a	n/a	n/a
4285686	RECOG_RESP	n/a	LTP150	ltpFR	16	2	n/a	EDITORIAL	517	n/a	n/a	n/a	n/a	n/a	n/a	n/a
4286599	RECOG_CONF	n/a	LTP150	ltpFR	16	2	n/a	EDITORIAL	517	5	n/a	n/a	n/a	n/a	n/a	n/a
4287990	RECOG_LURE	n/a	LTP150	ltpFR	16	2	n/a	REPTILE	1185	1	n/a	n/a	n/a	n/a	n/a	n/a
4290889	RECOG_RESP	n/a	LTP150	ltpFR	16	2	n/a	REPTILE	1185	n/a	n/a	n/a	n/a	n/a	n/a	n/a
4291827	RECOG_CONF	n/a	LTP150	ltpFR	16	2	n/a	REPTILE	1185	1	n/a	n/a	n/a	n/a	n/a	n/a
4293483	RECOG_TARGET	n/a	LTP150	ltpFR	16	2	1	GIRAFFE	636	5	1	n/a	n/a	n/a	n/a	n/a
4294276	RECOG_RESP	n/a	LTP150	ltpFR	16	2	1	GIRAFFE	636	n/a	1	n/a	n/a	n/a	n/a	n/a
4295059	RECOG_CONF	n/a	LTP150	ltpFR	16	2	1	GIRAFFE	636	5	1	n/a	n/a	n/a	n/a	n/a
4296571	RECOG_TARGET	n/a	LTP150	ltpFR	16	2	-1	BUILDING	191	5	-1	n/a	n/a	n/a	n/a	n/a
4297179	RECOG_RESP	n/a	LTP150	ltpFR	16	2	-1	BUILDING	191	n/a	-1	n/a	n/a	n/a	n/a	n/a
4297933	RECOG_CONF	n/a	LTP150	ltpFR	16	2	-1	BUILDING	191	5	-1	n/a	n/a	n/a	n/a	n/a
4299343	RECOG_TARGET	n/a	LTP150	ltpFR	16	2	0	JOINT	758	5	0	n/a	n/a	n/a	n/a	n/a
4300043	RECOG_RESP	n/a	LTP150	ltpFR	16	2	0	JOINT	758	n/a	0	n/a	n/a	n/a	n/a	n/a
4300886	RECOG_CONF	n/a	LTP150	ltpFR	16	2	0	JOINT	758	5	0	n/a	n/a	n/a	n/a	n/a
4302348	RECOG_TARGET	n/a	LTP150	ltpFR	16	2	1	CAULIFLOWER	262	5	1	n/a	n/a	n/a	n/a	n/a
4303051	RECOG_RESP	n/a	LTP150	ltpFR	16	2	1	CAULIFLOWER	262	n/a	1	n/a	n/a	n/a	n/a	n/a
4303740	RECOG_CONF	n/a	LTP150	ltpFR	16	2	1	CAULIFLOWER	262	5	1	n/a	n/a	n/a	n/a	n/a
4305219	RECOG_LURE	n/a	LTP150	ltpFR	16	2	n/a	SPARROW	1347	5	n/a	n/a	n/a	n/a	n/a	n/a
4305845	RECOG_RESP	n/a	LTP150	ltpFR	16	2	n/a	SPARROW	1347	n/a	n/a	n/a	n/a	n/a	n/a	n/a
4306543	RECOG_CONF	n/a	LTP150	ltpFR	16	2	n/a	SPARROW	1347	5	n/a	n/a	n/a	n/a	n/a	n/a
4307876	RECOG_LURE	n/a	LTP150	ltpFR	16	2	n/a	RAFT	1159	5	n/a	n/a	n/a	n/a	n/a	n/a
4308549	RECOG_RESP	n/a	LTP150	ltpFR	16	2	n/a	RAFT	1159	n/a	n/a	n/a	n/a	n/a	n/a	n/a
4309267	RECOG_CONF	n/a	LTP150	ltpFR	16	2	n/a	RAFT	1159	5	n/a	n/a	n/a	n/a	n/a	n/a
4310680	RECOG_LURE	n/a	LTP150	ltpFR	16	2	n/a	YARN	1631	5	n/a	n/a	n/a	n/a	n/a	n/a
4311287	RECOG_RESP	n/a	LTP150	ltpFR	16	2	n/a	YARN	1631	n/a	n/a	n/a	n/a	n/a	n/a	n/a
4312001	RECOG_CONF	n/a	LTP150	ltpFR	16	2	n/a	YARN	1631	5	n/a	n/a	n/a	n/a	n/a	n/a
4313427	RECOG_LURE	n/a	LTP150	ltpFR	16	2	n/a	DUST	508	5	n/a	n/a	n/a	n/a	n/a	n/a
4314445	RECOG_RESP	n/a	LTP150	ltpFR	16	2	n/a	DUST	508	n/a	n/a	n/a	n/a	n/a	n/a	n/a
4315293	RECOG_CONF	n/a	LTP150	ltpFR	16	2	n/a	DUST	508	5	n/a	n/a	n/a	n/a	n/a	n/a
4316765	RECOG_TARGET	n/a	LTP150	ltpFR	16	2	0	ROBBER	1197	5	1	n/a	n/a	n/a	n/a	n/a
4317523	RECOG_RESP	n/a	LTP150	ltpFR	16	2	0	ROBBER	1197	n/a	1	n/a	n/a	n/a	n/a	n/a
4318316	RECOG_CONF	n/a	LTP150	ltpFR	16	2	0	ROBBER	1197	5	1	n/a	n/a	n/a	n/a	n/a
4321388	REC_START	n/a	LTP150	ltpFR	16	3	n/a	n/a	n/a	n/a	n/a	n/a	n/a	n/a	n/a	n/a
4321417	RECOG_TARGET	n/a	LTP150	ltpFR	16	3	0	GARAGE	621	5	1	n/a	n/a	n/a	n/a	n/a
4322341	RECOG_RESP	n/a	LTP150	ltpFR	16	3	0	GARAGE	621	n/a	1	n/a	n/a	n/a	n/a	n/a
4323169	RECOG_CONF	n/a	LTP150	ltpFR	16	3	0	GARAGE	621	5	1	n/a	n/a	n/a	n/a	n/a
4324589	RECOG_TARGET	n/a	LTP150	ltpFR	16	3	0	FOX	598	5	1	n/a	n/a	n/a	n/a	n/a
4325883	RECOG_RESP	n/a	LTP150	ltpFR	16	3	0	FOX	598	n/a	1	n/a	n/a	n/a	n/a	n/a
4326801	RECOG_CONF	n/a	LTP150	ltpFR	16	3	0	FOX	598	5	1	n/a	n/a	n/a	n/a	n/a
4328359	RECOG_LURE	n/a	LTP150	ltpFR	16	3	n/a	BURGLAR	200	1	n/a	n/a	n/a	n/a	n/a	n/a
4329165	RECOG_RESP	n/a	LTP150	ltpFR	16	3	n/a	BURGLAR	200	n/a	n/a	n/a	n/a	n/a	n/a	n/a
4329874	RECOG_CONF	n/a	LTP150	ltpFR	16	3	n/a	BURGLAR	200	1	n/a	n/a	n/a	n/a	n/a	n/a
4331323	RECOG_TARGET	n/a	LTP150	ltpFR	16	3	1	AUNT	60	5	1	n/a	n/a	n/a	n/a	n/a
4331999	RECOG_RESP	n/a	LTP150	ltpFR	16	3	1	AUNT	60	n/a	1	n/a	n/a	n/a	n/a	n/a
4332757	RECOG_CONF	n/a	LTP150	ltpFR	16	3	1	AUNT	60	5	1	n/a	n/a	n/a	n/a	n/a
4334178	RECOG_LURE	n/a	LTP150	ltpFR	16	3	n/a	SCALLOP	1242	1	n/a	n/a	n/a	n/a	n/a	n/a
4334962	RECOG_RESP	n/a	LTP150	ltpFR	16	3	n/a	SCALLOP	1242	n/a	n/a	n/a	n/a	n/a	n/a	n/a
4335870	RECOG_CONF	n/a	LTP150	ltpFR	16	3	n/a	SCALLOP	1242	1	n/a	n/a	n/a	n/a	n/a	n/a
4337241	RECOG_LURE	n/a	LTP150	ltpFR	16	3	n/a	COOK	372	1	n/a	n/a	n/a	n/a	n/a	n/a
4338080	RECOG_RESP	n/a	LTP150	ltpFR	16	3	n/a	COOK	372	n/a	n/a	n/a	n/a	n/a	n/a	n/a
4338823	RECOG_CONF	n/a	LTP150	ltpFR	16	3	n/a	COOK	372	1	n/a	n/a	n/a	n/a	n/a	n/a
4340320	RECOG_TARGET	n/a	LTP150	ltpFR	16	3	1	SENATOR	1268	5	1	n/a	n/a	n/a	n/a	n/a
4340958	RECOG_RESP	n/a	LTP150	ltpFR	16	3	1	SENATOR	1268	n/a	1	n/a	n/a	n/a	n/a	n/a
4341687	RECOG_CONF	n/a	LTP150	ltpFR	16	3	1	SENATOR	1268	5	1	n/a	n/a	n/a	n/a	n/a
4343084	RECOG_TARGET	n/a	LTP150	ltpFR	16	3	0	DIVER	476	1	1	n/a	n/a	n/a	n/a	n/a
4344061	RECOG_RESP	n/a	LTP150	ltpFR	16	3	0	DIVER	476	n/a	1	n/a	n/a	n/a	n/a	n/a
4344979	RECOG_CONF	n/a	LTP150	ltpFR	16	3	0	DIVER	476	1	1	n/a	n/a	n/a	n/a	n/a
4346405	RECOG_TARGET	n/a	LTP150	ltpFR	16	3	-1	COMMANDER	354	5	-1	n/a	n/a	n/a	n/a	n/a
4347563	RECOG_RESP	n/a	LTP150	ltpFR	16	3	-1	COMMANDER	354	n/a	-1	n/a	n/a	n/a	n/a	n/a
4348312	RECOG_CONF	n/a	LTP150	ltpFR	16	3	-1	COMMANDER	354	5	-1	n/a	n/a	n/a	n/a	n/a
4349726	RECOG_TARGET	n/a	LTP150	ltpFR	16	3	0	BUILDER	190	1	1	n/a	n/a	n/a	n/a	n/a
4350871	RECOG_RESP	n/a	LTP150	ltpFR	16	3	0	BUILDER	190	n/a	1	n/a	n/a	n/a	n/a	n/a
4352053	RECOG_CONF	n/a	LTP150	ltpFR	16	3	0	BUILDER	190	1	1	n/a	n/a	n/a	n/a	n/a
4353514	RECOG_LURE	n/a	LTP150	ltpFR	16	3	n/a	TUNA	1518	5	n/a	n/a	n/a	n/a	n/a	n/a
4354263	RECOG_RESP	n/a	LTP150	ltpFR	16	3	n/a	TUNA	1518	n/a	n/a	n/a	n/a	n/a	n/a	n/a
4355026	RECOG_CONF	n/a	LTP150	ltpFR	16	3	n/a	TUNA	1518	5	n/a	n/a	n/a	n/a	n/a	n/a
4356385	RECOG_TARGET	n/a	LTP150	ltpFR	16	3	1	RELATIVE	1182	5	1	n/a	n/a	n/a	n/a	n/a
4357246	RECOG_RESP	n/a	LTP150	ltpFR	16	3	1	RELATIVE	1182	n/a	1	n/a	n/a	n/a	n/a	n/a
4357980	RECOG_CONF	n/a	LTP150	ltpFR	16	3	1	RELATIVE	1182	5	1	n/a	n/a	n/a	n/a	n/a
4359348	RECOG_LURE	n/a	LTP150	ltpFR	16	3	n/a	REFRIGERATOR	1179	5	n/a	n/a	n/a	n/a	n/a	n/a
4360050	RECOG_RESP	n/a	LTP150	ltpFR	16	3	n/a	REFRIGERATOR	1179	n/a	n/a	n/a	n/a	n/a	n/a	n/a
4360783	RECOG_CONF	n/a	LTP150	ltpFR	16	3	n/a	REFRIGERATOR	1179	5	n/a	n/a	n/a	n/a	n/a	n/a
4362079	RECOG_LURE	n/a	LTP150	ltpFR	16	3	n/a	FLOOR	581	1	n/a	n/a	n/a	n/a	n/a	n/a
4363183	RECOG_RESP	n/a	LTP150	ltpFR	16	3	n/a	FLOOR	581	n/a	n/a	n/a	n/a	n/a	n/a	n/a
4364046	RECOG_CONF	n/a	LTP150	ltpFR	16	3	n/a	FLOOR	581	1	n/a	n/a	n/a	n/a	n/a	n/a
4365483	RECOG_TARGET	n/a	LTP150	ltpFR	16	3	1	BOLT	146	5	0	n/a	n/a	n/a	n/a	n/a
4366251	RECOG_RESP	n/a	LTP150	ltpFR	16	3	1	BOLT	146	n/a	0	n/a	n/a	n/a	n/a	n/a
4366959	RECOG_CONF	n/a	LTP150	ltpFR	16	3	1	BOLT	146	5	0	n/a	n/a	n/a	n/a	n/a
4368371	RECOG_TARGET	n/a	LTP150	ltpFR	16	3	-1	CAPTIVE	240	1	-1	n/a	n/a	n/a	n/a	n/a
4370017	RECOG_RESP	n/a	LTP150	ltpFR	16	3	-1	CAPTIVE	240	n/a	-1	n/a	n/a	n/a	n/a	n/a
4370721	RECOG_CONF	n/a	LTP150	ltpFR	16	3	-1	CAPTIVE	240	1	-1	n/a	n/a	n/a	n/a	n/a
4372200	RECOG_TARGET	n/a	LTP150	ltpFR	16	3	1	SERPENT	1270	5	1	n/a	n/a	n/a	n/a	n/a
4373045	RECOG_RESP	n/a	LTP150	ltpFR	16	3	1	SERPENT	1270	n/a	1	n/a	n/a	n/a	n/a	n/a
4373774	RECOG_CONF	n/a	LTP150	ltpFR	16	3	1	SERPENT	1270	5	1	n/a	n/a	n/a	n/a	n/a
4375147	RECOG_TARGET	n/a	LTP150	ltpFR	16	3	1	TOENAIL	1474	5	0	n/a	n/a	n/a	n/a	n/a
4375784	RECOG_RESP	n/a	LTP150	ltpFR	16	3	1	TOENAIL	1474	n/a	0	n/a	n/a	n/a	n/a	n/a
4376478	RECOG_CONF	n/a	LTP150	ltpFR	16	3	1	TOENAIL	1474	5	0	n/a	n/a	n/a	n/a	n/a
4377886	RECOG_TARGET	n/a	LTP150	ltpFR	16	3	-1	LIVER	833	5	-1	n/a	n/a	n/a	n/a	n/a
4378413	RECOG_RESP	n/a	LTP150	ltpFR	16	3	-1	LIVER	833	n/a	-1	n/a	n/a	n/a	n/a	n/a
4379142	RECOG_CONF	n/a	LTP150	ltpFR	16	3	-1	LIVER	833	5	-1	n/a	n/a	n/a	n/a	n/a
4380491	RECOG_LURE	n/a	LTP150	ltpFR	16	3	n/a	PUDDING	1139	5	n/a	n/a	n/a	n/a	n/a	n/a
4381217	RECOG_RESP	n/a	LTP150	ltpFR	16	3	n/a	PUDDING	1139	n/a	n/a	n/a	n/a	n/a	n/a	n/a
4381965	RECOG_CONF	n/a	LTP150	ltpFR	16	3	n/a	PUDDING	1139	5	n/a	n/a	n/a	n/a	n/a	n/a
4384840	REC_START	n/a	LTP150	ltpFR	16	4	n/a	n/a	n/a	n/a	n/a	n/a	n/a	n/a	n/a	n/a
4384870	RECOG_LURE	n/a	LTP150	ltpFR	16	4	n/a	CUSHION	428	5	n/a	n/a	n/a	n/a	n/a	n/a
4385508	RECOG_RESP	n/a	LTP150	ltpFR	16	4	n/a	CUSHION	428	n/a	n/a	n/a	n/a	n/a	n/a	n/a
4386232	RECOG_CONF	n/a	LTP150	ltpFR	16	4	n/a	CUSHION	428	5	n/a	n/a	n/a	n/a	n/a	n/a
4387574	RECOG_TARGET	n/a	LTP150	ltpFR	16	4	1	KNUCKLE	789	5	0	n/a	n/a	n/a	n/a	n/a
4388212	RECOG_RESP	n/a	LTP150	ltpFR	16	4	1	KNUCKLE	789	n/a	0	n/a	n/a	n/a	n/a	n/a
4388945	RECOG_CONF	n/a	LTP150	ltpFR	16	4	1	KNUCKLE	789	5	0	n/a	n/a	n/a	n/a	n/a
4390338	RECOG_TARGET	n/a	LTP150	ltpFR	16	4	-1	STRAWBERRY	1391	5	-1	n/a	n/a	n/a	n/a	n/a
4390871	RECOG_RESP	n/a	LTP150	ltpFR	16	4	-1	STRAWBERRY	1391	n/a	-1	n/a	n/a	n/a	n/a	n/a
4391580	RECOG_CONF	n/a	LTP150	ltpFR	16	4	-1	STRAWBERRY	1391	5	-1	n/a	n/a	n/a	n/a	n/a
4392969	RECOG_LURE	n/a	LTP150	ltpFR	16	4	n/a	CACTUS	215	5	n/a	n/a	n/a	n/a	n/a	n/a
4393585	RECOG_RESP	n/a	LTP150	ltpFR	16	4	n/a	CACTUS	215	n/a	n/a	n/a	n/a	n/a	n/a	n/a
4394313	RECOG_CONF	n/a	LTP150	ltpFR	16	4	n/a	CACTUS	215	5	n/a	n/a	n/a	n/a	n/a	n/a
4395690	RECOG_TARGET	n/a	LTP150	ltpFR	16	4	0	PRISON	1127	5	1	n/a	n/a	n/a	n/a	n/a
4396833	RECOG_RESP	n/a	LTP150	ltpFR	16	4	0	PRISON	1127	n/a	1	n/a	n/a	n/a	n/a	n/a
4397586	RECOG_CONF	n/a	LTP150	ltpFR	16	4	0	PRISON	1127	5	1	n/a	n/a	n/a	n/a	n/a
4399003	RECOG_LURE	n/a	LTP150	ltpFR	16	4	n/a	BAIT	70	5	n/a	n/a	n/a	n/a	n/a	n/a
4399656	RECOG_RESP	n/a	LTP150	ltpFR	16	4	n/a	BAIT	70	n/a	n/a	n/a	n/a	n/a	n/a	n/a
4400360	RECOG_CONF	n/a	LTP150	ltpFR	16	4	n/a	BAIT	70	5	n/a	n/a	n/a	n/a	n/a	n/a
4401850	RECOG_LURE	n/a	LTP150	ltpFR	16	4	n/a	CHAMPAGNE	278	5	n/a	n/a	n/a	n/a	n/a	n/a
4402545	RECOG_RESP	n/a	LTP150	ltpFR	16	4	n/a	CHAMPAGNE	278	n/a	n/a	n/a	n/a	n/a	n/a	n/a
4403243	RECOG_CONF	n/a	LTP150	ltpFR	16	4	n/a	CHAMPAGNE	278	5	n/a	n/a	n/a	n/a	n/a	n/a
4404704	RECOG_TARGET	n/a	LTP150	ltpFR	16	4	1	SNAIL	1332	5	1	n/a	n/a	n/a	n/a	n/a
4405543	RECOG_RESP	n/a	LTP150	ltpFR	16	4	1	SNAIL	1332	n/a	1	n/a	n/a	n/a	n/a	n/a
4406336	RECOG_CONF	n/a	LTP150	ltpFR	16	4	1	SNAIL	1332	5	1	n/a	n/a	n/a	n/a	n/a
4407709	RECOG_LURE	n/a	LTP150	ltpFR	16	4	n/a	DOORBELL	487	5	n/a	n/a	n/a	n/a	n/a	n/a
4408316	RECOG_RESP	n/a	LTP150	ltpFR	16	4	n/a	DOORBELL	487	n/a	n/a	n/a	n/a	n/a	n/a	n/a
4409010	RECOG_CONF	n/a	LTP150	ltpFR	16	4	n/a	DOORBELL	487	5	n/a	n/a	n/a	n/a	n/a	n/a
4410339	RECOG_LURE	n/a	LTP150	ltpFR	16	4	n/a	WASP	1593	5	n/a	n/a	n/a	n/a	n/a	n/a
4411035	RECOG_RESP	n/a	LTP150	ltpFR	16	4	n/a	WASP	1593	n/a	n/a	n/a	n/a	n/a	n/a	n/a
4411724	RECOG_CONF	n/a	LTP150	ltpFR	16	4	n/a	WASP	1593	5	n/a	n/a	n/a	n/a	n/a	n/a
4413078	RECOG_TARGET	n/a	LTP150	ltpFR	16	4	0	BEET	115	5	0	n/a	n/a	n/a	n/a	n/a
4413664	RECOG_RESP	n/a	LTP150	ltpFR	16	4	0	BEET	115	n/a	0	n/a	n/a	n/a	n/a	n/a
4414418	RECOG_CONF	n/a	LTP150	ltpFR	16	4	0	BEET	115	5	0	n/a	n/a	n/a	n/a	n/a
4415767	RECOG_LURE	n/a	LTP150	ltpFR	16	4	n/a	MUMMY	932	5	n/a	n/a	n/a	n/a	n/a	n/a
4416318	RECOG_RESP	n/a	LTP150	ltpFR	16	4	n/a	MUMMY	932	n/a	n/a	n/a	n/a	n/a	n/a	n/a
4417022	RECOG_CONF	n/a	LTP150	ltpFR	16	4	n/a	MUMMY	932	5	n/a	n/a	n/a	n/a	n/a	n/a
4418388	RECOG_TARGET	n/a	LTP150	ltpFR	16	4	1	BARK	87	5	0	n/a	n/a	n/a	n/a	n/a
4419117	RECOG_RESP	n/a	LTP150	ltpFR	16	4	1	BARK	87	n/a	0	n/a	n/a	n/a	n/a	n/a
4419885	RECOG_CONF	n/a	LTP150	ltpFR	16	4	1	BARK	87	5	0	n/a	n/a	n/a	n/a	n/a
4421260	RECOG_TARGET	n/a	LTP150	ltpFR	16	4	-1	SPOON	1357	5	-1	n/a	n/a	n/a	n/a	n/a
4421756	RECOG_RESP	n/a	LTP150	ltpFR	16	4	-1	SPOON	1357	n/a	-1	n/a	n/a	n/a	n/a	n/a
4422479	RECOG_CONF	n/a	LTP150	ltpFR	16	4	-1	SPOON	1357	5	-1	n/a	n/a	n/a	n/a	n/a
4423767	RECOG_TARGET	n/a	LTP150	ltpFR	16	4	0	VILLAIN	1567	4	1	n/a	n/a	n/a	n/a	n/a
4424490	RECOG_RESP	n/a	LTP150	ltpFR	16	4	0	VILLAIN	1567	n/a	1	n/a	n/a	n/a	n/a	n/a
4425263	RECOG_CONF	n/a	LTP150	ltpFR	16	4	0	VILLAIN	1567	4	1	n/a	n/a	n/a	n/a	n/a
4426629	RECOG_TARGET	n/a	LTP150	ltpFR	16	4	-1	GOAT	644	5	-1	n/a	n/a	n/a	n/a	n/a
4427228	RECOG_RESP	n/a	LTP150	ltpFR	16	4	-1	GOAT	644	n/a	-1	n/a	n/a	n/a	n/a	n/a
4427937	RECOG_CONF	n/a	LTP150	ltpFR	16	4	-1	GOAT	644	5	-1	n/a	n/a	n/a	n/a	n/a
4429367	RECOG_TARGET	n/a	LTP150	ltpFR	16	4	0	RACCOON	1153	1	1	n/a	n/a	n/a	n/a	n/a
4430017	RECOG_RESP	n/a	LTP150	ltpFR	16	4	0	RACCOON	1153	n/a	1	n/a	n/a	n/a	n/a	n/a
4430750	RECOG_CONF	n/a	LTP150	ltpFR	16	4	0	RACCOON	1153	1	1	n/a	n/a	n/a	n/a	n/a
4432039	RECOG_LURE	n/a	LTP150	ltpFR	16	4	n/a	TIMBER	1469	5	n/a	n/a	n/a	n/a	n/a	n/a
4432701	RECOG_RESP	n/a	LTP150	ltpFR	16	4	n/a	TIMBER	1469	n/a	n/a	n/a	n/a	n/a	n/a	n/a
4433355	RECOG_CONF	n/a	LTP150	ltpFR	16	4	n/a	TIMBER	1469	5	n/a	n/a	n/a	n/a	n/a	n/a
4434686	RECOG_TARGET	n/a	LTP150	ltpFR	16	4	0	JAW	751	5	0	n/a	n/a	n/a	n/a	n/a
4435300	RECOG_RESP	n/a	LTP150	ltpFR	16	4	0	JAW	751	n/a	0	n/a	n/a	n/a	n/a	n/a
4436058	RECOG_CONF	n/a	LTP150	ltpFR	16	4	0	JAW	751	5	0	n/a	n/a	n/a	n/a	n/a
4437350	RECOG_LURE	n/a	LTP150	ltpFR	16	4	n/a	TUXEDO	1525	1	n/a	n/a	n/a	n/a	n/a	n/a
4437974	RECOG_RESP	n/a	LTP150	ltpFR	16	4	n/a	TUXEDO	1525	n/a	n/a	n/a	n/a	n/a	n/a	n/a
4438722	RECOG_CONF	n/a	LTP150	ltpFR	16	4	n/a	TUXEDO	1525	1	n/a	n/a	n/a	n/a	n/a	n/a
4441604	REC_START	n/a	LTP150	ltpFR	16	5	n/a	n/a	n/a	n/a	n/a	n/a	n/a	n/a	n/a	n/a
4441628	RECOG_TARGET	n/a	LTP150	ltpFR	16	5	1	RICE	1190	4	1	n/a	n/a	n/a	n/a	n/a
4442282	RECOG_RESP	n/a	LTP150	ltpFR	16	5	1	RICE	1190	n/a	1	n/a	n/a	n/a	n/a	n/a
4443255	RECOG_CONF	n/a	LTP150	ltpFR	16	5	1	RICE	1190	4	1	n/a	n/a	n/a	n/a	n/a
4444541	RECOG_LURE	n/a	LTP150	ltpFR	16	5	n/a	KEG	770	5	n/a	n/a	n/a	n/a	n/a	n/a
4445280	RECOG_RESP	n/a	LTP150	ltpFR	16	5	n/a	KEG	770	n/a	n/a	n/a	n/a	n/a	n/a	n/a
4445939	RECOG_CONF	n/a	LTP150	ltpFR	16	5	n/a	KEG	770	5	n/a	n/a	n/a	n/a	n/a	n/a
4447272	RECOG_TARGET	n/a	LTP150	ltpFR	16	5	-1	PLUM	1090	5	-1	n/a	n/a	n/a	n/a	n/a
4447954	RECOG_RESP	n/a	LTP150	ltpFR	16	5	-1	PLUM	1090	n/a	-1	n/a	n/a	n/a	n/a	n/a
4448603	RECOG_CONF	n/a	LTP150	ltpFR	16	5	-1	PLUM	1090	5	-1	n/a	n/a	n/a	n/a	n/a
4449969	RECOG_LURE	n/a	LTP150	ltpFR	16	5	n/a	FLOWER	584	1	n/a	n/a	n/a	n/a	n/a	n/a
4450688	RECOG_RESP	n/a	LTP150	ltpFR	16	5	n/a	FLOWER	584	n/a	n/a	n/a	n/a	n/a	n/a	n/a
4451476	RECOG_CONF	n/a	LTP150	ltpFR	16	5	n/a	FLOWER	584	1	n/a	n/a	n/a	n/a	n/a	n/a
4452841	RECOG_TARGET	n/a	LTP150	ltpFR	16	5	-1	SHELL	1281	5	-1	n/a	n/a	n/a	n/a	n/a
4453502	RECOG_RESP	n/a	LTP150	ltpFR	16	5	-1	SHELL	1281	n/a	-1	n/a	n/a	n/a	n/a	n/a
4454310	RECOG_CONF	n/a	LTP150	ltpFR	16	5	-1	SHELL	1281	5	-1	n/a	n/a	n/a	n/a	n/a
4455788	RECOG_TARGET	n/a	LTP150	ltpFR	16	5	0	SHIP	1286	4	1	n/a	n/a	n/a	n/a	n/a
4456984	RECOG_RESP	n/a	LTP150	ltpFR	16	5	0	SHIP	1286	n/a	1	n/a	n/a	n/a	n/a	n/a
4457962	RECOG_CONF	n/a	LTP150	ltpFR	16	5	0	SHIP	1286	4	1	n/a	n/a	n/a	n/a	n/a
4459416	RECOG_LURE	n/a	LTP150	ltpFR	16	5	n/a	CARROT	249	4	n/a	n/a	n/a	n/a	n/a	n/a
4460201	RECOG_RESP	n/a	LTP150	ltpFR	16	5	n/a	CARROT	249	n/a	n/a	n/a	n/a	n/a	n/a	n/a
4461015	RECOG_CONF	n/a	LTP150	ltpFR	16	5	n/a	CARROT	249	4	n/a	n/a	n/a	n/a	n/a	n/a
4462337	RECOG_TARGET	n/a	LTP150	ltpFR	16	5	1	THORN	1459	5	0	n/a	n/a	n/a	n/a	n/a
4463060	RECOG_RESP	n/a	LTP150	ltpFR	16	5	1	THORN	1459	n/a	0	n/a	n/a	n/a	n/a	n/a
4463818	RECOG_CONF	n/a	LTP150	ltpFR	16	5	1	THORN	1459	5	0	n/a	n/a	n/a	n/a	n/a
4465226	RECOG_TARGET	n/a	LTP150	ltpFR	16	5	-1	TERMINAL	1450	4	-1	n/a	n/a	n/a	n/a	n/a
4466253	RECOG_RESP	n/a	LTP150	ltpFR	16	5	-1	TERMINAL	1450	n/a	-1	n/a	n/a	n/a	n/a	n/a
4467241	RECOG_CONF	n/a	LTP150	ltpFR	16	5	-1	TERMINAL	1450	4	-1	n/a	n/a	n/a	n/a	n/a
4468680	RECOG_LURE	n/a	LTP150	ltpFR	16	5	n/a	DAUGHTER	442	5	n/a	n/a	n/a	n/a	n/a	n/a
4470064	RECOG_RESP	n/a	LTP150	ltpFR	16	5	n/a	DAUGHTER	442	n/a	n/a	n/a	n/a	n/a	n/a	n/a
4470912	RECOG_CONF	n/a	LTP150	ltpFR	16	5	n/a	DAUGHTER	442	5	n/a	n/a	n/a	n/a	n/a	n/a
4472384	RECOG_TARGET	n/a	LTP150	ltpFR	16	5	0	ROBE	1198	5	0	n/a	n/a	n/a	n/a	n/a
4473067	RECOG_RESP	n/a	LTP150	ltpFR	16	5	0	ROBE	1198	n/a	0	n/a	n/a	n/a	n/a	n/a
4473895	RECOG_CONF	n/a	LTP150	ltpFR	16	5	0	ROBE	1198	5	0	n/a	n/a	n/a	n/a	n/a
4475239	RECOG_LURE	n/a	LTP150	ltpFR	16	5	n/a	LILY	821	5	n/a	n/a	n/a	n/a	n/a	n/a
4475986	RECOG_RESP	n/a	LTP150	ltpFR	16	5	n/a	LILY	821	n/a	n/a	n/a	n/a	n/a	n/a	n/a
4476739	RECOG_CONF	n/a	LTP150	ltpFR	16	5	n/a	LILY	821	5	n/a	n/a	n/a	n/a	n/a	n/a
4478069	RECOG_LURE	n/a	LTP150	ltpFR	16	5	n/a	OUTFIT	988	5	n/a	n/a	n/a	n/a	n/a	n/a
4478869	RECOG_RESP	n/a	LTP150	ltpFR	16	5	n/a	OUTFIT	988	n/a	n/a	n/a	n/a	n/a	n/a	n/a
4479622	RECOG_CONF	n/a	LTP150	ltpFR	16	5	n/a	OUTFIT	988	5	n/a	n/a	n/a	n/a	n/a	n/a
4481041	RECOG_TARGET	n/a	LTP150	ltpFR	16	5	-1	STEREO	1378	5	-1	n/a	n/a	n/a	n/a	n/a
4481638	RECOG_RESP	n/a	LTP150	ltpFR	16	5	-1	STEREO	1378	n/a	-1	n/a	n/a	n/a	n/a	n/a
4482426	RECOG_CONF	n/a	LTP150	ltpFR	16	5	-1	STEREO	1378	5	-1	n/a	n/a	n/a	n/a	n/a
4483746	RECOG_TARGET	n/a	LTP150	ltpFR	16	5	1	BATTERY	101	5	0	n/a	n/a	n/a	n/a	n/a
4484367	RECOG_RESP	n/a	LTP150	ltpFR	16	5	1	BATTERY	101	n/a	0	n/a	n/a	n/a	n/a	n/a
4485130	RECOG_CONF	n/a	LTP150	ltpFR	16	5	1	BATTERY	101	5	0	n/a	n/a	n/a	n/a	n/a
4486443	RECOG_TARGET	n/a	LTP150	ltpFR	16	5	0	MOWER	928	5	0	n/a	n/a	n/a	n/a	n/a
4487190	RECOG_RESP	n/a	LTP150	ltpFR	16	5	0	MOWER	928	n/a	0	n/a	n/a	n/a	n/a	n/a
4487993	RECOG_CONF	n/a	LTP150	ltpFR	16	5	0	MOWER	928	5	0	n/a	n/a	n/a	n/a	n/a
4489373	RECOG_TARGET	n/a	LTP150	ltpFR	16	5	1	HARE	688	5	1	n/a	n/a	n/a	n/a	n/a
4489914	RECOG_RESP	n/a	LTP150	ltpFR	16	5	1	HARE	688	n/a	1	n/a	n/a	n/a	n/a	n/a
4490669	RECOG_CONF	n/a	LTP150	ltpFR	16	5	1	HARE	688	5	1	n/a	n/a	n/a	n/a	n/a
4491979	RECOG_LURE	n/a	LTP150	ltpFR	16	5	n/a	SWAN	1417	5	n/a	n/a	n/a	n/a	n/a	n/a
4492658	RECOG_RESP	n/a	LTP150	ltpFR	16	5	n/a	SWAN	1417	n/a	n/a	n/a	n/a	n/a	n/a	n/a
4493381	RECOG_CONF	n/a	LTP150	ltpFR	16	5	n/a	SWAN	1417	5	n/a	n/a	n/a	n/a	n/a	n/a
4494733	RECOG_LURE	n/a	LTP150	ltpFR	16	5	n/a	CANDIDATE	228	5	n/a	n/a	n/a	n/a	n/a	n/a
4495352	RECOG_RESP	n/a	LTP150	ltpFR	16	5	n/a	CANDIDATE	228	n/a	n/a	n/a	n/a	n/a	n/a	n/a
4496065	RECOG_CONF	n/a	LTP150	ltpFR	16	5	n/a	CANDIDATE	228	5	n/a	n/a	n/a	n/a	n/a	n/a
4497380	RECOG_TARGET	n/a	LTP150	ltpFR	16	5	-1	TOOTH	1481	5	-1	n/a	n/a	n/a	n/a	n/a
4498036	RECOG_RESP	n/a	LTP150	ltpFR	16	5	-1	TOOTH	1481	n/a	-1	n/a	n/a	n/a	n/a	n/a
4498779	RECOG_CONF	n/a	LTP150	ltpFR	16	5	-1	TOOTH	1481	5	-1	n/a	n/a	n/a	n/a	n/a
4501638	REC_START	n/a	LTP150	ltpFR	16	6	n/a	n/a	n/a	n/a	n/a	n/a	n/a	n/a	n/a	n/a
4501667	RECOG_TARGET	n/a	LTP150	ltpFR	16	6	0	BUGGY	188	2	1	n/a	n/a	n/a	n/a	n/a
4502231	RECOG_RESP	n/a	LTP150	ltpFR	16	6	0	BUGGY	188	n/a	1	n/a	n/a	n/a	n/a	n/a
4503189	RECOG_CONF	n/a	LTP150	ltpFR	16	6	0	BUGGY	188	2	1	n/a	n/a	n/a	n/a	n/a
4504597	RECOG_TARGET	n/a	LTP150	ltpFR	16	6	0	CRYSTAL	418	5	0	n/a	n/a	n/a	n/a	n/a
4505265	RECOG_RESP	n/a	LTP150	ltpFR	16	6	0	CRYSTAL	418	n/a	0	n/a	n/a	n/a	n/a	n/a
4506033	RECOG_CONF	n/a	LTP150	ltpFR	16	6	0	CRYSTAL	418	5	0	n/a	n/a	n/a	n/a	n/a
4507427	RECOG_LURE	n/a	LTP150	ltpFR	16	6	n/a	OWL	992	5	n/a	n/a	n/a	n/a	n/a	n/a
4507988	RECOG_RESP	n/a	LTP150	ltpFR	16	6	n/a	OWL	992	n/a	n/a	n/a	n/a	n/a	n/a	n/a
4508657	RECOG_CONF	n/a	LTP150	ltpFR	16	6	n/a	OWL	992	5	n/a	n/a	n/a	n/a	n/a	n/a
4509958	RECOG_LURE	n/a	LTP150	ltpFR	16	6	n/a	DANCER	437	5	n/a	n/a	n/a	n/a	n/a	n/a
4510977	RECOG_RESP	n/a	LTP150	ltpFR	16	6	n/a	DANCER	437	n/a	n/a	n/a	n/a	n/a	n/a	n/a
4511625	RECOG_CONF	n/a	LTP150	ltpFR	16	6	n/a	DANCER	437	5	n/a	n/a	n/a	n/a	n/a	n/a
4512913	RECOG_TARGET	n/a	LTP150	ltpFR	16	6	-1	DOUGH	489	5	-1	n/a	n/a	n/a	n/a	n/a
4513651	RECOG_RESP	n/a	LTP150	ltpFR	16	6	-1	DOUGH	489	n/a	-1	n/a	n/a	n/a	n/a	n/a
4514334	RECOG_CONF	n/a	LTP150	ltpFR	16	6	-1	DOUGH	489	5	-1	n/a	n/a	n/a	n/a	n/a
4515701	RECOG_TARGET	n/a	LTP150	ltpFR	16	6	0	BRACES	164	5	0	n/a	n/a	n/a	n/a	n/a
4516424	RECOG_RESP	n/a	LTP150	ltpFR	16	6	0	BRACES	164	n/a	0	n/a	n/a	n/a	n/a	n/a
4517088	RECOG_CONF	n/a	LTP150	ltpFR	16	6	0	BRACES	164	5	0	n/a	n/a	n/a	n/a	n/a
4518389	RECOG_TARGET	n/a	LTP150	ltpFR	16	6	0	HAYSTACK	694	5	1	n/a	n/a	n/a	n/a	n/a
4518963	RECOG_RESP	n/a	LTP150	ltpFR	16	6	0	HAYSTACK	694	n/a	1	n/a	n/a	n/a	n/a	n/a
4519642	RECOG_CONF	n/a	LTP150	ltpFR	16	6	0	HAYSTACK	694	5	1	n/a	n/a	n/a	n/a	n/a
4520954	RECOG_TARGET	n/a	LTP150	ltpFR	16	6	0	WALL	1582	5	0	n/a	n/a	n/a	n/a	n/a
4521498	RECOG_RESP	n/a	LTP150	ltpFR	16	6	0	WALL	1582	n/a	0	n/a	n/a	n/a	n/a	n/a
4522156	RECOG_CONF	n/a	LTP150	ltpFR	16	6	0	WALL	1582	5	0	n/a	n/a	n/a	n/a	n/a
4523492	RECOG_TARGET	n/a	LTP150	ltpFR	16	6	1	MICROSCOPE	891	5	0	n/a	n/a	n/a	n/a	n/a
4523992	RECOG_RESP	n/a	LTP150	ltpFR	16	6	1	MICROSCOPE	891	n/a	0	n/a	n/a	n/a	n/a	n/a
4524660	RECOG_CONF	n/a	LTP150	ltpFR	16	6	1	MICROSCOPE	891	5	0	n/a	n/a	n/a	n/a	n/a
4525940	RECOG_LURE	n/a	LTP150	ltpFR	16	6	n/a	FRAME	600	5	n/a	n/a	n/a	n/a	n/a	n/a
4526496	RECOG_RESP	n/a	LTP150	ltpFR	16	6	n/a	FRAME	600	n/a	n/a	n/a	n/a	n/a	n/a	n/a
4527135	RECOG_CONF	n/a	LTP150	ltpFR	16	6	n/a	FRAME	600	5	n/a	n/a	n/a	n/a	n/a	n/a
4528602	RECOG_TARGET	n/a	LTP150	ltpFR	16	6	0	BUFFALO	186	5	1	n/a	n/a	n/a	n/a	n/a
4529120	RECOG_RESP	n/a	LTP150	ltpFR	16	6	0	BUFFALO	186	n/a	1	n/a	n/a	n/a	n/a	n/a
4529839	RECOG_CONF	n/a	LTP150	ltpFR	16	6	0	BUFFALO	186	5	1	n/a	n/a	n/a	n/a	n/a
4531208	RECOG_TARGET	n/a	LTP150	ltpFR	16	6	1	COUNTY	389	5	0	n/a	n/a	n/a	n/a	n/a
4531729	RECOG_RESP	n/a	LTP150	ltpFR	16	6	1	COUNTY	389	n/a	0	n/a	n/a	n/a	n/a	n/a
4532453	RECOG_CONF	n/a	LTP150	ltpFR	16	6	1	COUNTY	389	5	0	n/a	n/a	n/a	n/a	n/a
4533756	RECOG_TARGET	n/a	LTP150	ltpFR	16	6	0	SYRINGE	1424	5	0	n/a	n/a	n/a	n/a	n/a
4534413	RECOG_RESP	n/a	LTP150	ltpFR	16	6	0	SYRINGE	1424	n/a	0	n/a	n/a	n/a	n/a	n/a
4535107	RECOG_CONF	n/a	LTP150	ltpFR	16	6	0	SYRINGE	1424	5	0	n/a	n/a	n/a	n/a	n/a
4536402	RECOG_TARGET	n/a	LTP150	ltpFR	16	6	1	DISH	474	5	0	n/a	n/a	n/a	n/a	n/a
4536953	RECOG_RESP	n/a	LTP150	ltpFR	16	6	1	DISH	474	n/a	0	n/a	n/a	n/a	n/a	n/a
4537661	RECOG_CONF	n/a	LTP150	ltpFR	16	6	1	DISH	474	5	0	n/a	n/a	n/a	n/a	n/a
4539090	RECOG_LURE	n/a	LTP150	ltpFR	16	6	n/a	POSSUM	1112	5	n/a	n/a	n/a	n/a	n/a	n/a
4539986	RECOG_RESP	n/a	LTP150	ltpFR	16	6	n/a	POSSUM	1112	n/a	n/a	n/a	n/a	n/a	n/a	n/a
4540724	RECOG_CONF	n/a	LTP150	ltpFR	16	6	n/a	POSSUM	1112	5	n/a	n/a	n/a	n/a	n/a	n/a
4542137	RECOG_LURE	n/a	LTP150	ltpFR	16	6	n/a	SEAT	1264	5	n/a	n/a	n/a	n/a	n/a	n/a
4542809	RECOG_RESP	n/a	LTP150	ltpFR	16	6	n/a	SEAT	1264	n/a	n/a	n/a	n/a	n/a	n/a	n/a
4543508	RECOG_CONF	n/a	LTP150	ltpFR	16	6	n/a	SEAT	1264	5	n/a	n/a	n/a	n/a	n/a	n/a
4544901	RECOG_TARGET	n/a	LTP150	ltpFR	16	6	0	FIG	563	5	0	n/a	n/a	n/a	n/a	n/a
4545478	RECOG_RESP	n/a	LTP150	ltpFR	16	6	0	FIG	563	n/a	0	n/a	n/a	n/a	n/a	n/a
4546200	RECOG_CONF	n/a	LTP150	ltpFR	16	6	0	FIG	563	5	0	n/a	n/a	n/a	n/a	n/a
4547522	RECOG_TARGET	n/a	LTP150	ltpFR	16	6	-1	HEAD	695	5	-1	n/a	n/a	n/a	n/a	n/a
4548057	RECOG_RESP	n/a	LTP150	ltpFR	16	6	-1	HEAD	695	n/a	-1	n/a	n/a	n/a	n/a	n/a
4548786	RECOG_CONF	n/a	LTP150	ltpFR	16	6	-1	HEAD	695	5	-1	n/a	n/a	n/a	n/a	n/a
4550103	RECOG_TARGET	n/a	LTP150	ltpFR	16	6	1	PEAR	1033	5	1	n/a	n/a	n/a	n/a	n/a
4550661	RECOG_RESP	n/a	LTP150	ltpFR	16	6	1	PEAR	1033	n/a	1	n/a	n/a	n/a	n/a	n/a
4551400	RECOG_CONF	n/a	LTP150	ltpFR	16	6	1	PEAR	1033	5	1	n/a	n/a	n/a	n/a	n/a
4552775	RECOG_TARGET	n/a	LTP150	ltpFR	16	6	0	DASHBOARD	441	5	0	n/a	n/a	n/a	n/a	n/a
4553420	RECOG_RESP	n/a	LTP150	ltpFR	16	6	0	DASHBOARD	441	n/a	0	n/a	n/a	n/a	n/a	n/a
4554173	RECOG_CONF	n/a	LTP150	ltpFR	16	6	0	DASHBOARD	441	5	0	n/a	n/a	n/a	n/a	n/a
4557112	REC_START	n/a	LTP150	ltpFR	16	7	n/a	n/a	n/a	n/a	n/a	n/a	n/a	n/a	n/a	n/a
4557136	RECOG_TARGET	n/a	LTP150	ltpFR	16	7	1	SPY	1360	5	1	n/a	n/a	n/a	n/a	n/a
4557705	RECOG_RESP	n/a	LTP150	ltpFR	16	7	1	SPY	1360	n/a	1	n/a	n/a	n/a	n/a	n/a
4558484	RECOG_CONF	n/a	LTP150	ltpFR	16	7	1	SPY	1360	5	1	n/a	n/a	n/a	n/a	n/a
4559842	RECOG_TARGET	n/a	LTP150	ltpFR	16	7	0	APE	31	5	1	n/a	n/a	n/a	n/a	n/a
4560414	RECOG_RESP	n/a	LTP150	ltpFR	16	7	0	APE	31	n/a	1	n/a	n/a	n/a	n/a	n/a
4561188	RECOG_CONF	n/a	LTP150	ltpFR	16	7	0	APE	31	5	1	n/a	n/a	n/a	n/a	n/a
4562613	RECOG_TARGET	n/a	LTP150	ltpFR	16	7	0	HAIL	676	5	0	n/a	n/a	n/a	n/a	n/a
4563133	RECOG_RESP	n/a	LTP150	ltpFR	16	7	0	HAIL	676	n/a	0	n/a	n/a	n/a	n/a	n/a
4563852	RECOG_CONF	n/a	LTP150	ltpFR	16	7	0	HAIL	676	5	0	n/a	n/a	n/a	n/a	n/a
4565235	RECOG_TARGET	n/a	LTP150	ltpFR	16	7	0	ATMOSPHERE	54	5	1	n/a	n/a	n/a	n/a	n/a
4565772	RECOG_RESP	n/a	LTP150	ltpFR	16	7	0	ATMOSPHERE	54	n/a	1	n/a	n/a	n/a	n/a	n/a
4566505	RECOG_CONF	n/a	LTP150	ltpFR	16	7	0	ATMOSPHERE	54	5	1	n/a	n/a	n/a	n/a	n/a
4567958	RECOG_TARGET	n/a	LTP150	ltpFR	16	7	-1	CANE	231	5	-1	n/a	n/a	n/a	n/a	n/a
4568551	RECOG_RESP	n/a	LTP150	ltpFR	16	7	-1	CANE	231	n/a	-1	n/a	n/a	n/a	n/a	n/a
4569369	RECOG_CONF	n/a	LTP150	ltpFR	16	7	-1	CANE	231	5	-1	n/a	n/a	n/a	n/a	n/a
4570670	RECOG_TARGET	n/a	LTP150	ltpFR	16	7	0	EARTH	515	5	1	n/a	n/a	n/a	n/a	n/a
4571190	RECOG_RESP	n/a	LTP150	ltpFR	16	7	0	EARTH	515	n/a	1	n/a	n/a	n/a	n/a	n/a
4571943	RECOG_CONF	n/a	LTP150	ltpFR	16	7	0	EARTH	515	5	1	n/a	n/a	n/a	n/a	n/a
4573359	RECOG_TARGET	n/a	LTP150	ltpFR	16	7	1	GUARDIAN	668	5	1	n/a	n/a	n/a	n/a	n/a
4573879	RECOG_RESP	n/a	LTP150	ltpFR	16	7	1	GUARDIAN	668	n/a	1	n/a	n/a	n/a	n/a	n/a
4574597	RECOG_CONF	n/a	LTP150	ltpFR	16	7	1	GUARDIAN	668	5	1	n/a	n/a	n/a	n/a	n/a
4576047	RECOG_LURE	n/a	LTP150	ltpFR	16	7	n/a	POLYESTER	1100	5	n/a	n/a	n/a	n/a	n/a	n/a
4576662	RECOG_RESP	n/a	LTP150	ltpFR	16	7	n/a	POLYESTER	1100	n/a	n/a	n/a	n/a	n/a	n/a	n/a
4577421	RECOG_CONF	n/a	LTP150	ltpFR	16	7	n/a	POLYESTER	1100	5	n/a	n/a	n/a	n/a	n/a	n/a
4578744	RECOG_TARGET	n/a	LTP150	ltpFR	16	7	1	PRUNE	1134	5	1	n/a	n/a	n/a	n/a	n/a
4579296	RECOG_RESP	n/a	LTP150	ltpFR	16	7	1	PRUNE	1134	n/a	1	n/a	n/a	n/a	n/a	n/a
4580065	RECOG_CONF	n/a	LTP150	ltpFR	16	7	1	PRUNE	1134	5	1	n/a	n/a	n/a	n/a	n/a
4581416	RECOG_LURE	n/a	LTP150	ltpFR	16	7	n/a	SUBURB	1399	5	n/a	n/a	n/a	n/a	n/a	n/a
4582110	RECOG_RESP	n/a	LTP150	ltpFR	16	7	n/a	SUBURB	1399	n/a	n/a	n/a	n/a	n/a	n/a	n/a
4582948	RECOG_CONF	n/a	LTP150	ltpFR	16	7	n/a	SUBURB	1399	5	n/a	n/a	n/a	n/a	n/a	n/a
4584346	RECOG_TARGET	n/a	LTP150	ltpFR	16	7	1	MALL	860	5	0	n/a	n/a	n/a	n/a	n/a
4585547	RECOG_RESP	n/a	LTP150	ltpFR	16	7	1	MALL	860	n/a	0	n/a	n/a	n/a	n/a	n/a
4586360	RECOG_CONF	n/a	LTP150	ltpFR	16	7	1	MALL	860	5	0	n/a	n/a	n/a	n/a	n/a
4587760	RECOG_LURE	n/a	LTP150	ltpFR	16	7	n/a	MANSION	864	1	n/a	n/a	n/a	n/a	n/a	n/a
4588680	RECOG_RESP	n/a	LTP150	ltpFR	16	7	n/a	MANSION	864	n/a	n/a	n/a	n/a	n/a	n/a	n/a
4589473	RECOG_CONF	n/a	LTP150	ltpFR	16	7	n/a	MANSION	864	1	n/a	n/a	n/a	n/a	n/a	n/a
4590865	RECOG_TARGET	n/a	LTP150	ltpFR	16	7	1	SUN	1406	5	0	n/a	n/a	n/a	n/a	n/a
4591484	RECOG_RESP	n/a	LTP150	ltpFR	16	7	1	SUN	1406	n/a	0	n/a	n/a	n/a	n/a	n/a
4592237	RECOG_CONF	n/a	LTP150	ltpFR	16	7	1	SUN	1406	5	0	n/a	n/a	n/a	n/a	n/a
4593644	RECOG_TARGET	n/a	LTP150	ltpFR	16	7	0	SEED	1266	5	0	n/a	n/a	n/a	n/a	n/a
4594242	RECOG_RESP	n/a	LTP150	ltpFR	16	7	0	SEED	1266	n/a	0	n/a	n/a	n/a	n/a	n/a
4594991	RECOG_CONF	n/a	LTP150	ltpFR	16	7	0	SEED	1266	5	0	n/a	n/a	n/a	n/a	n/a
4596490	RECOG_TARGET	n/a	LTP150	ltpFR	16	7	1	DIGGER	464	5	0	n/a	n/a	n/a	n/a	n/a
4597086	RECOG_RESP	n/a	LTP150	ltpFR	16	7	1	DIGGER	464	n/a	0	n/a	n/a	n/a	n/a	n/a
4597904	RECOG_CONF	n/a	LTP150	ltpFR	16	7	1	DIGGER	464	5	0	n/a	n/a	n/a	n/a	n/a
4599329	RECOG_TARGET	n/a	LTP150	ltpFR	16	7	0	POPE	1105	5	1	n/a	n/a	n/a	n/a	n/a
4599900	RECOG_RESP	n/a	LTP150	ltpFR	16	7	0	POPE	1105	n/a	1	n/a	n/a	n/a	n/a	n/a
4600678	RECOG_CONF	n/a	LTP150	ltpFR	16	7	0	POPE	1105	5	1	n/a	n/a	n/a	n/a	n/a
4602059	RECOG_TARGET	n/a	LTP150	ltpFR	16	7	1	WAITER	1580	5	1	n/a	n/a	n/a	n/a	n/a
4602733	RECOG_RESP	n/a	LTP150	ltpFR	16	7	1	WAITER	1580	n/a	1	n/a	n/a	n/a	n/a	n/a
4603571	RECOG_CONF	n/a	LTP150	ltpFR	16	7	1	WAITER	1580	5	1	n/a	n/a	n/a	n/a	n/a
4605014	RECOG_TARGET	n/a	LTP150	ltpFR	16	7	0	FLESH	579	5	0	n/a	n/a	n/a	n/a	n/a
4605492	RECOG_RESP	n/a	LTP150	ltpFR	16	7	0	FLESH	579	n/a	0	n/a	n/a	n/a	n/a	n/a
4606395	RECOG_CONF	n/a	LTP150	ltpFR	16	7	0	FLESH	579	5	0	n/a	n/a	n/a	n/a	n/a
4608110	RECOG_TARGET	n/a	LTP150	ltpFR	16	7	0	SWORD	1423	5	1	n/a	n/a	n/a	n/a	n/a
4608585	RECOG_RESP	n/a	LTP150	ltpFR	16	7	0	SWORD	1423	n/a	1	n/a	n/a	n/a	n/a	n/a
4609328	RECOG_CONF	n/a	LTP150	ltpFR	16	7	0	SWORD	1423	5	1	n/a	n/a	n/a	n/a	n/a
4610691	RECOG_TARGET	n/a	LTP150	ltpFR	16	7	1	LOAF	835	5	0	n/a	n/a	n/a	n/a	n/a
4611274	RECOG_RESP	n/a	LTP150	ltpFR	16	7	1	LOAF	835	n/a	0	n/a	n/a	n/a	n/a	n/a
4611992	RECOG_CONF	n/a	LTP150	ltpFR	16	7	1	LOAF	835	5	0	n/a	n/a	n/a	n/a	n/a
4615023	REC_START	n/a	LTP150	ltpFR	16	8	n/a	n/a	n/a	n/a	n/a	n/a	n/a	n/a	n/a	n/a
4615052	RECOG_LURE	n/a	LTP150	ltpFR	16	8	n/a	GORILLA	650	3	n/a	n/a	n/a	n/a	n/a	n/a
4615686	RECOG_RESP	n/a	LTP150	ltpFR	16	8	n/a	GORILLA	650	n/a	n/a	n/a	n/a	n/a	n/a	n/a
4616524	RECOG_CONF	n/a	LTP150	ltpFR	16	8	n/a	GORILLA	650	3	n/a	n/a	n/a	n/a	n/a	n/a
4617892	RECOG_TARGET	n/a	LTP150	ltpFR	16	8	0	FLANNEL	574	5	0	n/a	n/a	n/a	n/a	n/a
4618699	RECOG_RESP	n/a	LTP150	ltpFR	16	8	0	FLANNEL	574	n/a	0	n/a	n/a	n/a	n/a	n/a
4619448	RECOG_CONF	n/a	LTP150	ltpFR	16	8	0	FLANNEL	574	5	0	n/a	n/a	n/a	n/a	n/a
4620772	RECOG_LURE	n/a	LTP150	ltpFR	16	8	n/a	CHICK	296	2	n/a	n/a	n/a	n/a	n/a	n/a
4622211	RECOG_RESP	n/a	LTP150	ltpFR	16	8	n/a	CHICK	296	n/a	n/a	n/a	n/a	n/a	n/a	n/a
4623040	RECOG_CONF	n/a	LTP150	ltpFR	16	8	n/a	CHICK	296	2	n/a	n/a	n/a	n/a	n/a	n/a
4624500	RECOG_TARGET	n/a	LTP150	ltpFR	16	8	0	PUDDLE	1140	5	0	n/a	n/a	n/a	n/a	n/a
4625270	RECOG_RESP	n/a	LTP150	ltpFR	16	8	0	PUDDLE	1140	n/a	0	n/a	n/a	n/a	n/a	n/a
4625993	RECOG_CONF	n/a	LTP150	ltpFR	16	8	0	PUDDLE	1140	5	0	n/a	n/a	n/a	n/a	n/a
4627346	RECOG_LURE	n/a	LTP150	ltpFR	16	8	n/a	POND	1101	3	n/a	n/a	n/a	n/a	n/a	n/a
4628048	RECOG_RESP	n/a	LTP150	ltpFR	16	8	n/a	POND	1101	n/a	n/a	n/a	n/a	n/a	n/a	n/a
4628906	RECOG_CONF	n/a	LTP150	ltpFR	16	8	n/a	POND	1101	3	n/a	n/a	n/a	n/a	n/a	n/a
4630260	RECOG_TARGET	n/a	LTP150	ltpFR	16	8	1	CHIME	300	5	0	n/a	n/a	n/a	n/a	n/a
4631760	RECOG_RESP	n/a	LTP150	ltpFR	16	8	1	CHIME	300	n/a	0	n/a	n/a	n/a	n/a	n/a
4632513	RECOG_CONF	n/a	LTP150	ltpFR	16	8	1	CHIME	300	5	0	n/a	n/a	n/a	n/a	n/a
4633973	RECOG_TARGET	n/a	LTP150	ltpFR	16	8	1	HEATER	698	5	0	n/a	n/a	n/a	n/a	n/a
4634653	RECOG_RESP	n/a	LTP150	ltpFR	16	8	1	HEATER	698	n/a	0	n/a	n/a	n/a	n/a	n/a
4635392	RECOG_CONF	n/a	LTP150	ltpFR	16	8	1	HEATER	698	5	0	n/a	n/a	n/a	n/a	n/a
4636811	RECOG_TARGET	n/a	LTP150	ltpFR	16	8	1	TYPIST	1532	5	1	n/a	n/a	n/a	n/a	n/a
4637322	RECOG_RESP	n/a	LTP150	ltpFR	16	8	1	TYPIST	1532	n/a	1	n/a	n/a	n/a	n/a	n/a
4638036	RECOG_CONF	n/a	LTP150	ltpFR	16	8	1	TYPIST	1532	5	1	n/a	n/a	n/a	n/a	n/a
4639383	RECOG_TARGET	n/a	LTP150	ltpFR	16	8	-1	COW	393	5	-1	n/a	n/a	n/a	n/a	n/a
4639871	RECOG_RESP	n/a	LTP150	ltpFR	16	8	-1	COW	393	n/a	-1	n/a	n/a	n/a	n/a	n/a
4640540	RECOG_CONF	n/a	LTP150	ltpFR	16	8	-1	COW	393	5	-1	n/a	n/a	n/a	n/a	n/a
4641914	RECOG_TARGET	n/a	LTP150	ltpFR	16	8	0	COIN	343	5	0	n/a	n/a	n/a	n/a	n/a
4642485	RECOG_RESP	n/a	LTP150	ltpFR	16	8	0	COIN	343	n/a	0	n/a	n/a	n/a	n/a	n/a
4644002	RECOG_CONF	n/a	LTP150	ltpFR	16	8	0	COIN	343	5	0	n/a	n/a	n/a	n/a	n/a
4645500	RECOG_TARGET	n/a	LTP150	ltpFR	16	8	0	CORPORATION	382	5	1	n/a	n/a	n/a	n/a	n/a
4646127	RECOG_RESP	n/a	LTP150	ltpFR	16	8	0	CORPORATION	382	n/a	1	n/a	n/a	n/a	n/a	n/a
4646845	RECOG_CONF	n/a	LTP150	ltpFR	16	8	0	CORPORATION	382	5	1	n/a	n/a	n/a	n/a	n/a
4648247	RECOG_LURE	n/a	LTP150	ltpFR	16	8	n/a	TREE	1502	2	n/a	n/a	n/a	n/a	n/a	n/a
4648936	RECOG_RESP	n/a	LTP150	ltpFR	16	8	n/a	TREE	1502	n/a	n/a	n/a	n/a	n/a	n/a	n/a
4649829	RECOG_CONF	n/a	LTP150	ltpFR	16	8	n/a	TREE	1502	2	n/a	n/a	n/a	n/a	n/a	n/a
4651177	RECOG_LURE	n/a	LTP150	ltpFR	16	8	n/a	SHELTER	1282	2	n/a	n/a	n/a	n/a	n/a	n/a
4652293	RECOG_RESP	n/a	LTP150	ltpFR	16	8	n/a	SHELTER	1282	n/a	n/a	n/a	n/a	n/a	n/a	n/a
4653351	RECOG_CONF	n/a	LTP150	ltpFR	16	8	n/a	SHELTER	1282	2	n/a	n/a	n/a	n/a	n/a	n/a
4654673	RECOG_TARGET	n/a	LTP150	ltpFR	16	8	-1	WATERFALL	1595	5	-1	n/a	n/a	n/a	n/a	n/a
4655341	RECOG_RESP	n/a	LTP150	ltpFR	16	8	-1	WATERFALL	1595	n/a	-1	n/a	n/a	n/a	n/a	n/a
4656055	RECOG_CONF	n/a	LTP150	ltpFR	16	8	-1	WATERFALL	1595	5	-1	n/a	n/a	n/a	n/a	n/a
4657412	RECOG_LURE	n/a	LTP150	ltpFR	16	8	n/a	CLOUD	328	2	n/a	n/a	n/a	n/a	n/a	n/a
4658150	RECOG_RESP	n/a	LTP150	ltpFR	16	8	n/a	CLOUD	328	n/a	n/a	n/a	n/a	n/a	n/a	n/a
4659217	RECOG_CONF	n/a	LTP150	ltpFR	16	8	n/a	CLOUD	328	2	n/a	n/a	n/a	n/a	n/a	n/a
4660466	RECOG_TARGET	n/a	LTP150	ltpFR	16	8	1	FLIPPER	580	5	0	n/a	n/a	n/a	n/a	n/a
4661268	RECOG_RESP	n/a	LTP150	ltpFR	16	8	1	FLIPPER	580	n/a	0	n/a	n/a	n/a	n/a	n/a
4662031	RECOG_CONF	n/a	LTP150	ltpFR	16	8	1	FLIPPER	580	5	0	n/a	n/a	n/a	n/a	n/a
4663505	RECOG_TARGET	n/a	LTP150	ltpFR	16	8	0	LIBRARY	816	5	1	n/a	n/a	n/a	n/a	n/a
4664869	RECOG_RESP	n/a	LTP150	ltpFR	16	8	0	LIBRARY	816	n/a	1	n/a	n/a	n/a	n/a	n/a
4665573	RECOG_CONF	n/a	LTP150	ltpFR	16	8	0	LIBRARY	816	5	1	n/a	n/a	n/a	n/a	n/a
4666968	RECOG_LURE	n/a	LTP150	ltpFR	16	8	n/a	EGG	518	5	n/a	n/a	n/a	n/a	n/a	n/a
4667593	RECOG_RESP	n/a	LTP150	ltpFR	16	8	n/a	EGG	518	n/a	n/a	n/a	n/a	n/a	n/a	n/a
4668297	RECOG_CONF	n/a	LTP150	ltpFR	16	8	n/a	EGG	518	5	n/a	n/a	n/a	n/a	n/a	n/a
4669656	RECOG_LURE	n/a	LTP150	ltpFR	16	8	n/a	BOOT	150	1	n/a	n/a	n/a	n/a	n/a	n/a
4670382	RECOG_RESP	n/a	LTP150	ltpFR	16	8	n/a	BOOT	150	n/a	n/a	n/a	n/a	n/a	n/a	n/a
4671180	RECOG_CONF	n/a	LTP150	ltpFR	16	8	n/a	BOOT	150	1	n/a	n/a	n/a	n/a	n/a	n/a
4672511	RECOG_LURE	n/a	LTP150	ltpFR	16	8	n/a	TAR	1435	2	n/a	n/a	n/a	n/a	n/a	n/a
4673210	RECOG_RESP	n/a	LTP150	ltpFR	16	8	n/a	TAR	1435	n/a	n/a	n/a	n/a	n/a	n/a	n/a
4674004	RECOG_CONF	n/a	LTP150	ltpFR	16	8	n/a	TAR	1435	2	n/a	n/a	n/a	n/a	n/a	n/a
4676986	REC_START	n/a	LTP150	ltpFR	16	9	n/a	n/a	n/a	n/a	n/a	n/a	n/a	n/a	n/a	n/a
4677014	RECOG_TARGET	n/a	LTP150	ltpFR	16	9	0	PENGUIN	1044	5	1	n/a	n/a	n/a	n/a	n/a
4677589	RECOG_RESP	n/a	LTP150	ltpFR	16	9	0	PENGUIN	1044	n/a	1	n/a	n/a	n/a	n/a	n/a
4678428	RECOG_CONF	n/a	LTP150	ltpFR	16	9	0	PENGUIN	1044	5	1	n/a	n/a	n/a	n/a	n/a
4679719	RECOG_LURE	n/a	LTP150	ltpFR	16	9	n/a	CHAIR	274	1	n/a	n/a	n/a	n/a	n/a	n/a
4680827	RECOG_RESP	n/a	LTP150	ltpFR	16	9	n/a	CHAIR	274	n/a	n/a	n/a	n/a	n/a	n/a	n/a
4681600	RECOG_CONF	n/a	LTP150	ltpFR	16	9	n/a	CHAIR	274	1	n/a	n/a	n/a	n/a	n/a	n/a
4683015	RECOG_TARGET	n/a	LTP150	ltpFR	16	9	1	RUST	1219	5	0	n/a	n/a	n/a	n/a	n/a
4683611	RECOG_RESP	n/a	LTP150	ltpFR	16	9	1	RUST	1219	n/a	0	n/a	n/a	n/a	n/a	n/a
4684324	RECOG_CONF	n/a	LTP150	ltpFR	16	9	1	RUST	1219	5	0	n/a	n/a	n/a	n/a	n/a
4685604	RECOG_TARGET	n/a	LTP150	ltpFR	16	9	1	COLONEL	348	3	1	n/a	n/a	n/a	n/a	n/a
4686290	RECOG_RESP	n/a	LTP150	ltpFR	16	9	1	COLONEL	348	n/a	1	n/a	n/a	n/a	n/a	n/a
4687008	RECOG_CONF	n/a	LTP150	ltpFR	16	9	1	COLONEL	348	3	1	n/a	n/a	n/a	n/a	n/a
4688292	RECOG_TARGET	n/a	LTP150	ltpFR	16	9	1	SQUIRREL	1362	2	1	n/a	n/a	n/a	n/a	n/a
4689373	RECOG_RESP	n/a	LTP150	ltpFR	16	9	1	SQUIRREL	1362	n/a	1	n/a	n/a	n/a	n/a	n/a
4690251	RECOG_CONF	n/a	LTP150	ltpFR	16	9	1	SQUIRREL	1362	2	1	n/a	n/a	n/a	n/a	n/a
4691522	RECOG_LURE	n/a	LTP150	ltpFR	16	9	n/a	BRUNETTE	181	5	n/a	n/a	n/a	n/a	n/a	n/a
4692590	RECOG_RESP	n/a	LTP150	ltpFR	16	9	n/a	BRUNETTE	181	n/a	n/a	n/a	n/a	n/a	n/a	n/a
4693344	RECOG_CONF	n/a	LTP150	ltpFR	16	9	n/a	BRUNETTE	181	5	n/a	n/a	n/a	n/a	n/a	n/a
4694710	RECOG_TARGET	n/a	LTP150	ltpFR	16	9	0	BALLERINA	74	5	1	n/a	n/a	n/a	n/a	n/a
4695409	RECOG_RESP	n/a	LTP150	ltpFR	16	9	0	BALLERINA	74	n/a	1	n/a	n/a	n/a	n/a	n/a
4696157	RECOG_CONF	n/a	LTP150	ltpFR	16	9	0	BALLERINA	74	5	1	n/a	n/a	n/a	n/a	n/a
4697523	RECOG_LURE	n/a	LTP150	ltpFR	16	9	n/a	WICK	1607	2	n/a	n/a	n/a	n/a	n/a	n/a
4698851	RECOG_RESP	n/a	LTP150	ltpFR	16	9	n/a	WICK	1607	n/a	n/a	n/a	n/a	n/a	n/a	n/a
4699819	RECOG_CONF	n/a	LTP150	ltpFR	16	9	n/a	WICK	1607	2	n/a	n/a	n/a	n/a	n/a	n/a
4701144	RECOG_LURE	n/a	LTP150	ltpFR	16	9	n/a	VAMPIRE	1547	5	n/a	n/a	n/a	n/a	n/a	n/a
4701919	RECOG_RESP	n/a	LTP150	ltpFR	16	9	n/a	VAMPIRE	1547	n/a	n/a	n/a	n/a	n/a	n/a	n/a
4702613	RECOG_CONF	n/a	LTP150	ltpFR	16	9	n/a	VAMPIRE	1547	5	n/a	n/a	n/a	n/a	n/a	n/a
4703925	RECOG_TARGET	n/a	LTP150	ltpFR	16	9	1	SECRETARY	1265	5	1	n/a	n/a	n/a	n/a	n/a
4704553	RECOG_RESP	n/a	LTP150	ltpFR	16	9	1	SECRETARY	1265	n/a	1	n/a	n/a	n/a	n/a	n/a
4705366	RECOG_CONF	n/a	LTP150	ltpFR	16	9	1	SECRETARY	1265	5	1	n/a	n/a	n/a	n/a	n/a
4706646	RECOG_TARGET	n/a	LTP150	ltpFR	16	9	-1	BOUILLON	154	5	-1	n/a	n/a	n/a	n/a	n/a
4707217	RECOG_RESP	n/a	LTP150	ltpFR	16	9	-1	BOUILLON	154	n/a	-1	n/a	n/a	n/a	n/a	n/a
4707940	RECOG_CONF	n/a	LTP150	ltpFR	16	9	-1	BOUILLON	154	5	-1	n/a	n/a	n/a	n/a	n/a
4709318	RECOG_LURE	n/a	LTP150	ltpFR	16	9	n/a	STAGE	1366	5	n/a	n/a	n/a	n/a	n/a	n/a
4709991	RECOG_RESP	n/a	LTP150	ltpFR	16	9	n/a	STAGE	1366	n/a	n/a	n/a	n/a	n/a	n/a	n/a
4710694	RECOG_CONF	n/a	LTP150	ltpFR	16	9	n/a	STAGE	1366	5	n/a	n/a	n/a	n/a	n/a	n/a
4712057	RECOG_TARGET	n/a	LTP150	ltpFR	16	9	-1	DOUGHNUT	490	5	-1	n/a	n/a	n/a	n/a	n/a
4712595	RECOG_RESP	n/a	LTP150	ltpFR	16	9	-1	DOUGHNUT	490	n/a	-1	n/a	n/a	n/a	n/a	n/a
4713288	RECOG_CONF	n/a	LTP150	ltpFR	16	9	-1	DOUGHNUT	490	5	-1	n/a	n/a	n/a	n/a	n/a
4714645	RECOG_TARGET	n/a	LTP150	ltpFR	16	9	-1	STREAM	1392	5	-1	n/a	n/a	n/a	n/a	n/a
4715438	RECOG_RESP	n/a	LTP150	ltpFR	16	9	-1	STREAM	1392	n/a	-1	n/a	n/a	n/a	n/a	n/a
4716182	RECOG_CONF	n/a	LTP150	ltpFR	16	9	-1	STREAM	1392	5	-1	n/a	n/a	n/a	n/a	n/a
4717509	RECOG_TARGET	n/a	LTP150	ltpFR	16	9	-1	EDITOR	516	5	-1	n/a	n/a	n/a	n/a	n/a
4718097	RECOG_RESP	n/a	LTP150	ltpFR	16	9	-1	EDITOR	516	n/a	-1	n/a	n/a	n/a	n/a	n/a
4718796	RECOG_CONF	n/a	LTP150	ltpFR	16	9	-1	EDITOR	516	5	-1	n/a	n/a	n/a	n/a	n/a
4720089	RECOG_TARGET	n/a	LTP150	ltpFR	16	9	1	CABINET	212	5	0	n/a	n/a	n/a	n/a	n/a
4720666	RECOG_RESP	n/a	LTP150	ltpFR	16	9	1	CABINET	212	n/a	0	n/a	n/a	n/a	n/a	n/a
4721410	RECOG_CONF	n/a	LTP150	ltpFR	16	9	1	CABINET	212	5	0	n/a	n/a	n/a	n/a	n/a
4722787	RECOG_LURE	n/a	LTP150	ltpFR	16	9	n/a	VALLEY	1545	5	n/a	n/a	n/a	n/a	n/a	n/a
4723370	RECOG_RESP	n/a	LTP150	ltpFR	16	9	n/a	VALLEY	1545	n/a	n/a	n/a	n/a	n/a	n/a	n/a
4724074	RECOG_CONF	n/a	LTP150	ltpFR	16	9	n/a	VALLEY	1545	5	n/a	n/a	n/a	n/a	n/a	n/a
4725366	RECOG_TARGET	n/a	LTP150	ltpFR	16	9	0	CAPTAIN	239	3	1	n/a	n/a	n/a	n/a	n/a
4726039	RECOG_RESP	n/a	LTP150	ltpFR	16	9	0	CAPTAIN	239	n/a	1	n/a	n/a	n/a	n/a	n/a
4726818	RECOG_CONF	n/a	LTP150	ltpFR	16	9	0	CAPTAIN	239	3	1	n/a	n/a	n/a	n/a	n/a
4728096	RECOG_LURE	n/a	LTP150	ltpFR	16	9	n/a	BED	110	3	n/a	n/a	n/a	n/a	n/a	n/a
4729232	RECOG_RESP	n/a	LTP150	ltpFR	16	9	n/a	BED	110	n/a	n/a	n/a	n/a	n/a	n/a	n/a
4730160	RECOG_CONF	n/a	LTP150	ltpFR	16	9	n/a	BED	110	3	n/a	n/a	n/a	n/a	n/a	n/a
4731492	RECOG_LURE	n/a	LTP150	ltpFR	16	9	n/a	PERFUME	1049	3	n/a	n/a	n/a	n/a	n/a	n/a
4732330	RECOG_RESP	n/a	LTP150	ltpFR	16	9	n/a	PERFUME	1049	n/a	n/a	n/a	n/a	n/a	n/a	n/a
4733063	RECOG_CONF	n/a	LTP150	ltpFR	16	9	n/a	PERFUME	1049	3	n/a	n/a	n/a	n/a	n/a	n/a
4736035	REC_START	n/a	LTP150	ltpFR	16	10	n/a	n/a	n/a	n/a	n/a	n/a	n/a	n/a	n/a	n/a
4736062	RECOG_TARGET	n/a	LTP150	ltpFR	16	10	1	EMPIRE	530	5	0	n/a	n/a	n/a	n/a	n/a
4736678	RECOG_RESP	n/a	LTP150	ltpFR	16	10	1	EMPIRE	530	n/a	0	n/a	n/a	n/a	n/a	n/a
4737437	RECOG_CONF	n/a	LTP150	ltpFR	16	10	1	EMPIRE	530	5	0	n/a	n/a	n/a	n/a	n/a
4738760	RECOG_LURE	n/a	LTP150	ltpFR	16	10	n/a	DELINQUENT	445	5	n/a	n/a	n/a	n/a	n/a	n/a
4739422	RECOG_RESP	n/a	LTP150	ltpFR	16	10	n/a	DELINQUENT	445	n/a	n/a	n/a	n/a	n/a	n/a	n/a
4740230	RECOG_CONF	n/a	LTP150	ltpFR	16	10	n/a	DELINQUENT	445	5	n/a	n/a	n/a	n/a	n/a	n/a
4741514	RECOG_LURE	n/a	LTP150	ltpFR	16	10	n/a	BLOUSE	139	1	n/a	n/a	n/a	n/a	n/a	n/a
4742450	RECOG_RESP	n/a	LTP150	ltpFR	16	10	n/a	BLOUSE	139	n/a	n/a	n/a	n/a	n/a	n/a	n/a
4743293	RECOG_CONF	n/a	LTP150	ltpFR	16	10	n/a	BLOUSE	139	1	n/a	n/a	n/a	n/a	n/a	n/a
4744677	RECOG_TARGET	n/a	LTP150	ltpFR	16	10	1	PATROL	1027	5	1	n/a	n/a	n/a	n/a	n/a
4745319	RECOG_RESP	n/a	LTP150	ltpFR	16	10	1	PATROL	1027	n/a	1	n/a	n/a	n/a	n/a	n/a
4746097	RECOG_CONF	n/a	LTP150	ltpFR	16	10	1	PATROL	1027	5	1	n/a	n/a	n/a	n/a	n/a
4747491	RECOG_TARGET	n/a	LTP150	ltpFR	16	10	0	WIFE	1609	5	1	n/a	n/a	n/a	n/a	n/a
4748397	RECOG_RESP	n/a	LTP150	ltpFR	16	10	0	WIFE	1609	n/a	1	n/a	n/a	n/a	n/a	n/a
4749140	RECOG_CONF	n/a	LTP150	ltpFR	16	10	0	WIFE	1609	5	1	n/a	n/a	n/a	n/a	n/a
4750529	RECOG_TARGET	n/a	LTP150	ltpFR	16	10	-1	GRIZZLY	662	5	-1	n/a	n/a	n/a	n/a	n/a
4751190	RECOG_RESP	n/a	LTP150	ltpFR	16	10	-1	GRIZZLY	662	n/a	-1	n/a	n/a	n/a	n/a	n/a
4751934	RECOG_CONF	n/a	LTP150	ltpFR	16	10	-1	GRIZZLY	662	5	-1	n/a	n/a	n/a	n/a	n/a
4753201	RECOG_LURE	n/a	LTP150	ltpFR	16	10	n/a	CONSOLE	364	5	n/a	n/a	n/a	n/a	n/a	n/a
4754019	RECOG_RESP	n/a	LTP150	ltpFR	16	10	n/a	CONSOLE	364	n/a	n/a	n/a	n/a	n/a	n/a	n/a
4754787	RECOG_CONF	n/a	LTP150	ltpFR	16	10	n/a	CONSOLE	364	5	n/a	n/a	n/a	n/a	n/a	n/a
4756156	RECOG_TARGET	n/a	LTP150	ltpFR	16	10	0	COLUMN	350	5	1	n/a	n/a	n/a	n/a	n/a
4757286	RECOG_RESP	n/a	LTP150	ltpFR	16	10	0	COLUMN	350	n/a	1	n/a	n/a	n/a	n/a	n/a
4758020	RECOG_CONF	n/a	LTP150	ltpFR	16	10	0	COLUMN	350	5	1	n/a	n/a	n/a	n/a	n/a
4759402	RECOG_TARGET	n/a	LTP150	ltpFR	16	10	-1	SCALPEL	1243	5	-1	n/a	n/a	n/a	n/a	n/a
4760035	RECOG_RESP	n/a	LTP150	ltpFR	16	10	-1	SCALPEL	1243	n/a	-1	n/a	n/a	n/a	n/a	n/a
4760754	RECOG_CONF	n/a	LTP150	ltpFR	16	10	-1	SCALPEL	1243	5	-1	n/a	n/a	n/a	n/a	n/a
4762149	RECOG_TARGET	n/a	LTP150	ltpFR	16	10	1	ROCK	1201	5	0	n/a	n/a	n/a	n/a	n/a
4763098	RECOG_RESP	n/a	LTP150	ltpFR	16	10	1	ROCK	1201	n/a	0	n/a	n/a	n/a	n/a	n/a
4763837	RECOG_CONF	n/a	LTP150	ltpFR	16	10	1	ROCK	1201	5	0	n/a	n/a	n/a	n/a	n/a
4765228	RECOG_TARGET	n/a	LTP150	ltpFR	16	10	-1	TRAIN	1494	5	-1	n/a	n/a	n/a	n/a	n/a
4766022	RECOG_RESP	n/a	LTP150	ltpFR	16	10	-1	TRAIN	1494	n/a	-1	n/a	n/a	n/a	n/a	n/a
4766810	RECOG_CONF	n/a	LTP150	ltpFR	16	10	-1	TRAIN	1494	5	-1	n/a	n/a	n/a	n/a	n/a
4768192	RECOG_TARGET	n/a	LTP150	ltpFR	16	10	1	EARRING	514	5	0	n/a	n/a	n/a	n/a	n/a
4768770	RECOG_RESP	n/a	LTP150	ltpFR	16	10	1	EARRING	514	n/a	0	n/a	n/a	n/a	n/a	n/a
4769524	RECOG_CONF	n/a	LTP150	ltpFR	16	10	1	EARRING	514	5	0	n/a	n/a	n/a	n/a	n/a
4770873	RECOG_LURE	n/a	LTP150	ltpFR	16	10	n/a	STRING	1394	5	n/a	n/a	n/a	n/a	n/a	n/a
4771439	RECOG_RESP	n/a	LTP150	ltpFR	16	10	n/a	STRING	1394	n/a	n/a	n/a	n/a	n/a	n/a	n/a
4772178	RECOG_CONF	n/a	LTP150	ltpFR	16	10	n/a	STRING	1394	5	n/a	n/a	n/a	n/a	n/a	n/a
4773494	RECOG_LURE	n/a	LTP150	ltpFR	16	10	n/a	CRAB	397	1	n/a	n/a	n/a	n/a	n/a	n/a
4774268	RECOG_RESP	n/a	LTP150	ltpFR	16	10	n/a	CRAB	397	n/a	n/a	n/a	n/a	n/a	n/a	n/a
4775021	RECOG_CONF	n/a	LTP150	ltpFR	16	10	n/a	CRAB	397	1	n/a	n/a	n/a	n/a	n/a	n/a
4776324	RECOG_TARGET	n/a	LTP150	ltpFR	16	10	1	LAWYER	806	5	1	n/a	n/a	n/a	n/a	n/a
4776947	RECOG_RESP	n/a	LTP150	ltpFR	16	10	1	LAWYER	806	n/a	1	n/a	n/a	n/a	n/a	n/a
4777695	RECOG_CONF	n/a	LTP150	ltpFR	16	10	1	LAWYER	806	5	1	n/a	n/a	n/a	n/a	n/a
4779021	RECOG_TARGET	n/a	LTP150	ltpFR	16	10	0	PRISONER	1128	5	1	n/a	n/a	n/a	n/a	n/a
4779646	RECOG_RESP	n/a	LTP150	ltpFR	16	10	0	PRISONER	1128	n/a	1	n/a	n/a	n/a	n/a	n/a
4780439	RECOG_CONF	n/a	LTP150	ltpFR	16	10	0	PRISONER	1128	5	1	n/a	n/a	n/a	n/a	n/a
4781785	RECOG_TARGET	n/a	LTP150	ltpFR	16	10	1	CROOK	412	2	1	n/a	n/a	n/a	n/a	n/a
4782489	RECOG_RESP	n/a	LTP150	ltpFR	16	10	1	CROOK	412	n/a	1	n/a	n/a	n/a	n/a	n/a
4783432	RECOG_CONF	n/a	LTP150	ltpFR	16	10	1	CROOK	412	2	1	n/a	n/a	n/a	n/a	n/a
4784739	RECOG_TARGET	n/a	LTP150	ltpFR	16	10	0	ORANGE	980	2	n/a	n/a	n/a	n/a	n/a	n/a
4786016	RECOG_RESP	n/a	LTP150	ltpFR	16	10	0	ORANGE	980	n/a	n/a	n/a	n/a	n/a	n/a	n/a
4787563	RECOG_CONF	n/a	LTP150	ltpFR	16	10	0	ORANGE	980	2	n/a	n/a	n/a	n/a	n/a	n/a
4788885	RECOG_TARGET	n/a	LTP150	ltpFR	16	10	-1	SADDLE	1221	5	-1	n/a	n/a	n/a	n/a	n/a
4789548	RECOG_RESP	n/a	LTP150	ltpFR	16	10	-1	SADDLE	1221	n/a	-1	n/a	n/a	n/a	n/a	n/a
4790306	RECOG_CONF	n/a	LTP150	ltpFR	16	10	-1	SADDLE	1221	5	-1	n/a	n/a	n/a	n/a	n/a
4791681	RECOG_LURE	n/a	LTP150	ltpFR	16	10	n/a	ITEM	746	5	n/a	n/a	n/a	n/a	n/a	n/a
4792337	RECOG_RESP	n/a	LTP150	ltpFR	16	10	n/a	ITEM	746	n/a	n/a	n/a	n/a	n/a	n/a	n/a
4793090	RECOG_CONF	n/a	LTP150	ltpFR	16	10	n/a	ITEM	746	5	n/a	n/a	n/a	n/a	n/a	n/a
4796009	REC_START	n/a	LTP150	ltpFR	16	11	n/a	n/a	n/a	n/a	n/a	n/a	n/a	n/a	n/a	n/a
4796034	RECOG_TARGET	n/a	LTP150	ltpFR	16	11	-1	DICTATOR	462	5	-1	n/a	n/a	n/a	n/a	n/a
4796662	RECOG_RESP	n/a	LTP150	ltpFR	16	11	-1	DICTATOR	462	n/a	-1	n/a	n/a	n/a	n/a	n/a
4797362	RECOG_CONF	n/a	LTP150	ltpFR	16	11	-1	DICTATOR	462	5	-1	n/a	n/a	n/a	n/a	n/a
4798807	RECOG_LURE	n/a	LTP150	ltpFR	16	11	n/a	SAUSAGE	1238	5	n/a	n/a	n/a	n/a	n/a	n/a
4799381	RECOG_RESP	n/a	LTP150	ltpFR	16	11	n/a	SAUSAGE	1238	n/a	n/a	n/a	n/a	n/a	n/a	n/a
4800105	RECOG_CONF	n/a	LTP150	ltpFR	16	11	n/a	SAUSAGE	1238	5	n/a	n/a	n/a	n/a	n/a	n/a
4801461	RECOG_TARGET	n/a	LTP150	ltpFR	16	11	-1	RESORT	1186	5	-1	n/a	n/a	n/a	n/a	n/a
4802349	RECOG_RESP	n/a	LTP150	ltpFR	16	11	-1	RESORT	1186	n/a	-1	n/a	n/a	n/a	n/a	n/a
4803128	RECOG_CONF	n/a	LTP150	ltpFR	16	11	-1	RESORT	1186	5	-1	n/a	n/a	n/a	n/a	n/a
4804550	RECOG_LURE	n/a	LTP150	ltpFR	16	11	n/a	STADIUM	1364	5	n/a	n/a	n/a	n/a	n/a	n/a
4805153	RECOG_RESP	n/a	LTP150	ltpFR	16	11	n/a	STADIUM	1364	n/a	n/a	n/a	n/a	n/a	n/a	n/a
4805901	RECOG_CONF	n/a	LTP150	ltpFR	16	11	n/a	STADIUM	1364	5	n/a	n/a	n/a	n/a	n/a	n/a
4807296	RECOG_LURE	n/a	LTP150	ltpFR	16	11	n/a	CUP	424	1	n/a	n/a	n/a	n/a	n/a	n/a
4808775	RECOG_RESP	n/a	LTP150	ltpFR	16	11	n/a	CUP	424	n/a	n/a	n/a	n/a	n/a	n/a	n/a
4810022	RECOG_CONF	n/a	LTP150	ltpFR	16	11	n/a	CUP	424	1	n/a	n/a	n/a	n/a	n/a	n/a
4811483	RECOG_LURE	n/a	LTP150	ltpFR	16	11	n/a	TAG	1429	3	n/a	n/a	n/a	n/a	n/a	n/a
4812387	RECOG_RESP	n/a	LTP150	ltpFR	16	11	n/a	TAG	1429	n/a	n/a	n/a	n/a	n/a	n/a	n/a
4813384	RECOG_CONF	n/a	LTP150	ltpFR	16	11	n/a	TAG	1429	3	n/a	n/a	n/a	n/a	n/a	n/a
4814772	RECOG_TARGET	n/a	LTP150	ltpFR	16	11	0	VAGRANT	1544	5	1	n/a	n/a	n/a	n/a	n/a
4815499	RECOG_RESP	n/a	LTP150	ltpFR	16	11	0	VAGRANT	1544	n/a	1	n/a	n/a	n/a	n/a	n/a
4816268	RECOG_CONF	n/a	LTP150	ltpFR	16	11	0	VAGRANT	1544	5	1	n/a	n/a	n/a	n/a	n/a
4817593	RECOG_LURE	n/a	LTP150	ltpFR	16	11	n/a	SLEIGH	1325	5	n/a	n/a	n/a	n/a	n/a	n/a
4818373	RECOG_RESP	n/a	LTP150	ltpFR	16	11	n/a	SLEIGH	1325	n/a	n/a	n/a	n/a	n/a	n/a	n/a
4819041	RECOG_CONF	n/a	LTP150	ltpFR	16	11	n/a	SLEIGH	1325	5	n/a	n/a	n/a	n/a	n/a	n/a
4820439	RECOG_LURE	n/a	LTP150	ltpFR	16	11	n/a	GERM	632	5	n/a	n/a	n/a	n/a	n/a	n/a
4821127	RECOG_RESP	n/a	LTP150	ltpFR	16	11	n/a	GERM	632	n/a	n/a	n/a	n/a	n/a	n/a	n/a
4821885	RECOG_CONF	n/a	LTP150	ltpFR	16	11	n/a	GERM	632	5	n/a	n/a	n/a	n/a	n/a	n/a
4823270	RECOG_TARGET	n/a	LTP150	ltpFR	16	11	-1	DRESSER	496	5	-1	n/a	n/a	n/a	n/a	n/a
4824020	RECOG_RESP	n/a	LTP150	ltpFR	16	11	-1	DRESSER	496	n/a	-1	n/a	n/a	n/a	n/a	n/a
4824798	RECOG_CONF	n/a	LTP150	ltpFR	16	11	-1	DRESSER	496	5	-1	n/a	n/a	n/a	n/a	n/a
4826249	RECOG_LURE	n/a	LTP150	ltpFR	16	11	n/a	ICEBERG	731	5	n/a	n/a	n/a	n/a	n/a	n/a
4826874	RECOG_RESP	n/a	LTP150	ltpFR	16	11	n/a	ICEBERG	731	n/a	n/a	n/a	n/a	n/a	n/a	n/a
4827752	RECOG_CONF	n/a	LTP150	ltpFR	16	11	n/a	ICEBERG	731	5	n/a	n/a	n/a	n/a	n/a	n/a
4829021	RECOG_LURE	n/a	LTP150	ltpFR	16	11	n/a	BRAIN	165	3	n/a	n/a	n/a	n/a	n/a	n/a
4829937	RECOG_RESP	n/a	LTP150	ltpFR	16	11	n/a	BRAIN	165	n/a	n/a	n/a	n/a	n/a	n/a	n/a
4830785	RECOG_CONF	n/a	LTP150	ltpFR	16	11	n/a	BRAIN	165	3	n/a	n/a	n/a	n/a	n/a	n/a
4832034	RECOG_TARGET	n/a	LTP150	ltpFR	16	11	1	MAGICIAN	854	5	1	n/a	n/a	n/a	n/a	n/a
4832660	RECOG_RESP	n/a	LTP150	ltpFR	16	11	1	MAGICIAN	854	n/a	1	n/a	n/a	n/a	n/a	n/a
4833419	RECOG_CONF	n/a	LTP150	ltpFR	16	11	1	MAGICIAN	854	5	1	n/a	n/a	n/a	n/a	n/a
4834832	RECOG_TARGET	n/a	LTP150	ltpFR	16	11	1	CREEK	404	1	0	n/a	n/a	n/a	n/a	n/a
4835524	RECOG_RESP	n/a	LTP150	ltpFR	16	11	1	CREEK	404	n/a	0	n/a	n/a	n/a	n/a	n/a
4836871	RECOG_CONF	n/a	LTP150	ltpFR	16	11	1	CREEK	404	1	0	n/a	n/a	n/a	n/a	n/a
4838277	RECOG_TARGET	n/a	LTP150	ltpFR	16	11	1	KITTEN	780	5	1	n/a	n/a	n/a	n/a	n/a
4839071	RECOG_RESP	n/a	LTP150	ltpFR	16	11	1	KITTEN	780	n/a	1	n/a	n/a	n/a	n/a	n/a
4839894	RECOG_CONF	n/a	LTP150	ltpFR	16	11	1	KITTEN	780	5	1	n/a	n/a	n/a	n/a	n/a
4841282	RECOG_LURE	n/a	LTP150	ltpFR	16	11	n/a	NEWSSTAND	949	5	n/a	n/a	n/a	n/a	n/a	n/a
4841934	RECOG_RESP	n/a	LTP150	ltpFR	16	11	n/a	NEWSSTAND	949	n/a	n/a	n/a	n/a	n/a	n/a	n/a
4842708	RECOG_CONF	n/a	LTP150	ltpFR	16	11	n/a	NEWSSTAND	949	5	n/a	n/a	n/a	n/a	n/a	n/a
4844070	RECOG_LURE	n/a	LTP150	ltpFR	16	11	n/a	TEACHER	1440	5	n/a	n/a	n/a	n/a	n/a	n/a
4844803	RECOG_RESP	n/a	LTP150	ltpFR	16	11	n/a	TEACHER	1440	n/a	n/a	n/a	n/a	n/a	n/a	n/a
4845531	RECOG_CONF	n/a	LTP150	ltpFR	16	11	n/a	TEACHER	1440	5	n/a	n/a	n/a	n/a	n/a	n/a
4846802	RECOG_LURE	n/a	LTP150	ltpFR	16	11	n/a	GOOSE	649	5	n/a	n/a	n/a	n/a	n/a	n/a
4847442	RECOG_RESP	n/a	LTP150	ltpFR	16	11	n/a	GOOSE	649	n/a	n/a	n/a	n/a	n/a	n/a	n/a
4848235	RECOG_CONF	n/a	LTP150	ltpFR	16	11	n/a	GOOSE	649	5	n/a	n/a	n/a	n/a	n/a	n/a
4849606	RECOG_TARGET	n/a	LTP150	ltpFR	16	11	-1	KNOT	788	5	-1	n/a	n/a	n/a	n/a	n/a
4850300	RECOG_RESP	n/a	LTP150	ltpFR	16	11	-1	KNOT	788	n/a	-1	n/a	n/a	n/a	n/a	n/a
4851089	RECOG_CONF	n/a	LTP150	ltpFR	16	11	-1	KNOT	788	5	-1	n/a	n/a	n/a	n/a	n/a
4852519	RECOG_TARGET	n/a	LTP150	ltpFR	16	11	-1	CITRUS	313	5	-1	n/a	n/a	n/a	n/a	n/a
4853383	RECOG_RESP	n/a	LTP150	ltpFR	16	11	-1	CITRUS	313	n/a	-1	n/a	n/a	n/a	n/a	n/a
4854172	RECOG_CONF	n/a	LTP150	ltpFR	16	11	-1	CITRUS	313	5	-1	n/a	n/a	n/a	n/a	n/a
4857050	REC_START	n/a	LTP150	ltpFR	16	12	n/a	n/a	n/a	n/a	n/a	n/a	n/a	n/a	n/a	n/a
4857080	RECOG_TARGET	n/a	LTP150	ltpFR	16	12	1	PHYSICIAN	1056	5	1	n/a	n/a	n/a	n/a	n/a
4857948	RECOG_RESP	n/a	LTP150	ltpFR	16	12	1	PHYSICIAN	1056	n/a	1	n/a	n/a	n/a	n/a	n/a
4858811	RECOG_CONF	n/a	LTP150	ltpFR	16	12	1	PHYSICIAN	1056	5	1	n/a	n/a	n/a	n/a	n/a
4860277	RECOG_LURE	n/a	LTP150	ltpFR	16	12	n/a	HONEY	713	5	n/a	n/a	n/a	n/a	n/a	n/a
4860931	RECOG_RESP	n/a	LTP150	ltpFR	16	12	n/a	HONEY	713	n/a	n/a	n/a	n/a	n/a	n/a	n/a
4861644	RECOG_CONF	n/a	LTP150	ltpFR	16	12	n/a	HONEY	713	5	n/a	n/a	n/a	n/a	n/a	n/a
4862950	RECOG_TARGET	n/a	LTP150	ltpFR	16	12	0	DRYER	503	5	1	n/a	n/a	n/a	n/a	n/a
4863540	RECOG_RESP	n/a	LTP150	ltpFR	16	12	0	DRYER	503	n/a	1	n/a	n/a	n/a	n/a	n/a
4864278	RECOG_CONF	n/a	LTP150	ltpFR	16	12	0	DRYER	503	5	1	n/a	n/a	n/a	n/a	n/a
4865670	RECOG_TARGET	n/a	LTP150	ltpFR	16	12	0	SNACK	1331	5	0	n/a	n/a	n/a	n/a	n/a
4866214	RECOG_RESP	n/a	LTP150	ltpFR	16	12	0	SNACK	1331	n/a	0	n/a	n/a	n/a	n/a	n/a
4866952	RECOG_CONF	n/a	LTP150	ltpFR	16	12	0	SNACK	1331	5	0	n/a	n/a	n/a	n/a	n/a
4868359	RECOG_LURE	n/a	LTP150	ltpFR	16	12	n/a	BLENDER	136	5	n/a	n/a	n/a	n/a	n/a	n/a
4869008	RECOG_RESP	n/a	LTP150	ltpFR	16	12	n/a	BLENDER	136	n/a	n/a	n/a	n/a	n/a	n/a	n/a
4869756	RECOG_CONF	n/a	LTP150	ltpFR	16	12	n/a	BLENDER	136	5	n/a	n/a	n/a	n/a	n/a	n/a
4871122	RECOG_TARGET	n/a	LTP150	ltpFR	16	12	0	COURT	391	1	1	n/a	n/a	n/a	n/a	n/a
4871711	RECOG_RESP	n/a	LTP150	ltpFR	16	12	0	COURT	391	n/a	1	n/a	n/a	n/a	n/a	n/a
4872450	RECOG_CONF	n/a	LTP150	ltpFR	16	12	0	COURT	391	1	1	n/a	n/a	n/a	n/a	n/a
4873795	RECOG_LURE	n/a	LTP150	ltpFR	16	12	n/a	DIAMOND	458	5	n/a	n/a	n/a	n/a	n/a	n/a
4874994	RECOG_RESP	n/a	LTP150	ltpFR	16	12	n/a	DIAMOND	458	n/a	n/a	n/a	n/a	n/a	n/a	n/a
4875802	RECOG_CONF	n/a	LTP150	ltpFR	16	12	n/a	DIAMOND	458	5	n/a	n/a	n/a	n/a	n/a	n/a
4877307	RECOG_TARGET	n/a	LTP150	ltpFR	16	12	0	MEAL	882	5	0	n/a	n/a	n/a	n/a	n/a
4878127	RECOG_RESP	n/a	LTP150	ltpFR	16	12	0	MEAL	882	n/a	0	n/a	n/a	n/a	n/a	n/a
4879015	RECOG_CONF	n/a	LTP150	ltpFR	16	12	0	MEAL	882	5	0	n/a	n/a	n/a	n/a	n/a
4880370	RECOG_TARGET	n/a	LTP150	ltpFR	16	12	-1	STRAW	1390	5	-1	n/a	n/a	n/a	n/a	n/a
4880990	RECOG_RESP	n/a	LTP150	ltpFR	16	12	-1	STRAW	1390	n/a	-1	n/a	n/a	n/a	n/a	n/a
4881908	RECOG_CONF	n/a	LTP150	ltpFR	16	12	-1	STRAW	1390	5	-1	n/a	n/a	n/a	n/a	n/a
4883317	RECOG_TARGET	n/a	LTP150	ltpFR	16	12	0	DINOSAUR	469	5	1	n/a	n/a	n/a	n/a	n/a
4883984	RECOG_RESP	n/a	LTP150	ltpFR	16	12	0	DINOSAUR	469	n/a	1	n/a	n/a	n/a	n/a	n/a
4884832	RECOG_CONF	n/a	LTP150	ltpFR	16	12	0	DINOSAUR	469	5	1	n/a	n/a	n/a	n/a	n/a
4886213	RECOG_TARGET	n/a	LTP150	ltpFR	16	12	0	PICNIC	1060	5	1	n/a	n/a	n/a	n/a	n/a
4886857	RECOG_RESP	n/a	LTP150	ltpFR	16	12	0	PICNIC	1060	n/a	1	n/a	n/a	n/a	n/a	n/a
4887635	RECOG_CONF	n/a	LTP150	ltpFR	16	12	0	PICNIC	1060	5	1	n/a	n/a	n/a	n/a	n/a
4889127	RECOG_LURE	n/a	LTP150	ltpFR	16	12	n/a	BOULEVARD	156	5	n/a	n/a	n/a	n/a	n/a	n/a
4889985	RECOG_RESP	n/a	LTP150	ltpFR	16	12	n/a	BOULEVARD	156	n/a	n/a	n/a	n/a	n/a	n/a	n/a
4890728	RECOG_CONF	n/a	LTP150	ltpFR	16	12	n/a	BOULEVARD	156	5	n/a	n/a	n/a	n/a	n/a	n/a
4892106	RECOG_LURE	n/a	LTP150	ltpFR	16	12	n/a	STAPLER	1372	5	n/a	n/a	n/a	n/a	n/a	n/a
4892953	RECOG_RESP	n/a	LTP150	ltpFR	16	12	n/a	STAPLER	1372	n/a	n/a	n/a	n/a	n/a	n/a	n/a
4893751	RECOG_CONF	n/a	LTP150	ltpFR	16	12	n/a	STAPLER	1372	5	n/a	n/a	n/a	n/a	n/a	n/a
4895120	RECOG_TARGET	n/a	LTP150	ltpFR	16	12	1	LANDSCAPE	799	5	0	n/a	n/a	n/a	n/a	n/a
4895896	RECOG_RESP	n/a	LTP150	ltpFR	16	12	1	LANDSCAPE	799	n/a	0	n/a	n/a	n/a	n/a	n/a
4896755	RECOG_CONF	n/a	LTP150	ltpFR	16	12	1	LANDSCAPE	799	5	0	n/a	n/a	n/a	n/a	n/a
4898274	RECOG_LURE	n/a	LTP150	ltpFR	16	12	n/a	SCOUT	1252	1	n/a	n/a	n/a	n/a	n/a	n/a
4899024	RECOG_RESP	n/a	LTP150	ltpFR	16	12	n/a	SCOUT	1252	n/a	n/a	n/a	n/a	n/a	n/a	n/a
4900097	RECOG_CONF	n/a	LTP150	ltpFR	16	12	n/a	SCOUT	1252	1	n/a	n/a	n/a	n/a	n/a	n/a
4901504	RECOG_TARGET	n/a	LTP150	ltpFR	16	12	0	SEAL	1262	5	1	n/a	n/a	n/a	n/a	n/a
4902097	RECOG_RESP	n/a	LTP150	ltpFR	16	12	0	SEAL	1262	n/a	1	n/a	n/a	n/a	n/a	n/a
4902970	RECOG_CONF	n/a	LTP150	ltpFR	16	12	0	SEAL	1262	5	1	n/a	n/a	n/a	n/a	n/a
4904309	RECOG_LURE	n/a	LTP150	ltpFR	16	12	n/a	SUBMARINE	1398	5	n/a	n/a	n/a	n/a	n/a	n/a
4905036	RECOG_RESP	n/a	LTP150	ltpFR	16	12	n/a	SUBMARINE	1398	n/a	n/a	n/a	n/a	n/a	n/a	n/a
4905874	RECOG_CONF	n/a	LTP150	ltpFR	16	12	n/a	SUBMARINE	1398	5	n/a	n/a	n/a	n/a	n/a	n/a
4907280	RECOG_LURE	n/a	LTP150	ltpFR	16	12	n/a	PILL	1068	5	n/a	n/a	n/a	n/a	n/a	n/a
4907879	RECOG_RESP	n/a	LTP150	ltpFR	16	12	n/a	PILL	1068	n/a	n/a	n/a	n/a	n/a	n/a	n/a
4908727	RECOG_CONF	n/a	LTP150	ltpFR	16	12	n/a	PILL	1068	5	n/a	n/a	n/a	n/a	n/a	n/a
4910027	RECOG_TARGET	n/a	LTP150	ltpFR	16	12	-1	ARTICLE	42	5	-1	n/a	n/a	n/a	n/a	n/a
4910723	RECOG_RESP_VV	n/a	LTP150	ltpFR	16	12	-1	ARTICLE	42	n/a	-1	n/a	n/a	n/a	n/a	n/a
4911127	RECOG_RESP	n/a	LTP150	ltpFR	16	12	-1	ARTICLE	42	n/a	-1	n/a	n/a	n/a	n/a	n/a
4911990	RECOG_CONF	n/a	LTP150	ltpFR	16	12	-1	ARTICLE	42	5	-1	n/a	n/a	n/a	n/a	n/a
4913523	RECOG_TARGET	n/a	LTP150	ltpFR	16	12	0	EAR	513	2	0	n/a	n/a	n/a	n/a	n/a
4914414	RECOG_RESP	n/a	LTP150	ltpFR	16	12	0	EAR	513	n/a	0	n/a	n/a	n/a	n/a	n/a
4915492	RECOG_CONF	n/a	LTP150	ltpFR	16	12	0	EAR	513	2	0	n/a	n/a	n/a	n/a	n/a
4918369	REC_START	n/a	LTP150	ltpFR	16	13	n/a	n/a	n/a	n/a	n/a	n/a	n/a	n/a	n/a	n/a
4918401	RECOG_LURE	n/a	LTP150	ltpFR	16	13	n/a	NEPHEW	942	5	n/a	n/a	n/a	n/a	n/a	n/a
4919012	RECOG_RESP	n/a	LTP150	ltpFR	16	13	n/a	NEPHEW	942	n/a	n/a	n/a	n/a	n/a	n/a	n/a
4919840	RECOG_CONF	n/a	LTP150	ltpFR	16	13	n/a	NEPHEW	942	5	n/a	n/a	n/a	n/a	n/a	n/a
4921189	RECOG_TARGET	n/a	LTP150	ltpFR	16	13	1	CRUMB	416	5	0	n/a	n/a	n/a	n/a	n/a
4922115	RECOG_RESP	n/a	LTP150	ltpFR	16	13	1	CRUMB	416	n/a	0	n/a	n/a	n/a	n/a	n/a
4923013	RECOG_CONF	n/a	LTP150	ltpFR	16	13	1	CRUMB	416	5	0	n/a	n/a	n/a	n/a	n/a
4924444	RECOG_TARGET	n/a	LTP150	ltpFR	16	13	-1	PIKE	1067	5	-1	n/a	n/a	n/a	n/a	n/a
4925064	RECOG_RESP	n/a	LTP150	ltpFR	16	13	-1	PIKE	1067	n/a	-1	n/a	n/a	n/a	n/a	n/a
4925927	RECOG_CONF	n/a	LTP150	ltpFR	16	13	-1	PIKE	1067	5	-1	n/a	n/a	n/a	n/a	n/a
4927341	RECOG_TARGET	n/a	LTP150	ltpFR	16	13	0	SHORTCAKE	1292	5	0	n/a	n/a	n/a	n/a	n/a
4928022	RECOG_RESP	n/a	LTP150	ltpFR	16	13	0	SHORTCAKE	1292	n/a	0	n/a	n/a	n/a	n/a	n/a
4928890	RECOG_CONF	n/a	LTP150	ltpFR	16	13	0	SHORTCAKE	1292	5	0	n/a	n/a	n/a	n/a	n/a
4930237	RECOG_LURE	n/a	LTP150	ltpFR	16	13	n/a	NURSERY	964	3	n/a	n/a	n/a	n/a	n/a	n/a
4930925	RECOG_RESP	n/a	LTP150	ltpFR	16	13	n/a	NURSERY	964	n/a	n/a	n/a	n/a	n/a	n/a	n/a
4931803	RECOG_CONF	n/a	LTP150	ltpFR	16	13	n/a	NURSERY	964	3	n/a	n/a	n/a	n/a	n/a	n/a
4933200	RECOG_TARGET	n/a	LTP150	ltpFR	16	13	1	WINGS	1614	5	0	n/a	n/a	n/a	n/a	n/a
4933824	RECOG_RESP	n/a	LTP150	ltpFR	16	13	1	WINGS	1614	n/a	0	n/a	n/a	n/a	n/a	n/a
4934657	RECOG_CONF	n/a	LTP150	ltpFR	16	13	1	WINGS	1614	5	0	n/a	n/a	n/a	n/a	n/a
4936014	RECOG_TARGET	n/a	LTP150	ltpFR	16	13	0	DETERGENT	455	5	0	n/a	n/a	n/a	n/a	n/a
4936717	RECOG_RESP	n/a	LTP150	ltpFR	16	13	0	DETERGENT	455	n/a	0	n/a	n/a	n/a	n/a	n/a
4937500	RECOG_CONF	n/a	LTP150	ltpFR	16	13	0	DETERGENT	455	5	0	n/a	n/a	n/a	n/a	n/a
4938753	RECOG_LURE	n/a	LTP150	ltpFR	16	13	n/a	ENGINEER	536	2	n/a	n/a	n/a	n/a	n/a	n/a
4939456	RECOG_RESP	n/a	LTP150	ltpFR	16	13	n/a	ENGINEER	536	n/a	n/a	n/a	n/a	n/a	n/a	n/a
4940404	RECOG_CONF	n/a	LTP150	ltpFR	16	13	n/a	ENGINEER	536	2	n/a	n/a	n/a	n/a	n/a	n/a
4941641	RECOG_LURE	n/a	LTP150	ltpFR	16	13	n/a	SAXOPHONE	1240	3	n/a	n/a	n/a	n/a	n/a	n/a
4942374	RECOG_RESP	n/a	LTP150	ltpFR	16	13	n/a	SAXOPHONE	1240	n/a	n/a	n/a	n/a	n/a	n/a	n/a
4943167	RECOG_CONF	n/a	LTP150	ltpFR	16	13	n/a	SAXOPHONE	1240	3	n/a	n/a	n/a	n/a	n/a	n/a
4944471	RECOG_LURE	n/a	LTP150	ltpFR	16	13	n/a	CHURCH	307	2	n/a	n/a	n/a	n/a	n/a	n/a
4945263	RECOG_RESP	n/a	LTP150	ltpFR	16	13	n/a	CHURCH	307	n/a	n/a	n/a	n/a	n/a	n/a	n/a
4946171	RECOG_CONF	n/a	LTP150	ltpFR	16	13	n/a	CHURCH	307	2	n/a	n/a	n/a	n/a	n/a	n/a
4947501	RECOG_TARGET	n/a	LTP150	ltpFR	16	13	1	RAISIN	1163	5	0	n/a	n/a	n/a	n/a	n/a
4948326	RECOG_RESP	n/a	LTP150	ltpFR	16	13	1	RAISIN	1163	n/a	0	n/a	n/a	n/a	n/a	n/a
4949134	RECOG_CONF	n/a	LTP150	ltpFR	16	13	1	RAISIN	1163	5	0	n/a	n/a	n/a	n/a	n/a
4950547	RECOG_TARGET	n/a	LTP150	ltpFR	16	13	0	ELBOW	520	5	0	n/a	n/a	n/a	n/a	n/a
4951099	RECOG_RESP	n/a	LTP150	ltpFR	16	13	0	ELBOW	520	n/a	0	n/a	n/a	n/a	n/a	n/a
4951918	RECOG_CONF	n/a	LTP150	ltpFR	16	13	0	ELBOW	520	5	0	n/a	n/a	n/a	n/a	n/a
4953286	RECOG_LURE	n/a	LTP150	ltpFR	16	13	n/a	TOE	1473	1	n/a	n/a	n/a	n/a	n/a	n/a
4953988	RECOG_RESP	n/a	LTP150	ltpFR	16	13	n/a	TOE	1473	n/a	n/a	n/a	n/a	n/a	n/a	n/a
4955001	RECOG_CONF	n/a	LTP150	ltpFR	16	13	n/a	TOE	1473	1	n/a	n/a	n/a	n/a	n/a	n/a
4956332	RECOG_TARGET	n/a	LTP150	ltpFR	16	13	1	JURY	766	5	1	n/a	n/a	n/a	n/a	n/a
4956976	RECOG_RESP	n/a	LTP150	ltpFR	16	13	1	JURY	766	n/a	1	n/a	n/a	n/a	n/a	n/a
4957764	RECOG_CONF	n/a	LTP150	ltpFR	16	13	1	JURY	766	5	1	n/a	n/a	n/a	n/a	n/a
4959212	RECOG_TARGET	n/a	LTP150	ltpFR	16	13	-1	KIDNEY	776	5	-1	n/a	n/a	n/a	n/a	n/a
4960009	RECOG_RESP	n/a	LTP150	ltpFR	16	13	-1	KIDNEY	776	n/a	-1	n/a	n/a	n/a	n/a	n/a
4960907	RECOG_CONF	n/a	LTP150	ltpFR	16	13	-1	KIDNEY	776	5	-1	n/a	n/a	n/a	n/a	n/a
4962283	RECOG_TARGET	n/a	LTP150	ltpFR	16	13	1	STOMACH	1384	5	0	n/a	n/a	n/a	n/a	n/a
4963082	RECOG_RESP	n/a	LTP150	ltpFR	16	13	1	STOMACH	1384	n/a	0	n/a	n/a	n/a	n/a	n/a
4963920	RECOG_CONF	n/a	LTP150	ltpFR	16	13	1	STOMACH	1384	5	0	n/a	n/a	n/a	n/a	n/a
4965322	RECOG_LURE	n/a	LTP150	ltpFR	16	13	n/a	BODY	145	1	n/a	n/a	n/a	n/a	n/a	n/a
4966180	RECOG_RESP	n/a	LTP150	ltpFR	16	13	n/a	BODY	145	n/a	n/a	n/a	n/a	n/a	n/a	n/a
4967273	RECOG_CONF	n/a	LTP150	ltpFR	16	13	n/a	BODY	145	1	n/a	n/a	n/a	n/a	n/a	n/a
4968668	RECOG_LURE	n/a	LTP150	ltpFR	16	13	n/a	CHALK	276	5	n/a	n/a	n/a	n/a	n/a	n/a
4969398	RECOG_RESP	n/a	LTP150	ltpFR	16	13	n/a	CHALK	276	n/a	n/a	n/a	n/a	n/a	n/a	n/a
4970226	RECOG_CONF	n/a	LTP150	ltpFR	16	13	n/a	CHALK	276	5	n/a	n/a	n/a	n/a	n/a	n/a
4971581	RECOG_LURE	n/a	LTP150	ltpFR	16	13	n/a	FOUNTAIN	597	5	n/a	n/a	n/a	n/a	n/a	n/a
4972431	RECOG_RESP	n/a	LTP150	ltpFR	16	13	n/a	FOUNTAIN	597	n/a	n/a	n/a	n/a	n/a	n/a	n/a
4973359	RECOG_CONF	n/a	LTP150	ltpFR	16	13	n/a	FOUNTAIN	597	5	n/a	n/a	n/a	n/a	n/a	n/a
4974702	RECOG_LURE	n/a	LTP150	ltpFR	16	13	n/a	GAZELLE	628	5	n/a	n/a	n/a	n/a	n/a	n/a
4975519	RECOG_RESP	n/a	LTP150	ltpFR	16	13	n/a	GAZELLE	628	n/a	n/a	n/a	n/a	n/a	n/a	n/a
4976362	RECOG_CONF	n/a	LTP150	ltpFR	16	13	n/a	GAZELLE	628	5	n/a	n/a	n/a	n/a	n/a	n/a
4979112	REC_START	n/a	LTP150	ltpFR	16	14	n/a	n/a	n/a	n/a	n/a	n/a	n/a	n/a	n/a	n/a
4979139	RECOG_TARGET	n/a	LTP150	ltpFR	16	14	0	ASSISTANT	48	1	1	n/a	n/a	n/a	n/a	n/a
4980429	RECOG_RESP	n/a	LTP150	ltpFR	16	14	0	ASSISTANT	48	n/a	1	n/a	n/a	n/a	n/a	n/a
4981262	RECOG_CONF	n/a	LTP150	ltpFR	16	14	0	ASSISTANT	48	1	1	n/a	n/a	n/a	n/a	n/a
4982677	RECOG_TARGET	n/a	LTP150	ltpFR	16	14	-1	TEENAGER	1444	5	-1	n/a	n/a	n/a	n/a	n/a
4983482	RECOG_RESP	n/a	LTP150	ltpFR	16	14	-1	TEENAGER	1444	n/a	-1	n/a	n/a	n/a	n/a	n/a
4984325	RECOG_CONF	n/a	LTP150	ltpFR	16	14	-1	TEENAGER	1444	5	-1	n/a	n/a	n/a	n/a	n/a
4985673	RECOG_LURE	n/a	LTP150	ltpFR	16	14	n/a	FISH	571	1	n/a	n/a	n/a	n/a	n/a	n/a
4986580	RECOG_RESP	n/a	LTP150	ltpFR	16	14	n/a	FISH	571	n/a	n/a	n/a	n/a	n/a	n/a	n/a
4987428	RECOG_CONF	n/a	LTP150	ltpFR	16	14	n/a	FISH	571	1	n/a	n/a	n/a	n/a	n/a	n/a
4988804	RECOG_LURE	n/a	LTP150	ltpFR	16	14	n/a	SPATULA	1348	1	n/a	n/a	n/a	n/a	n/a	n/a
4989453	RECOG_RESP	n/a	LTP150	ltpFR	16	14	n/a	SPATULA	1348	n/a	n/a	n/a	n/a	n/a	n/a	n/a
4990371	RECOG_CONF	n/a	LTP150	ltpFR	16	14	n/a	SPATULA	1348	1	n/a	n/a	n/a	n/a	n/a	n/a
4991741	RECOG_TARGET	n/a	LTP150	ltpFR	16	14	0	CORAL	378	5	1	n/a	n/a	n/a	n/a	n/a
4992307	RECOG_RESP	n/a	LTP150	ltpFR	16	14	0	CORAL	378	n/a	1	n/a	n/a	n/a	n/a	n/a
4993155	RECOG_CONF	n/a	LTP150	ltpFR	16	14	0	CORAL	378	5	1	n/a	n/a	n/a	n/a	n/a
4994521	RECOG_LURE	n/a	LTP150	ltpFR	16	14	n/a	SACK	1220	5	n/a	n/a	n/a	n/a	n/a	n/a
4995220	RECOG_RESP	n/a	LTP150	ltpFR	16	14	n/a	SACK	1220	n/a	n/a	n/a	n/a	n/a	n/a	n/a
4996038	RECOG_CONF	n/a	LTP150	ltpFR	16	14	n/a	SACK	1220	5	n/a	n/a	n/a	n/a	n/a	n/a
4997451	RECOG_TARGET	n/a	LTP150	ltpFR	16	14	1	DUSTPAN	509	5	0	n/a	n/a	n/a	n/a	n/a
4998308	RECOG_RESP	n/a	LTP150	ltpFR	16	14	1	DUSTPAN	509	n/a	0	n/a	n/a	n/a	n/a	n/a
4999141	RECOG_CONF	n/a	LTP150	ltpFR	16	14	1	DUSTPAN	509	5	0	n/a	n/a	n/a	n/a	n/a
5000481	RECOG_LURE	n/a	LTP150	ltpFR	16	14	n/a	LEVER	815	5	n/a	n/a	n/a	n/a	n/a	n/a
5001132	RECOG_RESP	n/a	LTP150	ltpFR	16	14	n/a	LEVER	815	n/a	n/a	n/a	n/a	n/a	n/a	n/a
5001945	RECOG_CONF	n/a	LTP150	ltpFR	16	14	n/a	LEVER	815	5	n/a	n/a	n/a	n/a	n/a	n/a
5003369	RECOG_LURE	n/a	LTP150	ltpFR	16	14	n/a	BROOK	177	1	n/a	n/a	n/a	n/a	n/a	n/a
5004275	RECOG_RESP	n/a	LTP150	ltpFR	16	14	n/a	BROOK	177	n/a	n/a	n/a	n/a	n/a	n/a	n/a
5005148	RECOG_CONF	n/a	LTP150	ltpFR	16	14	n/a	BROOK	177	1	n/a	n/a	n/a	n/a	n/a	n/a
5006566	RECOG_TARGET	n/a	LTP150	ltpFR	16	14	1	CUE	422	5	0	n/a	n/a	n/a	n/a	n/a
5007253	RECOG_RESP	n/a	LTP150	ltpFR	16	14	1	CUE	422	n/a	0	n/a	n/a	n/a	n/a	n/a
5008071	RECOG_CONF	n/a	LTP150	ltpFR	16	14	1	CUE	422	5	0	n/a	n/a	n/a	n/a	n/a
5009396	RECOG_TARGET	n/a	LTP150	ltpFR	16	14	0	BASKETBALL	96	3	1	n/a	n/a	n/a	n/a	n/a
5010086	RECOG_RESP	n/a	LTP150	ltpFR	16	14	0	BASKETBALL	96	n/a	1	n/a	n/a	n/a	n/a	n/a
5011024	RECOG_CONF	n/a	LTP150	ltpFR	16	14	0	BASKETBALL	96	3	1	n/a	n/a	n/a	n/a	n/a
5012400	RECOG_TARGET	n/a	LTP150	ltpFR	16	14	1	DIRT	472	5	0	n/a	n/a	n/a	n/a	n/a
5013010	RECOG_RESP	n/a	LTP150	ltpFR	16	14	1	DIRT	472	n/a	0	n/a	n/a	n/a	n/a	n/a
5013878	RECOG_CONF	n/a	LTP150	ltpFR	16	14	1	DIRT	472	5	0	n/a	n/a	n/a	n/a	n/a
5015189	RECOG_TARGET	n/a	LTP150	ltpFR	16	14	-1	IGLOO	734	5	-1	n/a	n/a	n/a	n/a	n/a
5015773	RECOG_RESP	n/a	LTP150	ltpFR	16	14	-1	IGLOO	734	n/a	-1	n/a	n/a	n/a	n/a	n/a
5016652	RECOG_CONF	n/a	LTP150	ltpFR	16	14	-1	IGLOO	734	5	-1	n/a	n/a	n/a	n/a	n/a
5018036	RECOG_LURE	n/a	LTP150	ltpFR	16	14	n/a	MUG	930	3	n/a	n/a	n/a	n/a	n/a	n/a
5019161	RECOG_RESP	n/a	LTP150	ltpFR	16	14	n/a	MUG	930	n/a	n/a	n/a	n/a	n/a	n/a	n/a
5020144	RECOG_CONF	n/a	LTP150	ltpFR	16	14	n/a	MUG	930	3	n/a	n/a	n/a	n/a	n/a	n/a
5021565	RECOG_TARGET	n/a	LTP150	ltpFR	16	14	0	COUGAR	387	5	1	n/a	n/a	n/a	n/a	n/a
5022159	RECOG_RESP	n/a	LTP150	ltpFR	16	14	0	COUGAR	387	n/a	1	n/a	n/a	n/a	n/a	n/a
5022977	RECOG_CONF	n/a	LTP150	ltpFR	16	14	0	COUGAR	387	5	1	n/a	n/a	n/a	n/a	n/a
5024295	RECOG_TARGET	n/a	LTP150	ltpFR	16	14	0	DENIM	446	5	0	n/a	n/a	n/a	n/a	n/a
5024928	RECOG_RESP	n/a	LTP150	ltpFR	16	14	0	DENIM	446	n/a	0	n/a	n/a	n/a	n/a	n/a
5025741	RECOG_CONF	n/a	LTP150	ltpFR	16	14	0	DENIM	446	5	0	n/a	n/a	n/a	n/a	n/a
5027058	RECOG_TARGET	n/a	LTP150	ltpFR	16	14	1	MONUMENT	913	5	0	n/a	n/a	n/a	n/a	n/a
5027741	RECOG_RESP	n/a	LTP150	ltpFR	16	14	1	MONUMENT	913	n/a	0	n/a	n/a	n/a	n/a	n/a
5028525	RECOG_CONF	n/a	LTP150	ltpFR	16	14	1	MONUMENT	913	5	0	n/a	n/a	n/a	n/a	n/a
5029815	RECOG_TARGET	n/a	LTP150	ltpFR	16	14	0	HUT	729	5	1	n/a	n/a	n/a	n/a	n/a
5030440	RECOG_RESP	n/a	LTP150	ltpFR	16	14	0	HUT	729	n/a	1	n/a	n/a	n/a	n/a	n/a
5031358	RECOG_CONF	n/a	LTP150	ltpFR	16	14	0	HUT	729	5	1	n/a	n/a	n/a	n/a	n/a
5032735	RECOG_TARGET	n/a	LTP150	ltpFR	16	14	-1	PEACH	1031	5	-1	n/a	n/a	n/a	n/a	n/a
5033264	RECOG_RESP	n/a	LTP150	ltpFR	16	14	-1	PEACH	1031	n/a	-1	n/a	n/a	n/a	n/a	n/a
5034152	RECOG_CONF	n/a	LTP150	ltpFR	16	14	-1	PEACH	1031	5	-1	n/a	n/a	n/a	n/a	n/a
5035515	RECOG_LURE	n/a	LTP150	ltpFR	16	14	n/a	SOAP	1337	5	n/a	n/a	n/a	n/a	n/a	n/a
5036102	RECOG_RESP	n/a	LTP150	ltpFR	16	14	n/a	SOAP	1337	n/a	n/a	n/a	n/a	n/a	n/a	n/a
5037165	RECOG_CONF	n/a	LTP150	ltpFR	16	14	n/a	SOAP	1337	5	n/a	n/a	n/a	n/a	n/a	n/a
5040028	REC_START	n/a	LTP150	ltpFR	16	15	n/a	n/a	n/a	n/a	n/a	n/a	n/a	n/a	n/a	n/a
5040060	RECOG_TARGET	n/a	LTP150	ltpFR	16	15	1	CRUTCH	417	5	0	n/a	n/a	n/a	n/a	n/a
5040766	RECOG_RESP	n/a	LTP150	ltpFR	16	15	1	CRUTCH	417	n/a	0	n/a	n/a	n/a	n/a	n/a
5041689	RECOG_CONF	n/a	LTP150	ltpFR	16	15	1	CRUTCH	417	5	0	n/a	n/a	n/a	n/a	n/a
5043082	RECOG_LURE	n/a	LTP150	ltpFR	16	15	n/a	SISTER	1312	5	n/a	n/a	n/a	n/a	n/a	n/a
5043844	RECOG_RESP	n/a	LTP150	ltpFR	16	15	n/a	SISTER	1312	n/a	n/a	n/a	n/a	n/a	n/a	n/a
5044752	RECOG_CONF	n/a	LTP150	ltpFR	16	15	n/a	SISTER	1312	5	n/a	n/a	n/a	n/a	n/a	n/a
5046236	RECOG_LURE	n/a	LTP150	ltpFR	16	15	n/a	BALLOT	76	5	n/a	n/a	n/a	n/a	n/a	n/a
5046912	RECOG_RESP	n/a	LTP150	ltpFR	16	15	n/a	BALLOT	76	n/a	n/a	n/a	n/a	n/a	n/a	n/a
5047765	RECOG_CONF	n/a	LTP150	ltpFR	16	15	n/a	BALLOT	76	5	n/a	n/a	n/a	n/a	n/a	n/a
5049041	RECOG_TARGET	n/a	LTP150	ltpFR	16	15	1	DONOR	485	5	1	n/a	n/a	n/a	n/a	n/a
5049781	RECOG_RESP	n/a	LTP150	ltpFR	16	15	1	DONOR	485	n/a	1	n/a	n/a	n/a	n/a	n/a
5050669	RECOG_CONF	n/a	LTP150	ltpFR	16	15	1	DONOR	485	5	1	n/a	n/a	n/a	n/a	n/a
5051997	RECOG_TARGET	n/a	LTP150	ltpFR	16	15	-1	COP	376	5	-1	n/a	n/a	n/a	n/a	n/a
5052584	RECOG_RESP	n/a	LTP150	ltpFR	16	15	-1	COP	376	n/a	-1	n/a	n/a	n/a	n/a	n/a
5053502	RECOG_CONF	n/a	LTP150	ltpFR	16	15	-1	COP	376	5	-1	n/a	n/a	n/a	n/a	n/a
5054952	RECOG_LURE	n/a	LTP150	ltpFR	16	15	n/a	THERMOMETER	1453	5	n/a	n/a	n/a	n/a	n/a	n/a
5055602	RECOG_RESP	n/a	LTP150	ltpFR	16	15	n/a	THERMOMETER	1453	n/a	n/a	n/a	n/a	n/a	n/a	n/a
5056376	RECOG_CONF	n/a	LTP150	ltpFR	16	15	n/a	THERMOMETER	1453	5	n/a	n/a	n/a	n/a	n/a	n/a
5057631	RECOG_TARGET	n/a	LTP150	ltpFR	16	15	1	NECKLACE	940	5	0	n/a	n/a	n/a	n/a	n/a
5058311	RECOG_RESP	n/a	LTP150	ltpFR	16	15	1	NECKLACE	940	n/a	0	n/a	n/a	n/a	n/a	n/a
5059199	RECOG_CONF	n/a	LTP150	ltpFR	16	15	1	NECKLACE	940	5	0	n/a	n/a	n/a	n/a	n/a
5060545	RECOG_LURE	n/a	LTP150	ltpFR	16	15	n/a	HOSE	720	5	n/a	n/a	n/a	n/a	n/a	n/a
5061230	RECOG_RESP	n/a	LTP150	ltpFR	16	15	n/a	HOSE	720	n/a	n/a	n/a	n/a	n/a	n/a	n/a
5062043	RECOG_CONF	n/a	LTP150	ltpFR	16	15	n/a	HOSE	720	5	n/a	n/a	n/a	n/a	n/a	n/a
5063383	RECOG_TARGET	n/a	LTP150	ltpFR	16	15	1	ORCHID	982	5	1	n/a	n/a	n/a	n/a	n/a
5064003	RECOG_RESP	n/a	LTP150	ltpFR	16	15	1	ORCHID	982	n/a	1	n/a	n/a	n/a	n/a	n/a
5064916	RECOG_CONF	n/a	LTP150	ltpFR	16	15	1	ORCHID	982	5	1	n/a	n/a	n/a	n/a	n/a
5066355	RECOG_TARGET	n/a	LTP150	ltpFR	16	15	1	VILLAGE	1566	5	0	n/a	n/a	n/a	n/a	n/a
5066972	RECOG_RESP	n/a	LTP150	ltpFR	16	15	1	VILLAGE	1566	n/a	0	n/a	n/a	n/a	n/a	n/a
5067880	RECOG_CONF	n/a	LTP150	ltpFR	16	15	1	VILLAGE	1566	5	0	n/a	n/a	n/a	n/a	n/a
5069251	RECOG_LURE	n/a	LTP150	ltpFR	16	15	n/a	HANDKERCHIEF	686	5	n/a	n/a	n/a	n/a	n/a	n/a
5069970	RECOG_RESP	n/a	LTP150	ltpFR	16	15	n/a	HANDKERCHIEF	686	n/a	n/a	n/a	n/a	n/a	n/a	n/a
5070793	RECOG_CONF	n/a	LTP150	ltpFR	16	15	n/a	HANDKERCHIEF	686	5	n/a	n/a	n/a	n/a	n/a	n/a
5072173	RECOG_LURE	n/a	LTP150	ltpFR	16	15	n/a	CLIFF	322	3	n/a	n/a	n/a	n/a	n/a	n/a
5072863	RECOG_RESP	n/a	LTP150	ltpFR	16	15	n/a	CLIFF	322	n/a	n/a	n/a	n/a	n/a	n/a	n/a
5073646	RECOG_CONF	n/a	LTP150	ltpFR	16	15	n/a	CLIFF	322	3	n/a	n/a	n/a	n/a	n/a	n/a
5074962	RECOG_LURE	n/a	LTP150	ltpFR	16	15	n/a	PRINTER	1126	5	n/a	n/a	n/a	n/a	n/a	n/a
5075717	RECOG_RESP	n/a	LTP150	ltpFR	16	15	n/a	PRINTER	1126	n/a	n/a	n/a	n/a	n/a	n/a	n/a
5076500	RECOG_CONF	n/a	LTP150	ltpFR	16	15	n/a	PRINTER	1126	5	n/a	n/a	n/a	n/a	n/a	n/a
5077834	RECOG_TARGET	n/a	LTP150	ltpFR	16	15	1	SERVER	1272	5	1	n/a	n/a	n/a	n/a	n/a
5078490	RECOG_RESP	n/a	LTP150	ltpFR	16	15	1	SERVER	1272	n/a	1	n/a	n/a	n/a	n/a	n/a
5079333	RECOG_CONF	n/a	LTP150	ltpFR	16	15	1	SERVER	1272	5	1	n/a	n/a	n/a	n/a	n/a
5080646	RECOG_TARGET	n/a	LTP150	ltpFR	16	15	-1	PIN	1072	5	-1	n/a	n/a	n/a	n/a	n/a
5081309	RECOG_RESP	n/a	LTP150	ltpFR	16	15	-1	PIN	1072	n/a	-1	n/a	n/a	n/a	n/a	n/a
5082237	RECOG_CONF	n/a	LTP150	ltpFR	16	15	-1	PIN	1072	5	-1	n/a	n/a	n/a	n/a	n/a
5083676	RECOG_LURE	n/a	LTP150	ltpFR	16	15	n/a	TRIBE	1505	3	n/a	n/a	n/a	n/a	n/a	n/a
5084352	RECOG_RESP	n/a	LTP150	ltpFR	16	15	n/a	TRIBE	1505	n/a	n/a	n/a	n/a	n/a	n/a	n/a
5085260	RECOG_CONF	n/a	LTP150	ltpFR	16	15	n/a	TRIBE	1505	3	n/a	n/a	n/a	n/a	n/a	n/a
5086639	RECOG_TARGET	n/a	LTP150	ltpFR	16	15	0	SCARF	1246	5	1	n/a	n/a	n/a	n/a	n/a
5087330	RECOG_RESP	n/a	LTP150	ltpFR	16	15	0	SCARF	1246	n/a	1	n/a	n/a	n/a	n/a	n/a
5088173	RECOG_CONF	n/a	LTP150	ltpFR	16	15	0	SCARF	1246	5	1	n/a	n/a	n/a	n/a	n/a
5089420	RECOG_TARGET	n/a	LTP150	ltpFR	16	15	1	PITCHFORK	1078	5	0	n/a	n/a	n/a	n/a	n/a
5090224	RECOG_RESP	n/a	LTP150	ltpFR	16	15	1	PITCHFORK	1078	n/a	0	n/a	n/a	n/a	n/a	n/a
5091087	RECOG_CONF	n/a	LTP150	ltpFR	16	15	1	PITCHFORK	1078	5	0	n/a	n/a	n/a	n/a	n/a
5092433	RECOG_TARGET	n/a	LTP150	ltpFR	16	15	-1	SUBWAY	1400	5	-1	n/a	n/a	n/a	n/a	n/a
5093052	RECOG_RESP	n/a	LTP150	ltpFR	16	15	-1	SUBWAY	1400	n/a	-1	n/a	n/a	n/a	n/a	n/a
5093950	RECOG_CONF	n/a	LTP150	ltpFR	16	15	-1	SUBWAY	1400	5	-1	n/a	n/a	n/a	n/a	n/a
5095329	RECOG_TARGET	n/a	LTP150	ltpFR	16	15	1	AMBULANCE	19	5	0	n/a	n/a	n/a	n/a	n/a
5095911	RECOG_RESP	n/a	LTP150	ltpFR	16	15	1	AMBULANCE	19	n/a	0	n/a	n/a	n/a	n/a	n/a
5096864	RECOG_CONF	n/a	LTP150	ltpFR	16	15	1	AMBULANCE	19	5	0	n/a	n/a	n/a	n/a	n/a
5099791	REC_START	n/a	LTP150	ltpFR	16	16	n/a	n/a	n/a	n/a	n/a	n/a	n/a	n/a	n/a	n/a
5099817	RECOG_LURE	n/a	LTP150	ltpFR	16	16	n/a	DAD	433	5	n/a	n/a	n/a	n/a	n/a	n/a
5100379	RECOG_RESP	n/a	LTP150	ltpFR	16	16	n/a	DAD	433	n/a	n/a	n/a	n/a	n/a	n/a	n/a
5101183	RECOG_CONF	n/a	LTP150	ltpFR	16	16	n/a	DAD	433	5	n/a	n/a	n/a	n/a	n/a	n/a
5102646	RECOG_LURE	n/a	LTP150	ltpFR	16	16	n/a	BRUISE	180	5	n/a	n/a	n/a	n/a	n/a	n/a
5103318	RECOG_RESP	n/a	LTP150	ltpFR	16	16	n/a	BRUISE	180	n/a	n/a	n/a	n/a	n/a	n/a	n/a
5104136	RECOG_CONF	n/a	LTP150	ltpFR	16	16	n/a	BRUISE	180	5	n/a	n/a	n/a	n/a	n/a	n/a
5105401	RECOG_TARGET	n/a	LTP150	ltpFR	16	16	-1	HELICOPTER	701	5	-1	n/a	n/a	n/a	n/a	n/a
5105952	RECOG_RESP	n/a	LTP150	ltpFR	16	16	-1	HELICOPTER	701	n/a	-1	n/a	n/a	n/a	n/a	n/a
5106810	RECOG_CONF	n/a	LTP150	ltpFR	16	16	-1	HELICOPTER	701	5	-1	n/a	n/a	n/a	n/a	n/a
5108156	RECOG_TARGET	n/a	LTP150	ltpFR	16	16	-1	KNIGHT	786	5	-1	n/a	n/a	n/a	n/a	n/a
5108711	RECOG_RESP	n/a	LTP150	ltpFR	16	16	-1	KNIGHT	786	n/a	-1	n/a	n/a	n/a	n/a	n/a
5109605	RECOG_CONF	n/a	LTP150	ltpFR	16	16	-1	KNIGHT	786	5	-1	n/a	n/a	n/a	n/a	n/a
5110971	RECOG_TARGET	n/a	LTP150	ltpFR	16	16	1	PUCK	1138	5	0	n/a	n/a	n/a	n/a	n/a
5111579	RECOG_RESP	n/a	LTP150	ltpFR	16	16	1	PUCK	1138	n/a	0	n/a	n/a	n/a	n/a	n/a
5112497	RECOG_CONF	n/a	LTP150	ltpFR	16	16	1	PUCK	1138	5	0	n/a	n/a	n/a	n/a	n/a
5113767	RECOG_TARGET	n/a	LTP150	ltpFR	16	16	0	BRAKE	166	5	0	n/a	n/a	n/a	n/a	n/a
5114298	RECOG_RESP	n/a	LTP150	ltpFR	16	16	0	BRAKE	166	n/a	0	n/a	n/a	n/a	n/a	n/a
5115201	RECOG_CONF	n/a	LTP150	ltpFR	16	16	0	BRAKE	166	5	0	n/a	n/a	n/a	n/a	n/a
5116596	RECOG_TARGET	n/a	LTP150	ltpFR	16	16	1	RABBIT	1152	5	1	n/a	n/a	n/a	n/a	n/a
5117091	RECOG_RESP	n/a	LTP150	ltpFR	16	16	1	RABBIT	1152	n/a	1	n/a	n/a	n/a	n/a	n/a
5118074	RECOG_CONF	n/a	LTP150	ltpFR	16	16	1	RABBIT	1152	5	1	n/a	n/a	n/a	n/a	n/a
5119476	RECOG_TARGET	n/a	LTP150	ltpFR	16	16	1	LITTER	832	5	0	n/a	n/a	n/a	n/a	n/a
5119990	RECOG_RESP	n/a	LTP150	ltpFR	16	16	1	LITTER	832	n/a	0	n/a	n/a	n/a	n/a	n/a
5120938	RECOG_CONF	n/a	LTP150	ltpFR	16	16	1	LITTER	832	5	0	n/a	n/a	n/a	n/a	n/a
5122323	RECOG_TARGET	n/a	LTP150	ltpFR	16	16	0	BROTHER	179	1	1	n/a	n/a	n/a	n/a	n/a
5122938	RECOG_RESP	n/a	LTP150	ltpFR	16	16	0	BROTHER	179	n/a	1	n/a	n/a	n/a	n/a	n/a
5124669	RECOG_CONF	n/a	LTP150	ltpFR	16	16	0	BROTHER	179	1	1	n/a	n/a	n/a	n/a	n/a
5126044	RECOG_TARGET	n/a	LTP150	ltpFR	16	16	1	SHELF	1280	5	0	n/a	n/a	n/a	n/a	n/a
5126779	RECOG_RESP	n/a	LTP150	ltpFR	16	16	1	SHELF	1280	n/a	0	n/a	n/a	n/a	n/a	n/a
5127682	RECOG_CONF	n/a	LTP150	ltpFR	16	16	1	SHELF	1280	5	0	n/a	n/a	n/a	n/a	n/a
5128991	RECOG_LURE	n/a	LTP150	ltpFR	16	16	n/a	VINEGAR	1569	5	n/a	n/a	n/a	n/a	n/a	n/a
5129653	RECOG_RESP	n/a	LTP150	ltpFR	16	16	n/a	VINEGAR	1569	n/a	n/a	n/a	n/a	n/a	n/a	n/a
5130486	RECOG_CONF	n/a	LTP150	ltpFR	16	16	n/a	VINEGAR	1569	5	n/a	n/a	n/a	n/a	n/a	n/a
5131896	RECOG_TARGET	n/a	LTP150	ltpFR	16	16	-1	SWAMP	1416	5	-1	n/a	n/a	n/a	n/a	n/a
5132467	RECOG_RESP	n/a	LTP150	ltpFR	16	16	-1	SWAMP	1416	n/a	-1	n/a	n/a	n/a	n/a	n/a
5133350	RECOG_CONF	n/a	LTP150	ltpFR	16	16	-1	SWAMP	1416	5	-1	n/a	n/a	n/a	n/a	n/a
5134709	RECOG_TARGET	n/a	LTP150	ltpFR	16	16	0	ANCESTOR	20	5	1	n/a	n/a	n/a	n/a	n/a
5135325	RECOG_RESP	n/a	LTP150	ltpFR	16	16	0	ANCESTOR	20	n/a	1	n/a	n/a	n/a	n/a	n/a
5136163	RECOG_CONF	n/a	LTP150	ltpFR	16	16	0	ANCESTOR	20	5	1	n/a	n/a	n/a	n/a	n/a
5137555	RECOG_TARGET	n/a	LTP150	ltpFR	16	16	-1	CHEEK	287	5	-1	n/a	n/a	n/a	n/a	n/a
5138273	RECOG_RESP	n/a	LTP150	ltpFR	16	16	-1	CHEEK	287	n/a	-1	n/a	n/a	n/a	n/a	n/a
5139116	RECOG_CONF	n/a	LTP150	ltpFR	16	16	-1	CHEEK	287	5	-1	n/a	n/a	n/a	n/a	n/a
5140485	RECOG_LURE	n/a	LTP150	ltpFR	16	16	n/a	CAB	209	5	n/a	n/a	n/a	n/a	n/a	n/a
5141087	RECOG_RESP	n/a	LTP150	ltpFR	16	16	n/a	CAB	209	n/a	n/a	n/a	n/a	n/a	n/a	n/a
5141920	RECOG_CONF	n/a	LTP150	ltpFR	16	16	n/a	CAB	209	5	n/a	n/a	n/a	n/a	n/a	n/a
5143216	RECOG_TARGET	n/a	LTP150	ltpFR	16	16	-1	LIST	830	5	-1	n/a	n/a	n/a	n/a	n/a
5143866	RECOG_RESP	n/a	LTP150	ltpFR	16	16	-1	LIST	830	n/a	-1	n/a	n/a	n/a	n/a	n/a
5144764	RECOG_CONF	n/a	LTP150	ltpFR	16	16	-1	LIST	830	5	-1	n/a	n/a	n/a	n/a	n/a
5146137	RECOG_TARGET	n/a	LTP150	ltpFR	16	16	0	SLIDE	1326	5	0	n/a	n/a	n/a	n/a	n/a
5146664	RECOG_RESP	n/a	LTP150	ltpFR	16	16	0	SLIDE	1326	n/a	0	n/a	n/a	n/a	n/a	n/a
5147567	RECOG_CONF	n/a	LTP150	ltpFR	16	16	0	SLIDE	1326	5	0	n/a	n/a	n/a	n/a	n/a
5148835	RECOG_TARGET	n/a	LTP150	ltpFR	16	16	0	CROW	414	5	0	n/a	n/a	n/a	n/a	n/a
5149493	RECOG_RESP	n/a	LTP150	ltpFR	16	16	0	CROW	414	n/a	0	n/a	n/a	n/a	n/a	n/a
5150401	RECOG_CONF	n/a	LTP150	ltpFR	16	16	0	CROW	414	5	0	n/a	n/a	n/a	n/a	n/a
5151747	RECOG_LURE	n/a	LTP150	ltpFR	16	16	n/a	TRACTOR	1493	5	n/a	n/a	n/a	n/a	n/a	n/a
5152336	RECOG_RESP	n/a	LTP150	ltpFR	16	16	n/a	TRACTOR	1493	n/a	n/a	n/a	n/a	n/a	n/a	n/a
5153204	RECOG_CONF	n/a	LTP150	ltpFR	16	16	n/a	TRACTOR	1493	5	n/a	n/a	n/a	n/a	n/a	n/a
5154602	RECOG_LURE	n/a	LTP150	ltpFR	16	16	n/a	OAR	966	5	n/a	n/a	n/a	n/a	n/a	n/a
5155220	RECOG_RESP	n/a	LTP150	ltpFR	16	16	n/a	OAR	966	n/a	n/a	n/a	n/a	n/a	n/a	n/a
5156098	RECOG_CONF	n/a	LTP150	ltpFR	16	16	n/a	OAR	966	5	n/a	n/a	n/a	n/a	n/a	n/a
5158734	SESS_END	n/a	LTP150	ltpFR	16	16	n/a	n/a	n/a	n/a	n/a	n/a	n/a	n/a	n/a	n/a
